Instance	6	6
Horizon     6
Period	0	6	6	
Period	1	6	6	
Period	2	6	6	
Period	3	6	6	
Period	4	6	6	
Period	5	6	6	
Contract	0	6.6	31	5000	7200	0	1200	
Contract	0	7.4	33	4000	9000	102	1500	
Contract	0	87.5342466	6.017	15300	18000	0	3000	
Contract	0	64.3835616	6.893	15300	18000	0	3000	
Contract	0	50.9589042	8.035	10000	18000	0	3000	
Contract	0	35.7534246	10.114	0	15000	0	3000	
Contract	0	175.0684932	6.017	30600	36000	0	6000	
Contract	0	128.7671232	6.893	30600	36000	0	6000	
Contract	0	101.9178082	8.035	20000	36000	0	6000	
Contract	0	71.5068494	10.114	0	30000	0	6000	
Contract	0	262.6027398	6.017	45900	54000	0	9000	
Contract	0	193.150685	6.893	45900	54000	0	9000	
Contract	0	152.8767124	8.035	30000	54000	0	9000	
Contract	0	107.260274	10.114	0	45000	0	9000	
Contract	0	350.1369864	6.017	61200	72000	0	12000	
Contract	0	257.5342466	6.893	61200	72000	0	12000	
Contract	0	203.8356164	8.035	40000	72000	0	12000	
Contract	0	143.0136986	10.114	0	60000	0	12000	
Contract	0	6.6	31	5000	7200	0	1200	
Contract	0	7.4	33	4000	9000	102	1500	
Contract	1	87.5342466	6.017	15300	18000	0	3000	
Contract	1	64.3835616	6.893	15300	18000	0	3000	
Contract	1	50.9589042	8.035	10000	18000	0	3000	
Contract	1	35.7534246	10.114	0	15000	0	3000	
Contract	1	175.0684932	6.017	30600	36000	0	6000	
Contract	1	128.7671232	6.893	30600	36000	0	6000	
Contract	1	101.9178082	8.035	20000	36000	0	6000	
Contract	1	71.5068494	10.114	0	30000	0	6000	
Contract	1	262.6027398	6.017	45900	54000	0	9000	
Contract	1	193.150685	6.893	45900	54000	0	9000	
Contract	1	152.8767124	8.035	30000	54000	0	9000	
Contract	1	107.260274	10.114	0	45000	0	9000	
Contract	1	350.1369864	6.017	61200	72000	0	12000	
Contract	1	257.5342466	6.893	61200	72000	0	12000	
Contract	1	203.8356164	8.035	40000	72000	0	12000	
Contract	1	143.0136986	10.114	0	60000	0	12000	
Contract	1	6.6	31	5000	7200	0	1200	
Contract	1	7.4	33	4000	9000	102	1500	
Contract	1	87.5342466	6.017	15300	18000	0	3000	
Contract	1	64.3835616	6.893	15300	18000	0	3000	
Contract	2	50.9589042	8.035	10000	18000	0	3000	
Contract	2	35.7534246	10.114	0	15000	0	3000	
Contract	2	175.0684932	6.017	30600	36000	0	6000	
Contract	2	128.7671232	6.893	30600	36000	0	6000	
Contract	2	101.9178082	8.035	20000	36000	0	6000	
Contract	2	71.5068494	10.114	0	30000	0	6000	
Contract	2	262.6027398	6.017	45900	54000	0	9000	
Contract	2	193.150685	6.893	45900	54000	0	9000	
Contract	2	152.8767124	8.035	30000	54000	0	9000	
Contract	2	107.260274	10.114	0	45000	0	9000	
Contract	2	350.1369864	6.017	61200	72000	0	12000	
Contract	2	257.5342466	6.893	61200	72000	0	12000	
Contract	2	203.8356164	8.035	40000	72000	0	12000	
Contract	2	143.0136986	10.114	0	60000	0	12000	
Contract	2	6.6	31	5000	7200	0	1200	
Contract	2	7.4	33	4000	9000	102	1500	
Contract	2	87.5342466	6.017	15300	18000	0	3000	
Contract	2	64.3835616	6.893	15300	18000	0	3000	
Contract	2	50.9589042	8.035	10000	18000	0	3000	
Contract	2	35.7534246	10.114	0	15000	0	3000	
Contract	3	175.0684932	6.017	30600	36000	0	6000	
Contract	3	128.7671232	6.893	30600	36000	0	6000	
Contract	3	101.9178082	8.035	20000	36000	0	6000	
Contract	3	71.5068494	10.114	0	30000	0	6000	
Contract	3	262.6027398	6.017	45900	54000	0	9000	
Contract	3	193.150685	6.893	45900	54000	0	9000	
Contract	3	152.8767124	8.035	30000	54000	0	9000	
Contract	3	107.260274	10.114	0	45000	0	9000	
Contract	3	350.1369864	6.017	61200	72000	0	12000	
Contract	3	257.5342466	6.893	61200	72000	0	12000	
Contract	3	203.8356164	8.035	40000	72000	0	12000	
Contract	3	143.0136986	10.114	0	60000	0	12000	
Contract	3	6.6	31	5000	7200	0	1200	
Contract	3	7.4	33	4000	9000	102	1500	
Contract	3	87.5342466	6.017	15300	18000	0	3000	
Contract	3	64.3835616	6.893	15300	18000	0	3000	
Contract	3	50.9589042	8.035	10000	18000	0	3000	
Contract	3	35.7534246	10.114	0	15000	0	3000	
Contract	3	175.0684932	6.017	30600	36000	0	6000	
Contract	3	128.7671232	6.893	30600	36000	0	6000	
Contract	4	101.9178082	8.035	20000	36000	0	6000	
Contract	4	71.5068494	10.114	0	30000	0	6000	
Contract	4	262.6027398	6.017	45900	54000	0	9000	
Contract	4	193.150685	6.893	45900	54000	0	9000	
Contract	4	152.8767124	8.035	30000	54000	0	9000	
Contract	4	107.260274	10.114	0	45000	0	9000	
Contract	4	350.1369864	6.017	61200	72000	0	12000	
Contract	4	257.5342466	6.893	61200	72000	0	12000	
Contract	4	203.8356164	8.035	40000	72000	0	12000	
Contract	4	143.0136986	10.114	0	60000	0	12000	
Contract	4	7.4	41	1000	7000	0	1500	
Contract	4	8.2	44	7000	10800	0	1800	
Contract	4	8.2	43	5000	10800	300	1800	
Contract	4	25	44	7000	12000	696	3600	
Contract	4	87.5342466	7.396	15300	18000	0	3000	
Contract	4	64.3835616	10.774	15300	18000	0	3000	
Contract	4	50.9589042	14.692	10000	18000	0	3000	
Contract	4	35.7534246	22.112	0	15000	0	3000	
Contract	4	175.0684932	7.396	30600	36000	0	6000	
Contract	4	128.7671232	10.774	30600	36000	0	6000	
Contract	5	101.9178082	14.692	20000	36000	0	6000	
Contract	5	71.5068494	22.112	0	30000	0	6000	
Contract	5	262.6027398	7.396	45900	54000	0	9000	
Contract	5	193.150685	10.774	45900	54000	0	9000	
Contract	5	152.8767124	14.692	30000	54000	0	9000	
Contract	5	107.260274	22.112	0	45000	0	9000	
Contract	5	350.1369864	7.396	61200	72000	0	12000	
Contract	5	257.5342466	10.774	61200	72000	0	12000	
Contract	5	203.8356164	14.692	40000	72000	0	12000	
Contract	5	143.0136986	22.112	0	60000	0	12000	
Contract	5	7.4	41	1000	7000	0	1500	
Contract	5	8.2	44	7000	10800	0	1800	
Contract	5	8.2	43	5000	10800	300	1800	
Contract	5	25	44	7000	12000	696	3600	
Contract	5	87.5342466	7.396	15300	18000	0	3000	
Contract	5	64.3835616	10.774	15300	18000	0	3000	
Contract	5	50.9589042	14.692	10000	18000	0	3000	
Contract	5	35.7534246	22.112	0	15000	0	3000	
Contract	5	175.0684932	7.396	30600	36000	0	6000	
Contract	5	128.7671232	10.774	30600	36000	0	6000	
DrivableS	DS0	0
P	-2280	-2280	-2280	-2280	-2280	-2280	
Pmin	0	0	0	0	0	-6000	
Pmax	-6000	0	0	0	0	-15000	
DrivableS	DS1	6
P	2667	2667	2667	2667	2667	2667	
Pmin	0	0	0	0	0	0	
Pmax	2667	2667	2667	2667	2667	2667	
NDrivableS	NDS0	0																							
P	-80289	-72516	-73166	-78921	-80295	-80862
Storage	STOR0	0.6	0	36480	10000	0	1280	1280																	
UNDS	UNDS0	0																							
Pmin	6800	500	5300	9500	11400	11400
Pmax	17400	30600	20100	36700	37300	33700
Pdt_min	1100	0	800	1500	1900	1900
Pdt_max	4200	6400	6700	7700	8300	7100
UNDS	UNDS1	0
Pmin	-22805.13622	-27739.65778	-20889.5634	-21523.12542	-21905.9726	-22728.7646
Pmax	-19473.324758	-18915.493264	-16520.582642	-18927.790322	-19386.130404	-19781.120858
Pdt_min	-4084.320876	-5375.492472	-3808.949344	-3788.281594	-3814.186	-3977.632236
Pdt_max	-2973.717056	-2434.104298	-2352.622422	-2923.169898	-2974.2386	-2995.084326
NBScenarios 100
SCENARIO 0
UNDS0
Period   0 2051.43  2514.17  2763.99  3545.14  2364.4  3473.59  
Period   1 2432.13  6186.71  5771.43  2196.43  5993.92  3431.31  
Period   2 4061.91  6528.06  5367.46  2452.33  835.588  825.62  
Period   3 1741.12  6453.74  5509.53  7188.18  2718.61  5955.05  
Period   4 5761.64  4608.36  2946.76  5229.13  6254.4  4893.16  
Period   5 6156.89  6642.73  5510.64  7081.97  5947.94  2284.49  
UNDS1
Period   0 -3210.6  -3256.76  -3292.11  -3960.67  -3181.52  -3708.86  
Period   1 -2482.3  -3602.91  -4560.59  -2574.59  -2894.69  -3435.55  
Period   2 -3019.84  -3581.9  -2753.03  -3695.34  -2455.36  -2584.61  
Period   3 -3751.77  -3356.85  -3201.13  -3312.31  -3758.35  -3483.96  
Period   4 -3773.44  -3646.66  -3550.96  -3385.7  -3138.66  -3260.11  
Period   5 -3555.31  -3386.57  -3051.82  -3538.07  -3905.69  -3688.65  
SCENARIO 1
UNDS0
Period   0 1941.88  1158.49  1513.56  3131.34  2245.15  1654.17  
Period   1 1861.99  6337.79  222.693  4786.78  5719.16  2810.91  
Period   2 2515.89  4158.96  5854.72  2661.45  3334.73  1112  
Period   3 4916.19  7103.71  5392.11  5129.14  7651.88  6124.3  
Period   4 6649.18  2642.82  6674.41  5664.51  3876.42  2106.19  
Period   5 4856.89  5728.36  6191.49  2766.08  4610.46  5025.69  
UNDS1
Period   0 -3009.46  -3697.77  -3168.18  -4041.11  -3006.27  -4019.28  
Period   1 -4539.14  -4444.54  -3164.2  -4807.53  -5107.91  -2636.38  
Period   2 -2470.38  -2617.04  -3438.86  -3530.85  -2930.05  -2651.45  
Period   3 -3229.73  -3282.29  -3212.23  -3404.46  -3760.93  -3119.75  
Period   4 -3117.04  -3303.97  -3375.89  -3221.42  -3785.28  -3121.41  
Period   5 -3008.23  -3744.42  -3966.58  -3638.06  -3484.97  -3193.48  
SCENARIO 2
UNDS0
Period   0 3190.45  2403.48  2220.5  2289.78  2074.64  1385.64  
Period   1 1436.06  4736.65  3683.87  1222.76  3815.81  6075.4  
Period   2 1077.97  4270  3103.31  5740.56  4369.81  1362.68  
Period   3 2836.31  2837.32  6336.55  4761.98  3463.44  2067.81  
Period   4 4323.44  4276.88  4473.18  6328.45  6927.08  6231.72  
Period   5 3136.61  2216.94  2259.58  3706.2  5991.77  2413.94  
UNDS1
Period   0 -3467.23  -3062.45  -3194.81  -3022.54  -3821.32  -3662.98  
Period   1 -3248.09  -3136.2  -3316.63  -2998.95  -4987.9  -4869.95  
Period   2 -2504.14  -2617.42  -2451.25  -3613.56  -3733.94  -3186.13  
Period   3 -3343.67  -3530.71  -3437.11  -2950.89  -3414.62  -3613.55  
Period   4 -3541.37  -3601.59  -3092.18  -3472.69  -3766.43  -3215.93  
Period   5 -3829.79  -3292.39  -3831.9  -3371.59  -3594.04  -3822.64  
SCENARIO 3
UNDS0
Period   0 3828.68  2523.98  2945.81  1112.59  4069.43  2064.07  
Period   1 69.0554  1091.12  4888.09  4054.7  5221.66  3936.85  
Period   2 3905.52  6642.56  1019.74  843.857  4358.71  883.252  
Period   3 2077.43  2822.31  1924.88  5616.17  4744.96  2069.58  
Period   4 7612.78  4604.49  8216.16  6496.02  6986.24  2474.6  
Period   5 3331.3  5151.87  5474.93  1988.04  3443.67  3678.31  
UNDS1
Period   0 -3634.86  -3624.12  -3567.41  -3410.63  -3973.61  -3394.89  
Period   1 -2614.89  -2592.36  -3861.58  -4603.83  -5278.37  -2542.95  
Period   2 -2487.8  -2939.6  -2632.52  -2571.73  -2467.07  -3551.16  
Period   3 -3075.34  -3740.9  -3341.72  -3326.53  -3196.56  -3373.48  
Period   4 -3671.56  -3722  -3349.08  -3067.7  -3074.72  -3514.23  
Period   5 -3442.32  -3807.71  -3310.89  -3298.8  -3689.4  -3841.54  
SCENARIO 4
UNDS0
Period   0 3513.46  3897.91  3125.08  3722.97  1162.28  1518.73  
Period   1 1267.93  5930.22  2084.5  5514.76  5146.5  3942.48  
Period   2 2105.28  6341.87  3476.95  6090.1  975.641  836.108  
Period   3 3627.45  4248.1  2010.09  1778.03  3076.41  7609.76  
Period   4 7534.98  7273.95  2823.04  5103.97  5317.7  2799.69  
Period   5 6620.32  5128.14  5607.62  4775.53  2445.2  4757.1  
UNDS1
Period   0 -3537.42  -3301.05  -3363.09  -3303.3  -3065.37  -3357.58  
Period   1 -4649.19  -3206.71  -3408.63  -2988.35  -2912.83  -4274.59  
Period   2 -3015.69  -3404.92  -3544.99  -2438.19  -2964.27  -2367.92  
Period   3 -3475.64  -3522.83  -3086.03  -3057.21  -3176.85  -3303.69  
Period   4 -3366.84  -3304.08  -3360.79  -3153.08  -3093.72  -3157.17  
Period   5 -3903.82  -3879.21  -3353.56  -3730.1  -3042.72  -3607.89  
SCENARIO 5
UNDS0
Period   0 1284.63  1979.6  4104.52  3279.73  3700.84  1880.97  
Period   1 5861.26  299.726  5088.78  2573.42  2073.14  3456.62  
Period   2 3953.25  5547.98  5499.18  2300.73  1427.48  1069.82  
Period   3 3497.05  4322.66  7687.85  7667.13  2716.61  7391.23  
Period   4 7296.81  6085.83  7989.61  3546.1  3825.83  3294.37  
Period   5 2463.56  3718.15  5787.54  5201.14  2994.9  3319.59  
UNDS1
Period   0 -3890.81  -3270.38  -3928.25  -3513.96  -3004.21  -3209.91  
Period   1 -5148.66  -3165.4  -3227.48  -4148.53  -3973.19  -2528.8  
Period   2 -3527.6  -3737.81  -3584.76  -2747.65  -3478.13  -3065.23  
Period   3 -3523.35  -3285.21  -3473.62  -3138.16  -3336.88  -3447.31  
Period   4 -3798.74  -3498.14  -3177.55  -3569.6  -3527.91  -3794.85  
Period   5 -3324.05  -3887.61  -3166.14  -3246.28  -3623.32  -3342.05  
SCENARIO 6
UNDS0
Period   0 4117.52  2121.74  3091.85  2079.75  1570.6  3618.3  
Period   1 1981.88  6207.89  4349.26  2095.6  2584.57  3537.38  
Period   2 4727.43  996.688  1686.21  4174.04  4824.46  1320.64  
Period   3 3696.31  6273.46  3235.25  3667.22  1531.11  1629.86  
Period   4 3414.29  4474.7  5814.26  3860.1  7477.43  2242.04  
Period   5 4259.86  5766.68  6540.93  4999.92  3540.53  3792.11  
UNDS1
Period   0 -3599.4  -3076.03  -3261.76  -3251.16  -3296.99  -3414.49  
Period   1 -4508.98  -2907.52  -3011.79  -5015.77  -3501.92  -4780.89  
Period   2 -3101.5  -3542.93  -2556.97  -2486.14  -3555.39  -3409.44  
Period   3 -3715.07  -3084.48  -3747.32  -3699.04  -3569.49  -3425.3  
Period   4 -3661.45  -3405.76  -3625.85  -3660.97  -3410.9  -3381.17  
Period   5 -3769.29  -3010.26  -3276.62  -3728.4  -3583.04  -3571.38  
SCENARIO 7
UNDS0
Period   0 2491.3  3703.75  2364.58  1603.15  2744.16  1878.54  
Period   1 745.788  2502.77  3289.65  791.903  6253.89  202.247  
Period   2 1305.26  1615.15  4723.75  4028.15  6401.93  1054.22  
Period   3 6467.37  4779.19  6880.11  7296.76  5666.44  3243.74  
Period   4 5429.12  6297.26  6976.25  1942.05  8035.95  1941.42  
Period   5 4677.29  1953.62  5955.52  2461.36  4775.19  2615.36  
UNDS1
Period   0 -3954.39  -3937.15  -3830.2  -3132.51  -3153.92  -3859.2  
Period   1 -4725.51  -2840.07  -4408.97  -5231.09  -2750.11  -2888.73  
Period   2 -3372.82  -3797.74  -2548.14  -2969.53  -3053.43  -2775.97  
Period   3 -3207.57  -2952.79  -2924.81  -3654.6  -3149.1  -3741.89  
Period   4 -3457.93  -3691.77  -3392.16  -3693.69  -3783.29  -3211.36  
Period   5 -3203.12  -3438.69  -3485.95  -3675.75  -3048.48  -3278.59  
SCENARIO 8
UNDS0
Period   0 2055.21  2668.41  2625.16  1106.06  1486.11  2812.94  
Period   1 3471.08  1477.14  3722.23  2463.43  3502.95  2263.02  
Period   2 1281.85  4468.68  5508.71  4098.12  3635.66  858.402  
Period   3 6472.45  6685.12  7465.9  2179.66  3704.78  1774.92  
Period   4 5634.64  6459.12  5209.49  3912.1  3518.11  6605.39  
Period   5 2021.42  3841.29  4805.73  5115.74  6915.83  3272.37  
UNDS1
Period   0 -3567.66  -3974.49  -3889.88  -3759.74  -3797.76  -3095.06  
Period   1 -3197.03  -3207.16  -3227.64  -2563.66  -2533.06  -4432.8  
Period   2 -2456.09  -2386.14  -3018.93  -3048.37  -2487.68  -3267.3  
Period   3 -3394.89  -3583.95  -3515.42  -2981.3  -3148.81  -3654.08  
Period   4 -3380.72  -3729.49  -3656.01  -3089.06  -3424.89  -3409.9  
Period   5 -3293.35  -3812.67  -3535.97  -3433.05  -3716.83  -3783.79  
SCENARIO 9
UNDS0
Period   0 1692.15  3531.52  3533.96  2747.45  1683.96  3786.33  
Period   1 1945.97  787.87  5439.96  1943.81  3066.27  367.873  
Period   2 1033.84  4299.04  3842.78  4545.5  1134.33  1931.94  
Period   3 5406.9  4505.42  5014.45  6525  3427.24  2592.28  
Period   4 6927.04  7693.6  1909.8  7070.57  6936.59  6543.4  
Period   5 6204.8  5103.92  3638.64  5687.59  6226.61  3979.1  
UNDS1
Period   0 -3034.24  -3906.15  -3128.98  -3282.85  -3020.44  -4046.4  
Period   1 -2934.96  -3859.45  -4003.33  -2588.44  -5072.57  -3468  
Period   2 -3174.08  -3441.87  -2368.94  -2908.3  -3371.68  -2502.98  
Period   3 -3482.06  -3668.42  -3045.59  -3590.63  -3356.7  -3086.95  
Period   4 -3207.54  -3583.97  -3784.2  -3355.43  -3308.89  -3637.92  
Period   5 -3537.36  -3116.98  -3229.86  -3606.86  -3143.26  -3322.08  
SCENARIO 10
UNDS0
Period   0 3013.8  3170.28  3525.6  4167.42  2094.09  1198.57  
Period   1 678.753  2200.47  3484.12  1417.52  1380.99  4740.75  
Period   2 3442.11  6222.43  2047.07  3158.69  2936.27  802.852  
Period   3 5555.52  5715.49  3899.56  7151.7  2061.36  2022.5  
Period   4 4225.82  6586.31  7449.87  5211.65  5786.95  3228.4  
Period   5 2325.9  6795.3  4083.45  1915.58  3468.34  3528.61  
UNDS1
Period   0 -3879.39  -3541.48  -3784.64  -4015.17  -4056.57  -3299.81  
Period   1 -4655.99  -4830.83  -4674.82  -4936.73  -5107.27  -3152.64  
Period   2 -2643.32  -3384.26  -2765.45  -2426.99  -2838.87  -3279.35  
Period   3 -3588.46  -3513.54  -3757.83  -3706.26  -3097.82  -3431.62  
Period   4 -3072.42  -3259.19  -3646.73  -3135.87  -3110.2  -3343.56  
Period   5 -3209.5  -3025.3  -3278.68  -3304.22  -3584.07  -3612.73  
SCENARIO 11
UNDS0
Period   0 3591.05  2509.59  3970.02  2827.35  1850.4  2011.1  
Period   1 5936.02  1087.06  2294.59  2906.99  4339.18  5540.76  
Period   2 3127  4690.54  4971.58  3140.51  3331.67  838.078  
Period   3 2882.28  2437.35  2925.41  2870.31  7096.76  4990.96  
Period   4 4446.27  7359.72  5605.48  2385.1  2495.06  6692.76  
Period   5 6042.69  3577.84  4105.06  2684.77  6666.93  3705.91  
UNDS1
Period   0 -3466.44  -3941.57  -3538.35  -3911  -3135.05  -3391.52  
Period   1 -2692.96  -3951.54  -3902.07  -4699.04  -3437.69  -3542.16  
Period   2 -3076.56  -2665.5  -3412.04  -2941  -2950.69  -3464.46  
Period   3 -3135.5  -2938.26  -3242.87  -3547.52  -3649.33  -3573.25  
Period   4 -3203.38  -2994.47  -3293.78  -3729.06  -3007.61  -3783.2  
Period   5 -3181.85  -3328.84  -3606.18  -3341.46  -3342.9  -3342.39  
SCENARIO 12
UNDS0
Period   0 2724.02  2491.92  2485.99  1950.6  3899.92  2255.19  
Period   1 3720.19  2272.22  1563.65  3134.47  3372.52  3893.05  
Period   2 1390.37  2805.6  6666.88  4432.57  2848.13  1827.51  
Period   3 4711.05  1986.74  3730.03  6086.38  4071.37  3614.14  
Period   4 3689.22  3302.29  3050.99  4982.11  4949.5  5716.96  
Period   5 5480.68  5938.96  4407.03  3968.68  6057.4  4244.19  
UNDS1
Period   0 -3326.35  -3158.06  -3445.29  -2994.7  -3466.55  -3228.63  
Period   1 -4111.76  -3972.12  -3467.58  -3826.71  -3543.07  -3020.1  
Period   2 -2902.23  -3437.19  -2448.07  -2737.19  -2587.94  -3632.37  
Period   3 -3735.4  -3604.79  -3227.1  -3164.93  -3291.92  -2959.55  
Period   4 -3035.29  -3277.43  -3301.36  -3427.62  -3271.27  -3636.23  
Period   5 -3510.55  -3021.08  -3682.71  -3300.64  -3686.5  -3786.96  
SCENARIO 13
UNDS0
Period   0 1219.4  1622.21  2442.64  2158.16  1966.89  3856.93  
Period   1 504.835  3924.23  1961.87  6294.12  2868.37  4395.26  
Period   2 1393.04  3062.78  6524.17  4523.87  2770.62  1385.87  
Period   3 3250.47  2860.72  7501.22  4711.87  4187.55  2443.47  
Period   4 2511.62  6639.69  7289.5  2817.5  7227.21  2880.68  
Period   5 6841.31  2668.28  5936.57  5864.25  3148.09  4953.96  
UNDS1
Period   0 -3360.68  -3810.91  -3090.52  -3885.1  -3837  -3613.83  
Period   1 -4546.6  -2794.78  -4894.49  -4297.33  -4712.52  -3286.65  
Period   2 -3771.09  -2507.75  -3052.25  -3244.67  -3185.74  -2580.67  
Period   3 -2931.03  -3286.36  -3636.79  -3537.87  -3323.32  -3341.24  
Period   4 -3368.61  -3345.54  -3740.78  -3376.31  -3755.69  -3442.81  
Period   5 -3333.66  -3871.7  -3573.23  -3097.42  -3423.52  -3243.61  
SCENARIO 14
UNDS0
Period   0 2195.18  2450.03  3966.59  1399.95  2661.62  3288.59  
Period   1 4917.57  507.093  1419.69  3812.4  4896.31  5849.11  
Period   2 1514.23  3078.97  5813.78  5127.18  1369.24  2087.81  
Period   3 5162.2  5144.93  3260.67  5405.04  7208.24  3264.62  
Period   4 6992.19  7355.77  5930.35  7245.45  7678.4  1922.95  
Period   5 5304.42  5189.8  6336.92  4933.71  2672.5  4340.05  
UNDS1
Period   0 -3495.7  -3739.62  -3483.27  -4016.2  -4039.41  -3651.19  
Period   1 -4145.12  -5014.2  -4889.82  -5311.25  -3205.2  -3880.32  
Period   2 -3645.23  -3294.35  -2648.26  -3096.87  -3438.41  -3628.66  
Period   3 -3560.11  -3311.5  -2943.82  -3214.65  -3485.16  -3323.52  
Period   4 -3060.36  -3420.64  -3102.38  -3109.82  -3196.29  -3604.28  
Period   5 -3644.13  -3976.03  -3216.67  -3964.24  -3438.46  -3892.57  
SCENARIO 15
UNDS0
Period   0 1873.14  3674.81  1875.94  3589.56  2567.51  1391.64  
Period   1 875.794  3560.14  2440.45  6381.6  5296.81  2576.24  
Period   2 4206.57  1800.07  6239.5  2703.89  4310.06  813.5  
Period   3 2141.87  4394.65  2600  6221.79  6304.85  4870.76  
Period   4 3815.94  7871.66  3317.54  2745.65  2488.87  5121.98  
Period   5 6817.22  2177.54  5836.04  2545  2378.41  2691.59  
UNDS1
Period   0 -3130.94  -3787.79  -3139.7  -3165.62  -3878.76  -3162.96  
Period   1 -4943.49  -4494.94  -4066.01  -3378.58  -4199.47  -3346.19  
Period   2 -2711.28  -3034.65  -2915.87  -3427.85  -2721.43  -3147.4  
Period   3 -3230.79  -3064.54  -3631.73  -3134.02  -2947.42  -3685.47  
Period   4 -3312.46  -3214  -3060.51  -3352.16  -3235.97  -3294.41  
Period   5 -3645.19  -3372.54  -3109.3  -3087.12  -3091.42  -3504.63  
SCENARIO 16
UNDS0
Period   0 3297.26  3460.84  3462.43  4064.79  1189.63  1757.27  
Period   1 1105.63  5984.83  0.562476  3165.09  6088.13  4500.24  
Period   2 1277.52  3703.66  972.577  3014.58  4782.07  6143.28  
Period   3 1893.91  7330.62  3421.51  6615.33  7570.97  1725.73  
Period   4 4381.21  6365.26  3047  6339.58  6889.97  6707.46  
Period   5 4710.42  3644.41  3673.08  2374.03  6691.53  5780.76  
UNDS1
Period   0 -3126.99  -3108.26  -3706.6  -3631.93  -3236.49  -3272.18  
Period   1 -3468.54  -3149.42  -5313.12  -2916.99  -4351.24  -3844.72  
Period   2 -3057.83  -2654.21  -2846.15  -2738.74  -2397.88  -2860.24  
Period   3 -3725.41  -3354.36  -3611.3  -3613.74  -3003.31  -3553.62  
Period   4 -3619.64  -3254.97  -3574.91  -3047.21  -3813.75  -3333.5  
Period   5 -3358.81  -3801.89  -3216.22  -3164.52  -3212.09  -3898.93  
SCENARIO 17
UNDS0
Period   0 2262.92  2967.64  1442.12  3258.61  1611.29  1984.31  
Period   1 1540.67  945.618  4549.85  6201.75  4706.45  1848.77  
Period   2 2186.53  978.961  5793.16  3099.37  2085.33  2735.93  
Period   3 7326.17  2905.34  6695.3  5751.75  5839.92  4836.27  
Period   4 6418.84  4123.1  5725.41  4442.49  3764.11  3774.06  
Period   5 6378.7  2875.21  2926.81  3225.43  3917.51  4546.35  
UNDS1
Period   0 -3898.36  -3269.04  -3149.61  -3240.98  -3631.28  -3022.69  
Period   1 -3067.5  -5310.63  -4702.55  -4069.67  -5132.44  -5238.66  
Period   2 -3005.76  -2552.89  -3024.69  -3743.91  -2355.61  -2800.51  
Period   3 -3357.93  -3393.93  -3530.41  -3343.46  -2951.89  -3278.78  
Period   4 -3444.24  -3666.69  -3797.91  -3614.73  -3388.15  -3632.33  
Period   5 -3171.84  -3322.58  -3472.78  -3508.61  -3027.05  -3319.27  
SCENARIO 18
UNDS0
Period   0 4055.29  3097.63  2071.22  2774.15  2492.93  2016.19  
Period   1 3283.6  896.797  4443.13  5844.47  1505.2  5539.9  
Period   2 5907.78  1939.71  6484.92  1875.02  1726.83  2051.7  
Period   3 5532.33  7491.09  3853.36  6470.23  6531.09  5558.8  
Period   4 5105.12  4624.64  6498.21  4113.03  4662.66  2449.72  
Period   5 5725.7  5281.99  4041.82  3625.05  6174.49  6385.56  
UNDS1
Period   0 -3807.67  -3974.72  -3025.8  -3240.35  -2992.4  -3438.93  
Period   1 -3480.09  -3114.99  -3042.96  -2837.18  -2951.67  -5004.33  
Period   2 -3375.06  -3586.59  -3709.34  -2488.8  -3409.1  -3317.45  
Period   3 -3086.67  -3681.97  -3738.69  -3616.44  -2952.74  -3374.98  
Period   4 -3015.51  -3518.72  -3001.76  -3494.57  -3767.67  -3789.07  
Period   5 -3346.56  -3858.98  -3015.24  -3337.25  -3095.38  -3515.12  
SCENARIO 19
UNDS0
Period   0 3002.18  2878.64  3307.44  3491.28  2967.95  1262.07  
Period   1 2590.16  16.6525  3998.59  1071.2  3628.16  5344.09  
Period   2 3359.71  2346.42  5584.22  1492.38  3309.62  1762.77  
Period   3 3136.96  5385.01  6289.27  5735.47  7549.17  2901.84  
Period   4 2857.12  4807.34  8015.67  4977.75  3829.21  7953.49  
Period   5 4588.67  6565.76  4465.49  3708.38  5186.31  2375.31  
UNDS1
Period   0 -3844.96  -3643.26  -3607.54  -3508.08  -3617.66  -3400.76  
Period   1 -5053.68  -3757.02  -4872.84  -2965.9  -3570.56  -2754.29  
Period   2 -2524.52  -2865.84  -2941.37  -2542.54  -3782.2  -3049.34  
Period   3 -3777.59  -3638.78  -3081.05  -3092.95  -3206.66  -3027.67  
Period   4 -3333.76  -3638.54  -3047.73  -3322.68  -3264.59  -3065.81  
Period   5 -3635.29  -3063.45  -3673.53  -3884.86  -3714  -3405.15  
SCENARIO 20
UNDS0
Period   0 1309.85  2541.21  2628.76  4136.59  2599.91  1523.53  
Period   1 2420.71  5187.34  3952.73  4660.72  2881.25  2550.84  
Period   2 6631.63  1836.58  5689.39  2339.19  1598.91  1743.58  
Period   3 7527.85  6297.24  4933.39  4682.09  3295.29  3180.69  
Period   4 8176.1  5716.76  7165.29  5925.5  6593.1  2120.1  
Period   5 4964.61  4626.12  2288.54  7008.64  1953.37  4405.98  
UNDS1
Period   0 -4059.19  -3726.86  -3326.81  -2974.39  -3111.3  -3062.77  
Period   1 -4062.2  -4452.39  -3899.66  -2639.91  -5027  -3333.21  
Period   2 -2704.65  -3312.96  -3661.47  -3213.18  -3020.62  -2759.2  
Period   3 -3688.71  -3420.81  -3246.22  -3304.71  -2976.26  -3740.38  
Period   4 -3085.56  -3023.21  -3321.71  -3192.27  -3489.27  -3417.48  
Period   5 -3894.81  -3221.05  -3085.4  -3540.4  -3197.06  -3479.13  
SCENARIO 21
UNDS0
Period   0 3985.15  1758.44  2290.31  2104.08  3629.41  1639.21  
Period   1 2215.24  2689.06  5988.67  1800.79  1120.22  130.846  
Period   2 5304.91  2150.72  3315.68  6107.96  1225.75  877.204  
Period   3 5680.57  5991.69  2640.89  4165.24  5124.31  6700.7  
Period   4 6508.84  7650.23  5643.27  6439.04  3481.93  6564.72  
Period   5 6853.9  6837.31  4701.41  6560.26  6428.78  2174.22  
UNDS1
Period   0 -3194.18  -3730.39  -3144.85  -4002.88  -3105.78  -3055.62  
Period   1 -5360.21  -2536.11  -3419.44  -5304.25  -2437.01  -2966.81  
Period   2 -3741.19  -3058.98  -2536.51  -3466.57  -3582.98  -3184.74  
Period   3 -2947.47  -3660.88  -3677.44  -3415.75  -3200.38  -3131.24  
Period   4 -3139.39  -3408.2  -3417.43  -3588.87  -3129.82  -3764.41  
Period   5 -3966.26  -3834.01  -3618.28  -3580.33  -3902.5  -3707.66  
SCENARIO 22
UNDS0
Period   0 3941.31  1597.86  1690.5  3908.97  1378.08  2546.66  
Period   1 991.996  1036.65  3456.16  2587.68  1147.29  1321.68  
Period   2 3782.07  961.029  3121.54  2858.88  3387.18  1980.51  
Period   3 7485.48  7042.18  6707.87  7024.21  2976.39  3334.38  
Period   4 2458.22  2223.18  5371.45  3412.25  6428.81  4175.06  
Period   5 6491.41  3449.22  6525.59  3565.22  5296.39  6162.5  
UNDS1
Period   0 -3844.67  -3351.36  -3519.09  -3032.3  -3028.08  -3550.18  
Period   1 -3351.45  -4994.98  -4088.82  -3212.2  -5249.95  -4389.73  
Period   2 -3562.81  -3166.95  -3329.52  -3039.42  -3558.93  -3480.35  
Period   3 -3294.59  -3576.12  -3603  -3305.77  -3301.17  -3099.33  
Period   4 -3312.58  -3255.7  -3731.14  -3545.84  -3432.88  -3402.15  
Period   5 -3222.51  -3713.53  -3502.71  -3260.55  -3456  -3161.05  
SCENARIO 23
UNDS0
Period   0 1140.34  1464.75  3110.36  2600.58  3715.74  1577.03  
Period   1 2976.62  3907.75  3570.56  1593.22  4973.92  3455.56  
Period   2 4909.6  2885.59  3336.91  2441.15  4779.33  1162.89  
Period   3 4233.43  1792.21  3367.84  4790.57  3959.05  7129.35  
Period   4 6613.09  6552.52  5628.25  4406.12  6068.72  5678.5  
Period   5 5564.11  2162.6  5096.99  2339  3992.5  5260.74  
UNDS1
Period   0 -3512.71  -3500.52  -3081.06  -3434.02  -3900.1  -3591.34  
Period   1 -3208.3  -2926.24  -3664.39  -3687.57  -3615.86  -3570.76  
Period   2 -2777.43  -2460.43  -3720.59  -3343.19  -3745.27  -3688.09  
Period   3 -3321.8  -3298.53  -3709.85  -3678.65  -3224.47  -3493.92  
Period   4 -3252.76  -3061.69  -3770.41  -3733.39  -3437.52  -3273.73  
Period   5 -3095.7  -3939.4  -3810.57  -3374.57  -3144.7  -3097.78  
SCENARIO 24
UNDS0
Period   0 2654.23  1691.96  1863.28  1439.95  1527.95  1411.08  
Period   1 39.5579  3021.86  2406.14  6133.92  760.571  1420.73  
Period   2 933.591  5058.14  2005.55  2971.71  2958  5331.82  
Period   3 3134.44  4726.22  6644.72  7091.46  7299.7  3648.81  
Period   4 2371.24  4076.53  4862.74  2471.43  3064.72  2142.78  
Period   5 6803.17  7061.42  6249.82  2942.54  5531.03  3076.92  
UNDS1
Period   0 -3054.98  -3565.22  -3781.85  -3333.04  -3556.31  -3815.33  
Period   1 -2522.82  -4777.11  -4359.95  -4944.29  -5346.66  -2624.42  
Period   2 -3657.6  -3453.71  -2962.33  -3244.57  -3273.53  -3022.71  
Period   3 -3259.76  -3048.76  -3707.62  -3505.9  -3610.96  -3010.76  
Period   4 -3028.1  -3355.88  -3419.71  -3131.35  -3133.92  -3767.25  
Period   5 -3349.85  -3235.76  -3348.42  -3929.03  -3877.57  -3682.67  
SCENARIO 25
UNDS0
Period   0 3780.89  3106.23  1327.28  2926.42  3269.51  2119.33  
Period   1 1679.85  3317.2  1036.06  1488.97  4962.23  704.729  
Period   2 5546.16  3607.44  2680.41  3271.58  3941.6  877.903  
Period   3 3604.68  6925.86  3981.53  6038.95  3563.15  4391.81  
Period   4 4740.79  6881.58  7651.77  2131.79  7227.68  3234.8  
Period   5 5474.5  5686.83  2385.67  5978.65  2975.64  6952.81  
UNDS1
Period   0 -3249.04  -3444.99  -3563.68  -3843.91  -4080.26  -3863.26  
Period   1 -4205.57  -3310.17  -2807.73  -4362.48  -3137.18  -3541.15  
Period   2 -3742.64  -2377.71  -3798.84  -2501  -3349.77  -2691.91  
Period   3 -3199.94  -3379.45  -3426.54  -3568.22  -3414.84  -3434.71  
Period   4 -3724.63  -3707.22  -3507.66  -3659.51  -3128.11  -2991.35  
Period   5 -3219.5  -3413.99  -3169.95  -3132.25  -3144.89  -3810.24  
SCENARIO 26
UNDS0
Period   0 1832.78  2416.99  4061.71  3406.34  1157.28  1497.42  
Period   1 2495.09  5218.18  611.232  1768.59  2741.75  5668.61  
Period   2 3032.02  4755.49  6528.99  817.904  3674.46  805.596  
Period   3 3417.18  4769.13  7375.18  5464.37  6524.51  5426.62  
Period   4 7337.1  3213.02  7302.11  2235.3  4527.25  2056.68  
Period   5 5955.58  5376.51  5522.12  4805.97  5531.18  1927.03  
UNDS1
Period   0 -3117.5  -3929.96  -3180.82  -3046.64  -3667.43  -4011.79  
Period   1 -3855.03  -2731.85  -2627.87  -4243.81  -2581.9  -4590.95  
Period   2 -2714.44  -3387.65  -2801.23  -2595.26  -3557.43  -3221.45  
Period   3 -3046.59  -3172.09  -3450.23  -3107.68  -3080.83  -3258.07  
Period   4 -3809.93  -3779.09  -3266.89  -3452.38  -3716.32  -3359.16  
Period   5 -3245.82  -3457.18  -3400.53  -3308.79  -3734.66  -3190.75  
SCENARIO 27
UNDS0
Period   0 2163.12  4061.64  2022.93  3297.86  1953.64  2203.42  
Period   1 2256.33  3860.74  992.782  2338.98  4935.44  6078.69  
Period   2 2739.92  3744.96  1852.09  2515.21  1835.49  4320.39  
Period   3 2344.36  4194.1  7031.14  5323.31  3577.21  6623.16  
Period   4 2440.29  5764.38  2854.49  3431.12  2233.58  6581.64  
Period   5 5721.24  6772.31  2000.76  1926.2  5690.33  6592.26  
UNDS1
Period   0 -3796.82  -3279.96  -4082.79  -3921.52  -3655.34  -3052.45  
Period   1 -5299.94  -5346.25  -2518.43  -5064.8  -5222.46  -4105.29  
Period   2 -2698.62  -2800.8  -2834.66  -3235.99  -3344.64  -2814.41  
Period   3 -2995.26  -3680.73  -3659.57  -3038.02  -3412.68  -3184.08  
Period   4 -3061.01  -3306.12  -3356.65  -3571.76  -3747.35  -3359.92  
Period   5 -3564.74  -3552.09  -3636.02  -3443.84  -3078.49  -3319.94  
SCENARIO 28
UNDS0
Period   0 1399.48  1312.69  2549.73  3269.26  2969.49  1802.43  
Period   1 3636.92  115.205  6288.44  1287.53  466.17  5411.45  
Period   2 6435.38  1725  2964.71  5133.91  2602.29  992.588  
Period   3 5684.56  3447.99  2597.55  6219.73  2333.63  1610.7  
Period   4 3229.4  6981.78  3400.98  5816.01  7326.07  1929.25  
Period   5 5514.31  4044.5  6338.22  4549.82  2358.54  2671.33  
UNDS1
Period   0 -3452.58  -3816.76  -4054.34  -3258.03  -3996.12  -3649.81  
Period   1 -2452.17  -3473.61  -4869.18  -3516.78  -3981.41  -2505.12  
Period   2 -2665.5  -3026.82  -2696.87  -2363.54  -3349.2  -3730.06  
Period   3 -3021.99  -3184.81  -3781.43  -3505.73  -3750.15  -3722.09  
Period   4 -3563.7  -3354.89  -3315.53  -3140.2  -3450.61  -3571.21  
Period   5 -3900.85  -3882.74  -3290.79  -3557.66  -3523.35  -3415.49  
SCENARIO 29
UNDS0
Period   0 2500.44  2240.96  4066.92  3592.96  3291.61  1591.92  
Period   1 2599.59  2071.92  5397.86  1837.18  6358.75  2617.17  
Period   2 1689.28  5506.11  2102.86  6134.15  2044.77  1404.94  
Period   3 4068.61  3112.86  4964.96  4211.27  2004.14  5467.63  
Period   4 7466.02  6394.05  3654.13  7674.43  4357.26  2641.05  
Period   5 5677.29  3620.46  2934.59  2293.74  2957.56  6727.38  
UNDS1
Period   0 -4040.52  -3570.31  -3081.4  -3566.3  -3577.96  -3634.66  
Period   1 -3970.17  -5192.76  -2560.63  -2465.35  -4212.41  -2586.78  
Period   2 -2911.63  -2614.04  -2677.07  -2871.66  -3341.91  -3575.01  
Period   3 -3149.18  -3072.87  -3465.32  -3208.27  -2953.72  -3123.37  
Period   4 -3667.55  -3605.48  -3313.64  -3710.65  -3300.23  -3580.41  
Period   5 -3914.89  -3159.32  -3790.92  -3032.58  -3182.36  -3304.27  
SCENARIO 30
UNDS0
Period   0 2025.57  1238.63  3389.31  2687.56  2297.36  3398.05  
Period   1 4286.87  3869  218.218  5629.48  449.71  3483.71  
Period   2 3494.86  1345.08  3383.46  3888.66  3242.44  1906.04  
Period   3 5925.84  2637.14  1731.66  1546.13  3485.35  1945.18  
Period   4 6606.45  3015.56  2688.69  2235.53  6688.85  2322.79  
Period   5 3614.46  4817.72  5243.02  6042.15  6014.3  5034.02  
UNDS1
Period   0 -3935.92  -3865.34  -3052.08  -3892.54  -3380.06  -3284.73  
Period   1 -4828.61  -2746.2  -5266.48  -3819.68  -2741.28  -3841.56  
Period   2 -3583.21  -3500.95  -2461.99  -3428.57  -2612.25  -3770.46  
Period   3 -3645.94  -3399.11  -3481.07  -3092.7  -3464.38  -3308.06  
Period   4 -3312.53  -3071.58  -3796.2  -3712.67  -3140.32  -3181.35  
Period   5 -3852.62  -3241.46  -3660.27  -3903.11  -3868.22  -3948.82  
SCENARIO 31
UNDS0
Period   0 1927.37  2258.31  3420.5  1957.15  1204.93  1930.93  
Period   1 1158.33  5739.96  801.132  3274.12  5027.4  5366.44  
Period   2 4975.32  1749.92  4228.56  3519.27  2238.69  2822.34  
Period   3 3786.19  1839.24  5005.45  3208  2032.22  2610.42  
Period   4 6599.97  5911  7839.68  2044.33  4816.55  8253.48  
Period   5 3389.54  3548.01  2674.24  5118.58  6021.37  3112.13  
UNDS1
Period   0 -3186.82  -3951.88  -3402.46  -3117.34  -3511.01  -3867.96  
Period   1 -4392.48  -3088.18  -3042.24  -2551.21  -3986.94  -3895.68  
Period   2 -3721.08  -2501.93  -2539.96  -3091.7  -2633.12  -2636.54  
Period   3 -3546.65  -3142.15  -3662.91  -3461.74  -3202.47  -3431.7  
Period   4 -3393.2  -3735.27  -3634.55  -3373.25  -3141.55  -3632.77  
Period   5 -3929.19  -3512.17  -3073.27  -3300.71  -3742.94  -3948.49  
SCENARIO 32
UNDS0
Period   0 4027.06  1820.55  2782.54  4196.05  2716.81  1667.97  
Period   1 2063.02  2292.55  5327.52  3648.18  1752.97  1890.9  
Period   2 3961.07  6289.15  2491.84  4279.81  1102.4  846.885  
Period   3 7677.08  4155.32  7178.55  5610.71  6260.52  5288.77  
Period   4 5791.92  5894.22  4778.56  2694.52  5894.02  4819.47  
Period   5 4491.79  4664.57  5877.08  4834.21  5056.99  4905.63  
UNDS1
Period   0 -4077.12  -3211.65  -3962.33  -3987.32  -3830.74  -3435.56  
Period   1 -3703.84  -4045.89  -3295.44  -3856.51  -3149.37  -2897.71  
Period   2 -3579.73  -3317.98  -2694.76  -3775.27  -3719.25  -2882.24  
Period   3 -3768.56  -3691.75  -2969.41  -3097.77  -3308.69  -3219.04  
Period   4 -3744.16  -3072.39  -3716.23  -3476.7  -3486.8  -3493.76  
Period   5 -3531  -3620.34  -3849  -3038.72  -3552.49  -3478.38  
SCENARIO 33
UNDS0
Period   0 3342.73  1306.19  3684.98  1516.67  2053.14  2721.68  
Period   1 4877.19  5484.88  2841.52  1563.81  1217.4  1777.82  
Period   2 3020.92  3842.23  1492.61  5281.55  5144.74  814.775  
Period   3 3196.17  4754.26  7106.84  7356.91  5089.41  2755  
Period   4 8055.46  7794.8  6887.56  7027.35  3344.86  2395.55  
Period   5 6244.47  5464.47  3419.32  4294.35  5368.05  3077.35  
UNDS1
Period   0 -4048.83  -3429.33  -4081.68  -3072.5  -3672.79  -3149.61  
Period   1 -3543.51  -2491.39  -4387.5  -3868.22  -4739.3  -3958.44  
Period   2 -3745.53  -2992.23  -2899.66  -3602.09  -3463.43  -2614.21  
Period   3 -3169.08  -2966.74  -3621.62  -3770.14  -3208.8  -3719.2  
Period   4 -3805.38  -3758.1  -3055.87  -3162.83  -3633.58  -3441.76  
Period   5 -3960.69  -3411.47  -3861.41  -3036.24  -3173.66  -3546.01  
SCENARIO 34
UNDS0
Period   0 3421.59  3994.1  2851.67  2112.88  2351.07  2005  
Period   1 6009.45  5036.12  1408.75  1229.38  1255.48  4592.94  
Period   2 4578.07  5304.19  3301.64  4709.99  1319.75  836.795  
Period   3 6106.85  2308.18  3334.47  5226.91  6020.64  4198.1  
Period   4 4105.26  5450.08  1926.01  3832.48  5719.75  7737.89  
Period   5 5117.35  3523.64  6114.71  6025  3637.94  6582.15  
UNDS1
Period   0 -4008.33  -3221.53  -3675.71  -2997.84  -3189.96  -3251.85  
Period   1 -4140.15  -4741.74  -3162.66  -4092.97  -2774.62  -4180.57  
Period   2 -2581.67  -3135.81  -3511.06  -2781.59  -2807.58  -2387.75  
Period   3 -3063.64  -3586.59  -3047.87  -3120.09  -3339.38  -3491.82  
Period   4 -3441.61  -3037.15  -3777.55  -3453.19  -3286.66  -3624.75  
Period   5 -3637.7  -3691.27  -3650.78  -3846.61  -3364.48  -3467.74  
SCENARIO 35
UNDS0
Period   0 3552.72  3666.56  1957.96  3563.34  1206.48  1344.13  
Period   1 6321.56  3102.83  6058.18  3865.08  5500.59  1919.44  
Period   2 5740.45  3982.64  4509.24  4087.93  814.432  961.232  
Period   3 7365.45  3865.41  4879.77  5163.72  2551.08  5046.67  
Period   4 5750.18  3127.94  6060.65  2070.97  2671.22  4762.33  
Period   5 2976.04  4102.04  5193.26  6475.06  2385.15  6199.46  
UNDS1
Period   0 -3632.35  -3690.28  -4033.66  -3453.18  -3043.64  -3536.17  
Period   1 -2491.66  -3940.95  -2811.27  -3086.79  -2753.99  -4334.07  
Period   2 -2950.72  -3192.39  -2675.35  -3450.19  -3497.14  -3286.96  
Period   3 -3101.17  -3244.35  -3087.71  -3490.15  -3508.41  -3267.18  
Period   4 -3590.14  -3628.61  -3096.09  -3462.26  -3128.28  -3801.43  
Period   5 -3244.78  -3202.26  -3170.92  -3521.54  -3935.4  -3556.74  
SCENARIO 36
UNDS0
Period   0 3087.23  2496.34  2900.03  2390.06  1936.78  1935.84  
Period   1 2530.73  644.104  1401.53  5567.49  3055.67  4618.37  
Period   2 1733.13  4316.97  5221.5  3004.47  981.371  2312.6  
Period   3 4707.83  7539.25  4082.89  6817.51  6168.11  5096.88  
Period   4 6739.83  5974.25  3559.05  7543.03  3434.18  3328.74  
Period   5 6255.39  6145.06  4392.18  5342.73  3966.5  5635.11  
UNDS1
Period   0 -3467.65  -3541.89  -3387.24  -3974.21  -3207.02  -3914.03  
Period   1 -2909.85  -3245.62  -2978.36  -5122.28  -4105.53  -3160.35  
Period   2 -2753.64  -2619.45  -3191.61  -2500.06  -3501.31  -3580.56  
Period   3 -3483.59  -3599.15  -3657.22  -3229.54  -3131.68  -3056.52  
Period   4 -3271.24  -3794.17  -2977.43  -3062.19  -3431.58  -3071.49  
Period   5 -3010.14  -3952.62  -3972.24  -3356.34  -3069.87  -3975.98  
SCENARIO 37
UNDS0
Period   0 1666.39  1153.23  1781.04  1698.56  2272.58  3927.38  
Period   1 3850.69  4075.51  1044.87  2332.47  3737.23  6342.62  
Period   2 3075.7  3229.22  3373.76  5816.11  1230.7  1425.34  
Period   3 5319.88  1927.11  1575.13  3633.96  4497.74  6331.35  
Period   4 1959.11  6528.38  4180.79  4989.62  6268.72  7126.89  
Period   5 2552.15  6001.61  4285.48  4216.75  2600.94  4968.69  
UNDS1
Period   0 -3172.43  -3116.12  -3787.68  -3064.53  -3537.28  -3256.15  
Period   1 -5277.26  -3597.31  -3355.67  -3312.31  -3837.2  -5178.37  
Period   2 -3041.48  -3685.12  -2497.29  -2964.26  -2758.91  -2596.01  
Period   3 -3258.76  -3507.42  -3178.94  -3122.24  -3596.88  -3471.01  
Period   4 -3360.73  -3426.66  -3459.79  -3762.48  -3582.76  -3176.33  
Period   5 -3220.9  -3894.37  -3528.7  -3943.16  -3589.66  -3344.21  
SCENARIO 38
UNDS0
Period   0 3708.15  3784.69  1182.92  3446.53  1426.35  3412.58  
Period   1 743.471  3884.59  5555.8  422.402  26.4509  4517.04  
Period   2 3265.24  5999.16  3044.68  2706.69  817.513  3232.36  
Period   3 5163.77  4548.02  2786.82  1872.33  1973.14  2369.44  
Period   4 7577.92  6186.71  4743.14  2273.95  6737.93  4357.74  
Period   5 3588.95  6732.3  2243.4  2000.8  2256.5  4113.09  
UNDS1
Period   0 -3104.63  -3460.9  -3096.83  -3743.44  -3187.67  -3320.26  
Period   1 -5234.03  -3947.46  -4136.73  -3512.38  -5065.51  -4094.66  
Period   2 -3736.59  -2534.47  -3702.96  -2534.23  -3351.5  -3775.49  
Period   3 -3089.89  -3050.8  -3222.15  -3697.22  -3246.34  -3633.46  
Period   4 -3381.59  -3577.69  -3782.42  -3766.45  -3371.39  -3296.13  
Period   5 -3358.65  -3104.46  -3378.94  -3569.72  -3851.18  -3220.45  
SCENARIO 39
UNDS0
Period   0 2315.29  4025.52  3335.14  2887.12  2865.61  1232.71  
Period   1 1057.59  32.9475  3965.9  1070.04  3596.32  3232.33  
Period   2 2592.75  2956.74  2305.69  931.389  4087.58  6676.56  
Period   3 3332.7  3080.16  2128.66  5678.46  5118.18  4968.98  
Period   4 7687.3  4077.77  8228.86  7502.99  3276.8  4390.75  
Period   5 2808.27  5122.71  6208.66  4013.28  6423.59  3838.95  
UNDS1
Period   0 -3306.03  -3619.3  -3125.14  -3011.81  -3787.52  -3715.71  
Period   1 -4768.52  -3460.89  -4909.42  -3355.91  -4550.53  -3499.48  
Period   2 -3093.76  -2390.33  -2851.04  -2751.61  -2378.69  -3172.42  
Period   3 -3145.13  -3520.97  -3200.36  -3436.16  -3225.54  -3605.8  
Period   4 -3067.47  -3710.27  -3607.8  -3265.51  -2978.41  -3281.8  
Period   5 -3265.89  -3837.74  -2998.51  -3716.48  -3063.6  -3172.09  
SCENARIO 40
UNDS0
Period   0 2517.18  2878.68  1927.62  3035.64  2944.46  1375.61  
Period   1 5728.86  4485.82  303.792  2684.9  579.471  3358.47  
Period   2 905.573  3330.86  4439.22  5578.37  4295.45  1109.07  
Period   3 6263.63  7373.1  3075.23  2180.38  4371.79  2512.24  
Period   4 6601.24  4829.13  2342.25  6086.71  7421.58  3740.29  
Period   5 2244.52  3793.09  4312.42  4097.09  5381.25  4205.88  
UNDS1
Period   0 -3003.81  -3293.72  -3673.21  -3110.76  -3607.05  -3458.91  
Period   1 -3447.09  -3347.92  -4657.12  -3017.31  -2576.61  -3690.44  
Period   2 -2974.63  -3026.14  -3598.05  -2766.41  -3469.35  -2995.34  
Period   3 -3028.26  -3770.35  -3129.61  -2967.1  -3287.78  -3218.99  
Period   4 -3418.91  -3765.86  -3518.9  -3459.46  -3112.93  -3164.18  
Period   5 -3332.8  -3937.55  -3090.59  -3409.96  -3210.36  -3550.22  
SCENARIO 41
UNDS0
Period   0 3629.92  3370.28  3285.19  2379.61  2009.91  2715.34  
Period   1 2508.94  5075.15  6123.09  3993.51  5876  5798.47  
Period   2 3654.15  1552.61  1562.1  1930.22  1631.95  1946.11  
Period   3 5662.69  2155.48  7291.54  6028.6  4788.79  3340.39  
Period   4 2873.86  4768.4  2012.76  2627.75  7113.31  2189.32  
Period   5 3894.2  5772.93  6898.72  4423.48  6664.4  2264.09  
UNDS1
Period   0 -3249.61  -3681.09  -3244.87  -3156.53  -3988.18  -3228.73  
Period   1 -2630.01  -2543.82  -4034.67  -3154.78  -3404.96  -4976.83  
Period   2 -3599.81  -2538.79  -3274.14  -2966.1  -3747.65  -3771.06  
Period   3 -3523.65  -3332.66  -3257.57  -2984.85  -3314.29  -3168.98  
Period   4 -3339.99  -3276.89  -3696.42  -3722.86  -3507.81  -3582.09  
Period   5 -3700.68  -3763.48  -3810.02  -3895.34  -3170.72  -3572.73  
SCENARIO 42
UNDS0
Period   0 1660.12  3038.98  2193.86  1312.27  1406.09  4123.52  
Period   1 4897.83  5300.34  3502.34  5089.37  5688.16  127.354  
Period   2 1138.77  3808.54  4005.24  5064.91  1536.95  3767.3  
Period   3 5430.6  6939.96  1791.56  5092.54  2269.43  5661.39  
Period   4 3803.24  3186.08  4021.13  6714.2  2579.27  2117.68  
Period   5 7041.79  2512.53  3886.22  2358.7  6994.83  2747.32  
UNDS1
Period   0 -3546.68  -3272.41  -3711.02  -3166.86  -3105.85  -3341.95  
Period   1 -5072.1  -4913.71  -4839.45  -4281.5  -5005.12  -3394.66  
Period   2 -3755.05  -3690.18  -2390.85  -2999.28  -2460.07  -2405.45  
Period   3 -3764.95  -3688.42  -3268.05  -3492.38  -3676.56  -3392.57  
Period   4 -2984.05  -3796.92  -3339.68  -3121.51  -3735.25  -3057.94  
Period   5 -3237.37  -3921.68  -3153.6  -3521.68  -3318.14  -3441.18  
SCENARIO 43
UNDS0
Period   0 3688.88  1705.47  1233.22  3200.48  2091.76  3816.67  
Period   1 666.106  1527.36  6289.84  6301.8  526.116  2297.26  
Period   2 5213.26  2118.09  4461.44  5567.44  1068.28  862.68  
Period   3 6663.9  5416.99  3050.26  6238.91  4618.61  5786.02  
Period   4 5995.24  4746.57  2252.97  8200.23  3001.62  7961.17  
Period   5 5012.96  6328.23  5063.44  3848.04  3404.25  6495  
UNDS1
Period   0 -3977.73  -3281.53  -3246.43  -3027.65  -3870.7  -3171.47  
Period   1 -4533.16  -2769.57  -2909.22  -3735.97  -5214.45  -3570.18  
Period   2 -2684.84  -2851.02  -3506.04  -3151.61  -3599.56  -3284.67  
Period   3 -3042.09  -3166.66  -3546.07  -3223.82  -2987.94  -3606.09  
Period   4 -3809.68  -3804.22  -3548.86  -3002.24  -3735.39  -3279.55  
Period   5 -3518.46  -3572.54  -3212.41  -3446.68  -3450.99  -3221.43  
SCENARIO 44
UNDS0
Period   0 2358.11  2092.18  1327.8  1595.73  3361.35  1408.44  
Period   1 2469.2  6379.89  198.432  5069.03  6232.97  1460.63  
Period   2 4569.6  6618.86  2853.36  1923.83  1408.04  1767.05  
Period   3 7537.57  3890.23  2229.57  7115.77  2728.32  4912.72  
Period   4 2518.96  5221.59  6503  5501.65  3244.84  6552.11  
Period   5 3023.44  6215.5  2397.7  2245.63  2453.1  6080.75  
UNDS1
Period   0 -3646.94  -3455.87  -3549.99  -3807.18  -3996.18  -3035.88  
Period   1 -4410.11  -3680.16  -3158.88  -3656.84  -4758.81  -4824.19  
Period   2 -3316.49  -3312.92  -2863.79  -3731.22  -3678.13  -3609.99  
Period   3 -3121.41  -3468.13  -3611.48  -3140.24  -2998.24  -3625.15  
Period   4 -3114.62  -3578.76  -3441.43  -3750.78  -3027.73  -3515.48  
Period   5 -3661.92  -3743.71  -3123.61  -3417.23  -3572.05  -3670.94  
SCENARIO 45
UNDS0
Period   0 3521.44  1679.03  1138.4  2480.62  1598.5  3108.58  
Period   1 814.487  2059.7  1994.11  5780.64  4808.14  58.926  
Period   2 6683.13  3417.27  5687.77  1534.38  1052.26  809.769  
Period   3 5375.63  1807.75  6188.69  6790.2  5363.39  4329.61  
Period   4 2766.16  5603.63  7614.54  2723.46  5874.44  2535.66  
Period   5 6152.64  3692.9  6287.39  4253.38  4326.47  6079.93  
UNDS1
Period   0 -3642.32  -3290.6  -3459.46  -3852.2  -3627.31  -3664.83  
Period   1 -3864.68  -3132.39  -3970.2  -4953.46  -2550.05  -3479.31  
Period   2 -3180.52  -3713.21  -3075.72  -3637.69  -3270.12  -3051.75  
Period   3 -2938.66  -3724.84  -3499.33  -3302.8  -3697.85  -3408.08  
Period   4 -3320.03  -2977.69  -3465.6  -3472.4  -3229.18  -3756.82  
Period   5 -3252  -3426.13  -3248.34  -3590.58  -3168.37  -3307.85  
SCENARIO 46
UNDS0
Period   0 4016.21  3515.72  1979.59  1627.77  2524.94  2018.09  
Period   1 4722.71  5403.14  1577.26  2036.07  3049.58  1263.32  
Period   2 2730.97  5888.97  1836.81  1587.77  5111.33  1420.64  
Period   3 3495.23  3897.3  5599.28  2673.13  4754.72  2985.68  
Period   4 2145.01  4563.34  4322.6  7658.98  2881.55  6086.23  
Period   5 6711.45  6011.7  2491.82  2995.8  4004.02  6513.74  
UNDS1
Period   0 -3547.17  -3208.21  -3628.61  -3991  -3938.36  -3213.91  
Period   1 -4144.28  -2849.67  -3446.32  -4243.77  -2694.03  -3169.92  
Period   2 -2860.7  -2680.58  -3324.54  -3072.92  -2451.31  -2536.79  
Period   3 -3037.35  -3262.09  -3035.64  -3456.66  -3439.84  -3086.56  
Period   4 -3220.33  -3053.71  -3265.51  -3630.39  -3473.6  -3318.48  
Period   5 -3457.63  -3809.63  -3259.63  -3045.89  -3073.48  -3369.25  
SCENARIO 47
UNDS0
Period   0 1938.81  3222.46  2334.31  2575.94  1624.92  1366.97  
Period   1 4993.65  5301.38  3939.2  5721.3  5881.23  3466.85  
Period   2 1108.53  5583.84  5186.98  2517.53  4352.81  1129.88  
Period   3 7624.08  3270.19  4716.14  6908  5370.86  4527.65  
Period   4 5205.85  2379.35  5391.25  3196.09  4538.27  4801.26  
Period   5 5919.19  5868.2  3542.45  1955.35  3083.25  5709.45  
UNDS1
Period   0 -3008.3  -3462.83  -4005.38  -3609.11  -3275.86  -3812.89  
Period   1 -4905.22  -3408.18  -3370.49  -3856.15  -4921.58  -3964.38  
Period   2 -3573.36  -2868.11  -3733.49  -3093.53  -2975.18  -2468.94  
Period   3 -2927.69  -3702.21  -3378.92  -3020.04  -3134.58  -3003.08  
Period   4 -3803.09  -3516.87  -3787.74  -3411.86  -3170.61  -3385.65  
Period   5 -3728.76  -3219.46  -3815.79  -3192.5  -3632.76  -3688.73  
SCENARIO 48
UNDS0
Period   0 2544.2  3354.59  1289.58  3365.15  2670.67  2971.32  
Period   1 2754.15  2219.98  5693.19  1700.75  5478  4961.36  
Period   2 3669.17  6486.97  4733.14  1654.99  976.212  1149.91  
Period   3 3155.09  6141.35  5042.55  5429.02  5954.25  5542.33  
Period   4 3955.33  3722.46  5614.92  4182.41  2977.94  6504.01  
Period   5 4023.38  3111.84  6409.16  3465.58  3246.45  4110.77  
UNDS1
Period   0 -3483.55  -3798.75  -3006.89  -3238.38  -3000.68  -3588.36  
Period   1 -4739.52  -3362.34  -3348.23  -4754.68  -5301.51  -4945.99  
Period   2 -2739.34  -3644.99  -3463.57  -3433.52  -2825.8  -2851.51  
Period   3 -3260.37  -3525.34  -2957.15  -3780.62  -3554.5  -3325.81  
Period   4 -3768.78  -3376  -3079.36  -3024.7  -3673.72  -3546.98  
Period   5 -3832.99  -3443.84  -3168.67  -3566.36  -3760.78  -3155.33  
SCENARIO 49
UNDS0
Period   0 1551.02  3290.06  1929.56  2992.44  2905.86  2919.66  
Period   1 640.645  548.348  2540.22  4862.64  6373.86  1086.4  
Period   2 3691.49  2453.87  5062.47  1110.23  1854.6  2701.93  
Period   3 4811.17  7086.89  6239.37  6735.21  2102.74  5021.34  
Period   4 7706.28  5803.77  3416  5698.08  7115.27  3906.58  
Period   5 3517.96  3773.3  2912.32  3185.85  2691.59  3444.31  
UNDS1
Period   0 -4003.33  -3235.59  -3531.09  -3211.74  -3522.97  -3322.56  
Period   1 -4997.74  -3518.95  -4976.71  -4776.41  -4554.82  -4159.36  
Period   2 -2825.75  -3764.8  -2418.81  -3350.04  -2900.98  -3415.45  
Period   3 -3752.7  -3732.22  -3173.17  -3178.36  -3551.85  -3279.03  
Period   4 -3461.57  -3587.99  -3604.18  -3193.22  -3531.28  -3276.49  
Period   5 -3895.16  -3372.71  -3527.07  -3609.55  -3846.69  -3209.75  
SCENARIO 50
UNDS0
Period   0 2885.07  2416.82  1736.95  3167.31  1295.05  2694.26  
Period   1 4932.53  4531.18  4073.27  457.884  2024.2  5411.03  
Period   2 6405.28  1351.37  840.647  858.33  2521.8  3278  
Period   3 5507.89  6538.57  5906.18  3411.94  4503.63  5033.94  
Period   4 2940.84  2655.91  5161.95  5942.32  4838.86  3945.06  
Period   5 6645.09  3915.49  4212.95  4173.46  2929.78  3613.97  
UNDS1
Period   0 -3118.05  -3080.58  -3643.58  -2980.23  -3516.03  -3680.77  
Period   1 -3315.4  -4772.4  -3301.64  -4520.76  -3496.25  -4339.43  
Period   2 -3492.02  -2954.14  -3583.92  -3279.95  -2529.78  -2892.08  
Period   3 -3240.35  -3488.77  -3434.63  -2970.24  -3409.87  -3396.55  
Period   4 -3290.44  -3001.15  -3704.78  -3602.39  -3279.42  -3769.58  
Period   5 -3081.35  -3947.83  -3520.89  -3866.16  -3669.81  -3560.69  
SCENARIO 51
UNDS0
Period   0 3635.05  1450.45  2872.13  1619.34  4038.03  3034.28  
Period   1 4298.07  508.937  2237.45  903.143  587.919  2962.47  
Period   2 4554.26  6497.12  2263.43  1447.34  4458.2  806.855  
Period   3 2191.12  5964.39  6224.52  6932.87  2724.82  5383.79  
Period   4 7060.6  3829.56  2204.47  7319.27  7328.72  2471.24  
Period   5 3435.25  5922.64  5989.95  2108.81  6964.91  2219.38  
UNDS1
Period   0 -3764.53  -4007.58  -3413.13  -3295.24  -3542.49  -3202.78  
Period   1 -3000.23  -4248.01  -5182.81  -4659.35  -5259.76  -3431.85  
Period   2 -2355.94  -2564.22  -2891.26  -3747.39  -2672.65  -2983.09  
Period   3 -3117.34  -3273.98  -3372.74  -3628.44  -3393.26  -3183.33  
Period   4 -3091.35  -3237.44  -3202.01  -3368.19  -3482.11  -3635.13  
Period   5 -3470.44  -3269.29  -3855.53  -3033.96  -3437.84  -3160.74  
SCENARIO 52
UNDS0
Period   0 2010.48  2389.94  1364.54  4083.95  1495.87  2355.01  
Period   1 2228.1  310.966  1211.17  3982.28  5647.3  894.86  
Period   2 2692.67  3746.75  2127.09  6502.75  3748.79  835.235  
Period   3 4791.86  7698.32  7244.04  3540.9  1950.64  7586.26  
Period   4 8243.79  5350.38  5782.72  3339.4  3149.89  5046.22  
Period   5 3434.4  4344.5  6546.62  3047.08  6849.83  5836.45  
UNDS1
Period   0 -3282.06  -4082.28  -3248.81  -3755.46  -3746.68  -3424.63  
Period   1 -3966.66  -5023.74  -2778.49  -2608.84  -4307.86  -5275.32  
Period   2 -3450.68  -2609.59  -3320.82  -3597.14  -2946.41  -2616.59  
Period   3 -3569.93  -3469.08  -3563.11  -3247.66  -3032.13  -3452.58  
Period   4 -3077.86  -3515.12  -3096.61  -3768.33  -3478.75  -3040.74  
Period   5 -3631.66  -3064.55  -3258.64  -3296.25  -3527.99  -3515.52  
SCENARIO 53
UNDS0
Period   0 2835.81  2310.67  1816.3  3078.24  2315.62  2180.17  
Period   1 5441.74  3908.19  5018.6  2097.37  1737.72  1641.05  
Period   2 4075.67  4533.87  6685.13  2877.31  843.738  1003.65  
Period   3 6551.88  2640.94  5498.36  7456.57  5560.59  2656.87  
Period   4 4868.5  7344.79  6683.06  8010  4069.38  5409.59  
Period   5 2867.49  6023.73  4151.94  5329.63  5661.34  1901.63  
UNDS1
Period   0 -3076.51  -3929.47  -3437.75  -3143.67  -3712.97  -3672.88  
Period   1 -3070.18  -2884.39  -2801.96  -3220.2  -2600.21  -4685.23  
Period   2 -3011.7  -2491.88  -3546.8  -3119.32  -3313.29  -2392.57  
Period   3 -3596.04  -3745.92  -2949.84  -2947.06  -2928.87  -3296.67  
Period   4 -3775.8  -3019.74  -3095.38  -3613.18  -3597.54  -3512.8  
Period   5 -3598.62  -3954.7  -3136.27  -3231.14  -3765.09  -3832.92  
SCENARIO 54
UNDS0
Period   0 3520.74  3759.18  3866.77  2900.11  2190.86  1157.55  
Period   1 3543.65  6213.31  1302.07  2004.18  141.525  3195.88  
Period   2 1305.57  1945.86  3384.33  4349.74  4734.38  956.021  
Period   3 4933  2546.05  4100.78  2890.17  4791.31  7520.45  
Period   4 2170.8  5826.39  4479.5  8090.25  6270.03  5520.05  
Period   5 2548.8  5440.32  3416.19  2134.37  6702.1  4793.31  
UNDS1
Period   0 -3975.46  -4025.94  -3748.71  -3469.39  -3345.38  -3612.57  
Period   1 -2740.29  -4469.26  -3954.4  -2935.1  -3592.86  -4368.55  
Period   2 -3590.14  -2955.38  -3061.68  -3156.98  -3530.65  -3179.41  
Period   3 -2951.52  -3446.28  -3016.07  -3269.72  -3413.15  -3576.16  
Period   4 -3631.28  -3208.39  -3715.76  -3308.09  -3016.19  -3531.22  
Period   5 -3340.9  -3723.1  -3455.81  -3736.2  -3332.57  -3592.56  
SCENARIO 55
UNDS0
Period   0 1604.95  3460.34  1265.11  1681.53  1831.22  1886.91  
Period   1 3116.33  2774.91  5342.4  4297.63  2160.73  1811.14  
Period   2 4510.05  2624.28  4885.9  6157.2  1010.27  851.214  
Period   3 6816.26  1788.63  2226.41  7026.46  4438.1  7680.16  
Period   4 6834.47  5211.96  8207.79  7793.24  7215.46  1900.17  
Period   5 7025.33  3392.67  5971.54  6215.35  6256.22  2623.52  
UNDS1
Period   0 -3200.8  -3381.28  -3084.55  -3241.14  -3243.93  -3535.48  
Period   1 -5328.74  -2583.67  -4888.55  -3483.76  -4836.92  -3184.96  
Period   2 -3173.69  -2365.57  -3237.04  -2978.51  -3210.22  -3444.8  
Period   3 -3546.33  -3182.7  -3616.43  -3368.67  -2943.42  -3087.25  
Period   4 -3720.76  -3718.63  -3015.06  -2993.2  -3751.7  -3026.17  
Period   5 -3535.59  -3413.88  -3245.66  -3456.14  -3504.4  -3171.47  
SCENARIO 56
UNDS0
Period   0 1273.18  3993.49  4138.68  3588.97  1133.55  2927.61  
Period   1 387.329  3075.53  2984.23  3702.36  192.248  1914.2  
Period   2 3868.61  5071.14  4185.68  4051.9  1351.25  1509.31  
Period   3 1662.8  5088.2  3711.52  2057.41  5960.17  4945.47  
Period   4 7158.68  8235.16  7049.59  2858.35  5859.68  6110.77  
Period   5 4809.92  6037.34  3497.25  6046.63  5138.59  5936.24  
UNDS1
Period   0 -3302.53  -3192.22  -3583.63  -3988.63  -3813.32  -4080.62  
Period   1 -4949.16  -2704.02  -5076.64  -4442.72  -2679.4  -3982.88  
Period   2 -2584.09  -3158.18  -3025.31  -2995.81  -2904.09  -3602.03  
Period   3 -3534.52  -2966.51  -3069.56  -3741.08  -3071.57  -3733.26  
Period   4 -3528.09  -3198.47  -3457.52  -3575.36  -3437.35  -3679.4  
Period   5 -3117.84  -3143.27  -3577.1  -3843.14  -3747.92  -3037.53  
SCENARIO 57
UNDS0
Period   0 3980.36  1405.58  3403.33  3358.15  1341.69  1527.05  
Period   1 565.43  699.024  3510.65  4364.46  2430.68  3760.81  
Period   2 6386.67  2086.39  2027.33  3633.72  3626.33  1536.02  
Period   3 3977.48  6587.14  6540.85  5069.1  7551.23  2536.65  
Period   4 7819.34  2971.64  4241.25  3794.38  4000.49  8064.94  
Period   5 6769.79  6164.87  3917.09  3905.31  5524.84  2812.45  
UNDS1
Period   0 -3952.7  -2983.77  -3729.85  -3434.3  -3018.73  -3525.46  
Period   1 -3838.16  -4541.05  -2754.19  -5284.4  -5012.16  -4787.07  
Period   2 -2677.07  -2538.91  -2370.52  -2876.4  -3786.77  -3498.4  
Period   3 -3605.38  -3689.54  -3023.4  -3708.49  -3112.51  -3473.64  
Period   4 -3372.66  -3686.08  -3099.58  -3691.91  -3573.41  -3278.11  
Period   5 -3286.91  -3900.67  -3737.15  -3561.65  -3907.78  -3280.79  
SCENARIO 58
UNDS0
Period   0 1768.46  3342.76  2807.45  4167.02  3852.29  1320.74  
Period   1 179.091  3152.7  3862.28  965.985  302.857  341.99  
Period   2 1976.96  4536.24  834.308  5530.82  4282.75  2757.67  
Period   3 7067.52  4554.39  2822.71  4876.98  5521.79  1940.66  
Period   4 2373.75  7452.35  2683.19  4180.96  7649.43  4458.4  
Period   5 3435.92  4509.66  4887.41  3874.27  6002.27  4140.95  
UNDS1
Period   0 -3529.5  -3102.83  -3607.54  -3959.96  -3632.78  -3249.37  
Period   1 -3219.48  -3665.48  -3177.35  -3734.69  -4167.58  -4060.62  
Period   2 -3169.51  -2736.58  -3452.97  -2763.77  -3385.18  -2961.71  
Period   3 -3515.93  -3051.44  -3432.86  -2949.87  -3739.28  -3394.58  
Period   4 -3341.71  -3781.08  -3733.99  -3364.31  -3003.28  -3698.52  
Period   5 -3487.29  -3871.63  -3739.25  -3089.53  -3209.04  -3641.73  
SCENARIO 59
UNDS0
Period   0 2106.88  2452.74  1127.37  1883.74  2883.49  3974.2  
Period   1 2465.92  223.703  4069.98  603.024  2325.51  1141.94  
Period   2 2468.67  2560.49  5451.11  5140.19  1734.05  1932.82  
Period   3 1505.47  5888.6  5914.48  6419.49  3537.27  6185.9  
Period   4 6109.45  2769.38  5136.86  3842.86  2918.88  7714.13  
Period   5 7000.6  2809.19  7061.98  1902.32  6495.46  2808.62  
UNDS1
Period   0 -3929.36  -3903.77  -3557.66  -3206.2  -4065.9  -4020.42  
Period   1 -4285.53  -3640.37  -3768.78  -3955.95  -5096.35  -4795.31  
Period   2 -3441.28  -2787.49  -2542.84  -2446.33  -3604.53  -3115.49  
Period   3 -3730.85  -3198.22  -3159.01  -3275.82  -3260.82  -3625.86  
Period   4 -3024.65  -3493.99  -3430.04  -3276.63  -3593.5  -3737.24  
Period   5 -3357.71  -3737.2  -3418.52  -3115.19  -3354.31  -3110.6  
SCENARIO 60
UNDS0
Period   0 1140  1367.33  3364.3  3801.63  2575.76  3362.06  
Period   1 1468.41  492.708  5013.17  5408.69  3710.05  5087.48  
Period   2 4259.28  2464.6  5951.07  2286.87  3932.84  1118.51  
Period   3 3881.44  5885.48  3675.37  4637.26  3118.86  7419.21  
Period   4 5327.02  4175.33  3466.09  7045.52  3538.56  6359.91  
Period   5 4341.88  6666.6  6994.95  2923.7  6873.72  2899.53  
UNDS1
Period   0 -3661.29  -3605.24  -3956.62  -3738.25  -3797.74  -3142.31  
Period   1 -4621.4  -2762.18  -2519.46  -4277.34  -3450.9  -4069.35  
Period   2 -3110.74  -3514.62  -3684.3  -3317.64  -3107.47  -2469.7  
Period   3 -3141.51  -3454.45  -3401.19  -3725.87  -3452.06  -3266.28  
Period   4 -3731.75  -2974.56  -3748.46  -3368.08  -3619.12  -3742.09  
Period   5 -3645.68  -3931.02  -3308.34  -3150.48  -3021.76  -3840.02  
SCENARIO 61
UNDS0
Period   0 3640.72  1299.33  1147.21  2907.45  3858.69  1953.98  
Period   1 2812.14  4703.01  363.038  3242.66  1423.26  3209.49  
Period   2 1684.97  4347.98  6614.95  3452.75  1587.65  2224.42  
Period   3 3023.39  3115.46  7154.8  2140.91  4680.14  5483.85  
Period   4 8220.45  2977.05  5919.18  4860.66  4687.52  3137.06  
Period   5 4365.75  4711.19  5502.57  6868.8  2789.54  2750.44  
UNDS1
Period   0 -3574.34  -3629.75  -3901.41  -3617.41  -3118.22  -3323.75  
Period   1 -2749.9  -3919.19  -3695.13  -4203.1  -4095.55  -4822.4  
Period   2 -2825.42  -3250.32  -2704.71  -3066.57  -3176.45  -3688.87  
Period   3 -3408.7  -2961.66  -3218.3  -3624.81  -2949.78  -3386.24  
Period   4 -3535.88  -3258.54  -3230.67  -2998.61  -3385.04  -3032.65  
Period   5 -3403.6  -3507.54  -3313.57  -3723.49  -3549.53  -3358.31  
SCENARIO 62
UNDS0
Period   0 1577.21  1940.17  3368.03  3765.18  2357.49  3494.04  
Period   1 3856.38  4565.68  2886.83  4539.84  722.796  6271.97  
Period   2 801.047  5226.84  2604.78  1825.07  1337.88  5478.67  
Period   3 4792.76  5626.37  2733.82  2839.71  7192.61  2410.65  
Period   4 4064.32  7686.48  6963.37  4264.88  3887.98  2904.92  
Period   5 6172.01  2523.87  6122.81  7002.02  2362.74  4797.66  
UNDS1
Period   0 -3894.2  -3792  -3159.16  -3357.39  -3705.93  -3074.21  
Period   1 -5203.68  -2885.84  -3314.45  -5328.49  -2699.72  -4852.52  
Period   2 -3320.31  -2531.29  -3664.54  -3638.48  -3238.61  -2951.46  
Period   3 -3423.73  -3402.67  -3092.61  -3485.51  -3257.43  -3297.23  
Period   4 -3277.58  -3205.61  -3489.02  -3432.25  -3181.52  -3119.12  
Period   5 -3819.64  -3208.04  -3616.19  -3846.29  -3476.49  -3305.76  
SCENARIO 63
UNDS0
Period   0 3565.9  3275.76  4124.71  1570.74  3623.64  1225.69  
Period   1 5153.71  1513.27  4245.08  4798.25  561.765  2377.63  
Period   2 5906.21  5097.81  1877.45  4192.7  918.449  1306.7  
Period   3 3933.43  7532.23  6822.66  4558.95  2161.64  5298.14  
Period   4 3028.82  2799.01  7018.06  5703.25  4214.69  5581.66  
Period   5 2784.17  3616.19  5117.47  6410.38  3626.08  6701.66  
UNDS1
Period   0 -3417.69  -4057.13  -3160.53  -3136.73  -3941.21  -3007.39  
Period   1 -4182.37  -3896  -3914.5  -4962.47  -4423.94  -4633.88  
Period   2 -3011.42  -3091.59  -3184.95  -3082.7  -3678.31  -3042.12  
Period   3 -3109.98  -3776.3  -3255.07  -3106.35  -3495.45  -2930.2  
Period   4 -3564.66  -3679.91  -3659.97  -3639.6  -3218.45  -3311.7  
Period   5 -3002.61  -3609.89  -3351.2  -3301.28  -3221.22  -3919.27  
SCENARIO 64
UNDS0
Period   0 2087.16  2086.5  2938.49  4135.95  3748.96  1212.49  
Period   1 2106.39  789.271  3441.23  3940.66  3269.12  3455.72  
Period   2 5553  6295.29  4510.46  1870.68  891.95  876.526  
Period   3 2330.82  3657.25  7495.54  5907.89  6507.23  4507.99  
Period   4 3469.04  3296.76  5740.61  2726.18  2541.68  5551.27  
Period   5 2246.93  1908.08  2820.19  2267.82  6797.77  6691.82  
UNDS1
Period   0 -3925.12  -3442.29  -3810.3  -3857.56  -3466.34  -3627.01  
Period   1 -3069.57  -4588.43  -4001.44  -2505.43  -4940.66  -2787.02  
Period   2 -2778.59  -2415.79  -2989.34  -3553.38  -3480.05  -3135.44  
Period   3 -3385.1  -3252.48  -3717.93  -3193.11  -2984.57  -3715.58  
Period   4 -3278.24  -3585.4  -2991.79  -3801.07  -3057.86  -3198.86  
Period   5 -3480.96  -3088.01  -3793.5  -3334.18  -3013.97  -3136.85  
SCENARIO 65
UNDS0
Period   0 2124.26  2692.56  2684.51  2060.38  1178.86  4131.42  
Period   1 1061.15  1656.58  5057.13  5618.36  2688.32  3116.87  
Period   2 6426.54  2055.35  5176.72  4467.18  996.927  812.823  
Period   3 5509.9  4678.35  3985  5465.88  7240.9  3497.16  
Period   4 1972.47  4040.56  8090.37  2594.73  4389.32  3345.05  
Period   5 4900.7  6386.14  6492.36  2524.55  6468.17  5650.01  
UNDS1
Period   0 -3072.43  -3393.5  -3717.97  -3844.29  -4027.94  -3425.18  
Period   1 -3178.28  -2996.44  -2847.95  -3801.68  -3627.26  -2580.16  
Period   2 -2755.9  -3148.69  -3763.05  -2813.7  -2477.74  -3776.92  
Period   3 -3094.73  -3406.53  -2926.23  -3213.95  -3409.17  -3692.45  
Period   4 -3714.3  -3119.63  -3263.8  -3147.08  -3381.75  -3210.05  
Period   5 -3950.23  -3398.9  -3827.99  -3296.3  -3111.75  -3831.4  
SCENARIO 66
UNDS0
Period   0 2664.16  2074.98  1877.19  3678.25  1106.37  3423.31  
Period   1 3327.09  5854.45  2731.16  3985.96  4519.09  4885.69  
Period   2 1352.87  1568.79  916.315  2892.75  4312.58  4970.71  
Period   3 5040.08  5631.02  6662.79  6447.93  3056.77  5069.44  
Period   4 2126.77  5724.26  2666.73  5104.53  6802.94  8078.01  
Period   5 6834.53  5772.08  6792.44  2622.39  3981.31  3358.47  
UNDS1
Period   0 -4009.95  -3264.99  -3695.28  -3674.18  -3755.17  -3180.63  
Period   1 -4680.68  -4027.41  -3464.43  -2981.46  -5022.11  -3091.32  
Period   2 -3746.87  -3239.8  -2630.21  -2417.45  -2562.97  -3292.05  
Period   3 -3216.6  -3563.48  -3162.77  -3207.85  -3571.19  -3603.85  
Period   4 -3201.78  -2974.44  -3780.01  -3671.73  -3587.04  -3321.77  
Period   5 -3037.49  -3710.3  -3853.84  -3602.36  -3513.99  -3755.37  
SCENARIO 67
UNDS0
Period   0 4121.79  4077.52  1256.02  3603.05  1465.86  1754.1  
Period   1 4182.68  5382.78  848.953  1797.11  597.975  1951.5  
Period   2 6055.76  4156.2  4962.25  2237.8  1383.4  1158.74  
Period   3 2554.86  2395.53  4758.98  2146.43  5624.05  6526.94  
Period   4 3109.61  4639.08  5740.9  2581.55  2249.79  2979.3  
Period   5 6188.28  4468.32  2921.78  3051.97  6494.61  4357.03  
UNDS1
Period   0 -3037.28  -3572.91  -3642.73  -3412.52  -3975.58  -3474.8  
Period   1 -4289.21  -4701.37  -3124.06  -3425.49  -5011.72  -3916.08  
Period   2 -3616.89  -3346.38  -3233.33  -3137.66  -2383.63  -2552.57  
Period   3 -3232.38  -3257.6  -3004.03  -3397.89  -3602.76  -3392.58  
Period   4 -3722.66  -3754.44  -3170.73  -3639.07  -3159.84  -3564.58  
Period   5 -3062.5  -3170.56  -3461.81  -3076.34  -3553.53  -3511.98  
SCENARIO 68
UNDS0
Period   0 1391.84  3149.62  3476.07  3021.99  4033.77  1255.74  
Period   1 4730.11  5564.91  4862.18  3579.67  4354.85  3341.13  
Period   2 6554.45  3674.11  2947.67  1882.49  3459.32  1331.33  
Period   3 6217.75  4044.6  7067.74  2903.51  4423.67  6484.88  
Period   4 2873.95  7428.49  5483.2  6860.62  7857.01  4978.73  
Period   5 3126.19  2508.22  6257.43  4618.32  6878.92  5985.56  
UNDS1
Period   0 -3366.68  -3039.09  -3514.32  -3293.81  -3232.63  -3681.34  
Period   1 -4302.35  -3868.42  -5029.15  -4544.41  -3188.11  -4751  
Period   2 -3651.48  -3617.4  -3131.94  -3568.63  -2830.69  -3567.25  
Period   3 -3372.86  -2976.73  -3394.25  -3676.52  -3759.04  -3077.29  
Period   4 -3450.44  -3715.25  -3238.39  -3703.57  -3055.75  -3748.07  
Period   5 -3134.24  -3008.74  -3233.41  -3866.54  -3485.91  -3775.95  
SCENARIO 69
UNDS0
Period   0 2541.7  2110.4  2336.53  2624.92  2162.96  3486.81  
Period   1 2984.72  2262.03  59.5801  2410.8  3012.53  2314.42  
Period   2 6428.95  3162.86  1368.59  2944.04  3587.23  1553.87  
Period   3 7287.36  7690.35  4519.52  2389.44  4013.84  4106.95  
Period   4 2269.77  3550.12  7804.32  2106.37  3408.07  2412.68  
Period   5 6458.32  2749.86  1979.91  6539.99  1923.36  6793.11  
UNDS1
Period   0 -3493.04  -3547.84  -3025.39  -3973.44  -3739.83  -3416.29  
Period   1 -4997.28  -3402.88  -2467.97  -4240.81  -2652.07  -4044.26  
Period   2 -2999.14  -3789.52  -3170.02  -3541.04  -2507.64  -2943.62  
Period   3 -2967.47  -3615.44  -3427.19  -2942.22  -3653.62  -3748.92  
Period   4 -3094.03  -3350.5  -3746.11  -3237.85  -3562.62  -3628.75  
Period   5 -3842.68  -3419.1  -3086.42  -3150.68  -3386.05  -3476.5  
SCENARIO 70
UNDS0
Period   0 2744.05  2951.36  1623.09  1630.2  1573.17  3240.45  
Period   1 3572.08  320.124  5030.41  2644.63  3785.91  2602.95  
Period   2 4587.26  5645.59  4921.09  2572.94  1122.54  1135.1  
Period   3 5112.71  4840.21  3923.37  6410.24  3601.9  1786.36  
Period   4 6779.86  5085.08  6527.47  4871.12  7433.31  2018.48  
Period   5 3681.97  6417.57  3368.15  2148.38  2423.95  6714.52  
UNDS1
Period   0 -3707.94  -3551.28  -3798.3  -3786.33  -3740.76  -3040.96  
Period   1 -4120.72  -2436.2  -3086.11  -4673.34  -2481.29  -4965.61  
Period   2 -3499.55  -3521.08  -3212.93  -2540.25  -2851.38  -2476.92  
Period   3 -3209.71  -3716.8  -3516.69  -3750.45  -3015.94  -3243.08  
Period   4 -3666.72  -3763.54  -3214.3  -3016.97  -3360.74  -3502.56  
Period   5 -3846.41  -3563.87  -3708.02  -3308.82  -3294.94  -3785.47  
SCENARIO 71
UNDS0
Period   0 2104.8  3724.89  2382.83  2157.67  1559.85  2446.19  
Period   1 827.731  4704.59  4304.48  6340.28  5564.25  3486.91  
Period   2 5672.76  6015.8  3723.08  1935.54  853.379  1666.98  
Period   3 2282.03  4881.11  7670.04  6285.5  6858.48  3445.09  
Period   4 3026.89  4239.7  8224.31  7229.34  8207.78  5940.04  
Period   5 6440.73  5972.99  6393.81  5572.46  4109.56  3386.13  
UNDS1
Period   0 -3705.04  -3696.13  -3052.92  -3187.32  -4068.68  -3318.82  
Period   1 -3127.29  -3133.52  -3770.09  -4938.38  -4017.11  -3748.73  
Period   2 -2408.19  -3598.34  -3468.29  -2419.86  -3432.16  -3320.61  
Period   3 -3114.41  -2937.19  -3042.47  -3208.76  -3659.92  -3111.47  
Period   4 -3167.39  -3033.69  -3411.58  -3231.74  -3234.04  -3748.82  
Period   5 -3504.12  -3359.87  -3693.43  -3639.56  -3189.9  -2995.13  
SCENARIO 72
UNDS0
Period   0 4136.72  3652.11  1330.23  3764.68  3009.37  1355.72  
Period   1 5378.31  2684.25  5423.98  1130.89  5482.99  4886.62  
Period   2 2603.63  2889.25  5105.55  5167.62  1826.74  1841.01  
Period   3 3234.75  5476.49  4269.72  6945.8  2241.48  3172.53  
Period   4 2347.33  6529  5563.46  6529.34  7735.26  5111.79  
Period   5 5769.14  5780.32  6028.65  3369.81  4114.99  5460.43  
UNDS1
Period   0 -3481.02  -3581.37  -3463.86  -3417.89  -3987.34  -3885.35  
Period   1 -4994.19  -5062.21  -5352.41  -4170.78  -3837.53  -3178.61  
Period   2 -2820.84  -2564.23  -2817.87  -3087.29  -2659.82  -2927.94  
Period   3 -3055.09  -3702.7  -2956.24  -3465.36  -3656.07  -3079.69  
Period   4 -3308.26  -3008.52  -3233.92  -3062.4  -3813.66  -3637.19  
Period   5 -3540.48  -3416.03  -3299.24  -3730.81  -3858.8  -3738.47  
SCENARIO 73
UNDS0
Period   0 1349.28  4110.78  2744.36  2945.16  1694.8  1990.95  
Period   1 385.936  1862.23  5909.47  3744.16  1041.13  5699.07  
Period   2 3337.4  2829.16  1291.35  1158.85  3712.32  3059.68  
Period   3 5302.4  3531.63  3474.5  2924.76  7570.24  4684.1  
Period   4 4170.5  4995.6  5949.16  6439.04  6803.02  2069.04  
Period   5 2237.3  3281.75  7017.74  4798.69  2214.62  5935.63  
UNDS1
Period   0 -2992.52  -3496.14  -3733.62  -3635.66  -3178.8  -3318.31  
Period   1 -2521.88  -3784.92  -3017.54  -2943.21  -3723.56  -5197.45  
Period   2 -3135.51  -3322.96  -2548.69  -3565.43  -3600.93  -2470.57  
Period   3 -3079.8  -3437.79  -2927.72  -3712.89  -3126.34  -3646.33  
Period   4 -3127.32  -3218.27  -3522.72  -3009.59  -3001.07  -3729.98  
Period   5 -3466.13  -3703.97  -3204.82  -3960.25  -3860.86  -3690.88  
SCENARIO 74
UNDS0
Period   0 2215.81  1912.24  2487.17  2137.02  2573.69  3933.95  
Period   1 2165.53  1286.58  340.389  4353.22  4263.77  3871.82  
Period   2 3219.71  5906.29  5569.04  1461.29  1176.49  1620.39  
Period   3 4872.13  6086.99  1804.98  6032.97  4104.31  4953.56  
Period   4 6160.91  3463.09  6915.1  3170.18  6108.58  4297.99  
Period   5 5231.43  2280.3  4696.88  2650.92  5956.29  6098.21  
UNDS1
Period   0 -3240.03  -3798.4  -3261.72  -3180.42  -3492.07  -3582.4  
Period   1 -3465.24  -4199.88  -2718.59  -3793.55  -2595.8  -3484.8  
Period   2 -3706.41  -3197.87  -2746.79  -3466.95  -2935.83  -2419.55  
Period   3 -3567.69  -3449.75  -3539.64  -3231.44  -3254.32  -3412.26  
Period   4 -3147.88  -3787.95  -3389.17  -3603.84  -3451.82  -3391.33  
Period   5 -3345.92  -3417.9  -3213.5  -3079.34  -3269.1  -3857.18  
SCENARIO 75
UNDS0
Period   0 2221.05  3738.44  2988.44  3896.15  2334.08  1904.55  
Period   1 2550.16  1531.94  1481.47  3661.87  3776.93  4063.64  
Period   2 2546.04  1371.82  3464.46  1461.63  3325.95  3342.26  
Period   3 4396.83  7612.98  5704.78  6526.97  7436.04  1600.06  
Period   4 5499.76  7411.8  8023.02  1937.47  3046.83  6597.38  
Period   5 6939.74  3824.91  5464.12  5792.24  5285.57  2886.45  
UNDS1
Period   0 -3967.25  -3798.03  -4033.11  -3928.79  -3185.23  -3655.46  
Period   1 -4975.78  -3615.48  -4227.89  -2756.2  -5351.68  -3482.57  
Period   2 -3087.57  -2960.58  -2789.32  -2596.31  -3790.14  -3502.26  
Period   3 -3126.73  -3149.63  -2970.64  -3049.64  -3154.58  -3583.21  
Period   4 -3556.6  -3646.92  -3274.6  -3431.3  -3712.35  -3255.6  
Period   5 -3078.63  -3426.65  -3263.06  -3711.41  -3054.82  -3930.86  
SCENARIO 76
UNDS0
Period   0 1929.24  3643.77  2297.79  1910.57  1990.17  2315.22  
Period   1 1832.73  6218.75  2561.91  3441.24  6350.9  551.944  
Period   2 4280.77  3257.68  2311.36  5342.95  3188.83  1223.71  
Period   3 6143.15  3857.13  6476.23  6521.78  4833.33  4766.94  
Period   4 4411.74  7889.77  6872.3  2475.28  4203.63  3647.05  
Period   5 2106.13  2371.87  7006.64  3619.78  2629.66  2045.16  
UNDS1
Period   0 -3535.93  -3455.22  -3730.32  -3885.36  -3080.24  -3879.56  
Period   1 -5299.56  -5058.17  -2766.11  -2536.87  -3711.79  -4538.12  
Period   2 -2622.65  -3177.21  -2675.49  -3500.22  -2655.42  -2671.5  
Period   3 -3158.78  -3411.6  -3705.06  -3571.48  -3632.31  -3067.44  
Period   4 -3500.87  -3042.99  -3062.26  -3678.44  -3177.84  -3800.54  
Period   5 -3446.98  -3728.51  -3782.92  -3121.1  -3131.07  -3282.5  
SCENARIO 77
UNDS0
Period   0 2668.6  1451.83  1134.52  2949.77  1428.32  1529.56  
Period   1 1063.25  5028.27  5346.87  4758.89  1816.15  432.727  
Period   2 3142.76  1363.78  5931.36  895.449  3567.97  2062.63  
Period   3 4037.93  6264.17  3742.28  2188.19  3144.93  5880.08  
Period   4 6986.24  2097.45  5332.13  7766.18  1984.17  4847.4  
Period   5 5930.46  5150.68  3592.53  6426.06  1936.42  3512.69  
UNDS1
Period   0 -3375.26  -3502.24  -3052.52  -3239.08  -3994.71  -3570.38  
Period   1 -4418.03  -3556.2  -2500.91  -2572.54  -2894.86  -5354.84  
Period   2 -2684.52  -3536.34  -2519.49  -2951.89  -2435.56  -3681.66  
Period   3 -3669.97  -3617.59  -2989.03  -3733.8  -3467.4  -3711.51  
Period   4 -3301.03  -3596.66  -3456.97  -3538.52  -3421.28  -3226.8  
Period   5 -3502.21  -3802.62  -3055.08  -3711.7  -3559.48  -3634.52  
SCENARIO 78
UNDS0
Period   0 4110.76  2123.7  3651.67  2748.63  1876.91  1470.47  
Period   1 3237.47  3390.33  1857.25  2217.37  1506.55  1844.14  
Period   2 5498.54  1535.13  2921.34  2269.92  2929.35  2443.16  
Period   3 4807.98  3728.4  3256.47  5882.03  7686.46  3502.87  
Period   4 6914.94  6498.85  3387.37  7550.62  7098.82  2977.12  
Period   5 2109.86  3380.4  2651.93  4874.55  5275.03  6783.33  
UNDS1
Period   0 -3311.78  -3097.38  -3145.76  -3490.24  -3872.25  -3507.56  
Period   1 -3998.82  -4759.46  -4292.17  -5033.56  -3280.34  -4725.34  
Period   2 -3130.09  -2405.62  -3647.66  -2790.93  -2879.21  -2685.45  
Period   3 -3217.89  -3771.76  -3719.25  -2960  -3602.33  -3384.94  
Period   4 -3532.99  -3194.04  -3444.4  -3115.81  -3267.17  -3602.65  
Period   5 -3122.03  -3152.43  -3227.88  -3073.42  -3323.29  -3931.36  
SCENARIO 79
UNDS0
Period   0 1448.51  1908.72  3915.7  3916.09  2340.06  3146.64  
Period   1 4231.47  3890.33  6131.24  1263.79  1111.38  1910.95  
Period   2 5596.48  1188.74  4126.39  6569.13  1698.65  890.819  
Period   3 5225.49  4842.06  5157  5867.79  1556.13  3777.13  
Period   4 5920.87  8092.05  3537.4  2123.93  5525.22  2684.14  
Period   5 3091.22  1994.89  2494.21  7002.5  4179.15  2706.24  
UNDS1
Period   0 -3365.01  -2994.11  -3458.7  -3588.25  -3713.6  -3708.4  
Period   1 -3375.37  -4269.89  -5264.63  -4007.42  -3118.1  -3145.1  
Period   2 -3680.68  -3680.79  -3576.16  -3131.1  -3586.79  -2751.46  
Period   3 -3491.53  -3481.37  -3779.64  -3675.51  -3232.24  -3342.81  
Period   4 -3385.17  -3402.96  -2985.8  -3422.65  -3680.29  -3806.24  
Period   5 -3144.68  -3015.77  -3649.47  -3199.08  -3795.42  -3215.89  
SCENARIO 80
UNDS0
Period   0 2513.32  3180.41  4167.82  2331.4  3207.4  1923.21  
Period   1 1639.09  484.972  5499.2  1275.93  4564.74  3867.27  
Period   2 1673.08  6088.58  4552.96  1619.16  3977.03  1499.75  
Period   3 3091.88  6674.13  3564.5  2378.48  6842.67  2572.59  
Period   4 7434.86  2204.69  5787.49  6205.87  2659.45  2445.48  
Period   5 4400.1  3248.3  4061.72  6037.15  2992.62  6707.72  
UNDS1
Period   0 -4046.72  -3094.73  -3394.06  -3758.82  -4079.74  -4032.48  
Period   1 -3174.05  -4455.47  -3047.51  -4603.2  -2603.4  -5221.74  
Period   2 -2380.98  -2954.31  -2657.13  -2504.88  -2835.53  -3274.23  
Period   3 -3237.31  -3570.52  -3350.02  -3446.13  -3175.66  -3722.35  
Period   4 -3094.48  -3277.33  -3568.85  -3023.85  -3643.49  -3137.64  
Period   5 -3772.96  -3384.24  -3486.31  -3663.85  -3776.36  -3373.59  
SCENARIO 81
UNDS0
Period   0 2004.2  1783.83  2536.43  1618.54  2716.12  1643.16  
Period   1 6124.65  4776.25  4638.01  5182.73  1809.95  150.146  
Period   2 2057.93  3353.86  4761.02  6529.83  915.665  2480.21  
Period   3 4675.5  2685.61  3851.7  4318.58  6574.5  2589.99  
Period   4 2338.44  2827.41  8249.17  7219.81  6239.07  5007.9  
Period   5 3662.02  3384.32  3508.18  6934.39  2746.31  1946.75  
UNDS1
Period   0 -3149.77  -3416.84  -2990.82  -3279.15  -3310.24  -3378.8  
Period   1 -4148.47  -3358.71  -2844.61  -4343.87  -2716.55  -3592.19  
Period   2 -3648.58  -3425.01  -3434.49  -2865.33  -3164.2  -3576.5  
Period   3 -3442.2  -3028.65  -3765.7  -3243.41  -3202.07  -3189.02  
Period   4 -3231.05  -3455.17  -3485.8  -3708.27  -3264.68  -3199.48  
Period   5 -3044.32  -3304.12  -3680.99  -3114.17  -3690.73  -3486.5  
SCENARIO 82
UNDS0
Period   0 1731.25  2749.81  3071.82  2619.99  1325.36  3681.95  
Period   1 5605.74  5761.2  1533.06  732.168  5124.93  4695.43  
Period   2 6409.56  5233.51  4851.58  989.065  1616.83  803.039  
Period   3 4017.24  3160.89  3739.67  6614.04  2945.57  2556.38  
Period   4 8294.59  4235.72  6748.21  7649.71  5439.96  3248.65  
Period   5 3620.61  5093.64  4715.81  5137.93  6845.47  6803.31  
UNDS1
Period   0 -3855.38  -3814.59  -4060.54  -3467.85  -3003.86  -4081.95  
Period   1 -4960.13  -5364.45  -4405.2  -3260.89  -4199.52  -3394.27  
Period   2 -2588.89  -2509.21  -2896.12  -2742.34  -2668.26  -3674.47  
Period   3 -3093.91  -3391.3  -3156.45  -3309.61  -3456.48  -3471.39  
Period   4 -3720.61  -3038.18  -3570.51  -3658.57  -3105.98  -3699.09  
Period   5 -3388.33  -3168.83  -3659.6  -3091.11  -3418.2  -3611.35  
SCENARIO 83
UNDS0
Period   0 3377.54  2588.95  3382.7  2775.47  1239.79  2157.56  
Period   1 2727.08  2367.25  3350.59  1340.19  5478.66  5905.76  
Period   2 4544.92  1846.86  3575.74  6376.16  1764.81  1467.63  
Period   3 6489.57  7537.17  2730.98  5215.19  3907.32  7049.44  
Period   4 4571.17  5470.58  7372.7  8010.4  7501.52  2202.09  
Period   5 3944.2  6552.84  6994.87  3913.58  6362.96  2120.39  
UNDS1
Period   0 -4068.47  -3809.2  -3953.5  -4006.58  -3807.89  -3068.16  
Period   1 -2993.59  -2681.29  -5243.55  -5057.13  -4690.01  -3191.39  
Period   2 -3663.27  -3158.9  -3466.35  -3512.47  -3729.59  -2829.78  
Period   3 -3344.4  -3638.82  -3250.02  -3268.71  -3349.44  -3283.6  
Period   4 -3119.5  -3032.71  -3692.33  -3297.72  -3239.17  -3319.61  
Period   5 -3164.98  -3465.76  -3622.77  -3639.88  -3567.32  -3543.53  
SCENARIO 84
UNDS0
Period   0 1128.69  2099.58  3548.32  1155.2  3900.28  1744.46  
Period   1 923.281  2754.2  2920.03  6369.48  2799.5  2373.01  
Period   2 1814.04  1341.8  4948.4  2739.5  4576.75  2356.78  
Period   3 5399.82  2433.04  2350.2  2598.64  5929.38  2558.42  
Period   4 2735.47  5122.37  4053.89  4228.23  6730.92  2586.59  
Period   5 4010.26  6631.91  4971.64  5723.3  2834.75  5031.68  
UNDS1
Period   0 -3364.66  -3570.24  -3470.14  -3995.68  -3701.85  -3548.97  
Period   1 -4395.37  -3086.97  -4967.08  -4022.34  -4968.67  -2955.71  
Period   2 -2828.27  -2574.37  -2945.1  -3508.59  -2630.16  -3716.79  
Period   3 -3202.07  -3204.06  -3560.19  -3736.4  -3140.59  -3466.07  
Period   4 -3268.23  -3764.97  -3165.7  -3211.19  -3692.39  -3278.98  
Period   5 -3107.9  -3092.12  -3023.59  -3233.79  -3492.49  -3970.31  
SCENARIO 85
UNDS0
Period   0 2001.65  1163.29  2224.63  1990.43  3127.31  2731.14  
Period   1 2099.64  1232.74  676.056  1575.23  155.445  1554.65  
Period   2 5462.96  3039.37  1588.18  1540.62  4782  1768.51  
Period   3 6234.27  7402.61  2147.68  4149.44  3819.63  2003.22  
Period   4 2056.63  4908.34  6953.97  3303.38  5993.14  5933.29  
Period   5 2745.9  6476.46  5202.48  5310.28  2640.22  2830.83  
UNDS1
Period   0 -3941.02  -3421.48  -3691.49  -3068.16  -3954.66  -3848.39  
Period   1 -2543.41  -4296.92  -3677.41  -2662.47  -4742.29  -4869.15  
Period   2 -3733.56  -3359.51  -3400.97  -2461.12  -3613.04  -3346.95  
Period   3 -3507.91  -3179.77  -3609.35  -3412.47  -3767.38  -3741.93  
Period   4 -3726.98  -3581.26  -3771.74  -3043.33  -3317.79  -3594.5  
Period   5 -3061.77  -3637.77  -3330.22  -3225.33  -3885.08  -3191.8  
SCENARIO 86
UNDS0
Period   0 4129.3  2642.53  1244.59  3613.24  2383.6  1644.52  
Period   1 5951.32  6152.6  6212.57  4765.16  2827.54  2343.97  
Period   2 6088.27  2409.58  812.166  4499.41  2928.13  2155.33  
Period   3 1779.31  7575.68  2653.33  3810.61  3070.22  6888.01  
Period   4 7949.86  6800.88  7297.9  5015.97  3942.64  4018.63  
Period   5 6556.49  5061.6  3790.87  4014.69  2150.65  4782.09  
UNDS1
Period   0 -3006.75  -3053.61  -3705.75  -3095.42  -3164.39  -3760.73  
Period   1 -4903.27  -4927.67  -4706.17  -3337.97  -3167.22  -5117.24  
Period   2 -2435.83  -2700.85  -3501.81  -2773.5  -3198.13  -2384.4  
Period   3 -3707.02  -3555.54  -3212.49  -3639.01  -3011.94  -3157.95  
Period   4 -3043.31  -3752.15  -3391.23  -3132.11  -3765.79  -3250.36  
Period   5 -3891.36  -3428.6  -3309.23  -3683.88  -3668.31  -3608.83  
SCENARIO 87
UNDS0
Period   0 1527.04  4167.14  1929.07  3920.61  3096.47  2056.81  
Period   1 372.163  1304.49  689.567  3655.08  1995.47  2809.03  
Period   2 1917.13  4270.49  6575.65  1946.8  3865.69  1517.07  
Period   3 2660.23  5685.21  3635.14  3960.9  7355.05  5129.23  
Period   4 6106.65  5395.32  7561.81  7962.16  3124.16  5745.12  
Period   5 6986.27  4133.09  3378.84  4115.89  5140.21  4718.25  
UNDS1
Period   0 -3446.15  -3004.29  -3356.72  -3619.32  -3151.24  -4030.07  
Period   1 -2579.5  -3044.8  -5374.3  -3878.75  -4077.25  -4828.66  
Period   2 -3450.3  -3764.79  -2979.05  -2625.55  -3031.18  -3333.63  
Period   3 -3086.98  -3263.78  -3209.23  -3278.56  -3364.8  -3015.37  
Period   4 -3339.99  -3767.76  -3108.63  -3530.45  -3222.42  -3711.79  
Period   5 -3950.7  -3298.43  -3761.78  -3583.11  -3854.3  -3586.57  
SCENARIO 88
UNDS0
Period   0 1689.74  2469.51  3701.94  1895.74  2177.67  2100.23  
Period   1 2095.84  1800.28  4112.47  542.893  2790.46  3887.12  
Period   2 4908.68  3290.42  1092.97  4997.94  2112.55  3003.62  
Period   3 5942.15  4394.31  3625.35  1982.03  4237.62  3235.68  
Period   4 5320.52  4090.15  5534.69  5669.5  4015.14  6498.36  
Period   5 5656.95  2541.48  2520.92  4193.64  6012.9  4142.58  
UNDS1
Period   0 -3606.89  -3792.95  -3489.98  -3118.02  -4038  -3036.97  
Period   1 -3333.62  -4816.38  -3216.38  -4753.77  -2853.86  -2561.14  
Period   2 -3016.37  -2433.55  -2538.33  -2605.3  -3016.47  -3243.84  
Period   3 -3743.67  -3410.68  -3111.33  -3563.89  -3421.09  -3780.33  
Period   4 -3772.53  -3457.68  -3431.75  -3167.94  -3788.4  -3099.03  
Period   5 -3212.21  -3755.43  -3804.93  -3411.24  -3880.19  -3299.64  
SCENARIO 89
UNDS0
Period   0 1896.38  3059.37  1945.85  2939.75  4158.64  2231.19  
Period   1 6325.53  4954.01  4214.22  1549.13  1445.83  5515.45  
Period   2 1632.18  2448.97  872.942  6150.32  4000.19  4571.57  
Period   3 7140.84  6199.41  7041.09  2379.14  5969.27  7699.57  
Period   4 5820.48  3166.07  1947.54  3889.55  5584.44  6951  
Period   5 3592.01  2118.29  5941.88  5866.24  4400.29  5205.28  
UNDS1
Period   0 -3907.73  -3724.12  -4036.15  -4026.43  -3174.82  -3290.67  
Period   1 -4827.74  -2633.58  -2619  -5269.6  -5217.08  -4799.66  
Period   2 -2548.28  -2822.46  -3554.36  -3627.06  -3745.17  -2785.36  
Period   3 -3694.75  -3233.95  -3513.54  -3692.55  -3078.69  -3736.23  
Period   4 -3584.94  -3721.98  -3451.69  -3627.86  -3527.24  -3166.84  
Period   5 -3309.34  -3839.5  -3910.99  -3928.03  -3452.17  -3142.69  
SCENARIO 90
UNDS0
Period   0 1650.13  2680.09  2390.71  3751.21  1170.8  1861.88  
Period   1 2248.4  988.061  3969.24  2350.36  5515.52  5534.42  
Period   2 4263.52  4866.74  5164.82  2671.75  1828.79  1206.17  
Period   3 1902.52  6865.19  2148.68  2790.19  5429.65  3802.54  
Period   4 2445.95  8251.47  6072.75  2485.21  4263.25  7156.99  
Period   5 6298.9  3914.55  2852.37  3538.19  5490.2  4480.23  
UNDS1
Period   0 -2999.08  -3166.22  -3792.79  -3894.32  -3599.78  -3749.17  
Period   1 -2726.69  -5147.86  -4992.92  -4261.72  -4242.04  -4983.62  
Period   2 -3568.12  -3325.53  -2632.25  -3469.72  -3120.94  -3297.48  
Period   3 -3221.84  -3599.35  -3214.04  -3349.4  -3444.85  -3525.1  
Period   4 -3067.77  -3210.83  -3179.96  -3505.5  -3803.28  -3621.36  
Period   5 -3938.17  -3768.84  -3965.15  -3480.55  -3051.55  -3230.79  
SCENARIO 91
UNDS0
Period   0 2238.06  2828.53  1775.25  3057.76  2954.13  3863.13  
Period   1 2877.32  2744.64  104.2  2364.51  6002.57  1936.73  
Period   2 4706.94  5410.3  4820.4  919.819  2053.76  1675.1  
Period   3 2769.95  6974.7  4318.25  1920.85  2873.33  6731.97  
Period   4 2372.53  5717.35  3495.02  5968.05  4935.53  3995.72  
Period   5 7017.63  5429.73  2706.13  3499.38  4587.75  4194.76  
UNDS1
Period   0 -3748.28  -3842.14  -3838.87  -3245.39  -3054.75  -3488.58  
Period   1 -2862.97  -4464.26  -2451.23  -2827.9  -2460.56  -5188.97  
Period   2 -3296.4  -3358.72  -2976.65  -2531.79  -2874.14  -3124.46  
Period   3 -3614.41  -3677.9  -3723.65  -3527.09  -3402.46  -3049.15  
Period   4 -3755.14  -3556.74  -2999.51  -3284.97  -3248.97  -3272.87  
Period   5 -3514.6  -3005.27  -3973.29  -3571.37  -3937.79  -3497.55  
SCENARIO 92
UNDS0
Period   0 3117.55  3396.32  1650.07  1399.25  3860.08  3357.63  
Period   1 4849.71  2118.4  1444.42  889.268  1251  3554.03  
Period   2 4129.13  6399.24  2493.55  2166.17  2342.9  2416.17  
Period   3 3505.95  5964.29  6503.66  7272.89  3311.17  2990.81  
Period   4 5982.31  3321.06  5003.55  5772.81  7773.22  7984.02  
Period   5 3999.79  3701.33  2712.58  3862.19  5807.83  5494.53  
UNDS1
Period   0 -3635.63  -3440.92  -4019.14  -3326.91  -3550.05  -3722.44  
Period   1 -4129.1  -5166.18  -5175.73  -4734.97  -4951.28  -3168.69  
Period   2 -2571.55  -3314.36  -2419.15  -3620.35  -3561.91  -2550.12  
Period   3 -3092.41  -3433.33  -3493.82  -3651.89  -3225.15  -3465.44  
Period   4 -3135.22  -3336.93  -3536.49  -3099.46  -3027.39  -3358.65  
Period   5 -3325.81  -3764.81  -3744.59  -3718.26  -3347.12  -3467.93  
SCENARIO 93
UNDS0
Period   0 2442.53  2991.17  2317.18  1382.05  3291.49  2072.21  
Period   1 4986.88  3843.56  2249.23  911.075  4445.79  857.855  
Period   2 4871.31  4160.15  3586.26  2961.7  2311.2  1476.7  
Period   3 6754.3  5265.59  6208.17  4982.41  3812.51  4084.35  
Period   4 2271.48  2489.28  5990.87  2798.65  5614.4  8108.28  
Period   5 5856.54  4119.66  2300  3706.98  2841.11  2641.34  
UNDS1
Period   0 -3837.23  -3384.28  -3681.1  -3195.96  -4039.99  -3611.37  
Period   1 -4523.36  -4646.5  -2680.02  -2950.9  -5227.69  -4771.39  
Period   2 -3806.18  -3567.38  -3583.25  -3064.68  -3605.71  -2694.61  
Period   3 -3495.44  -3404.8  -3494.17  -3214.72  -3007.2  -3619.68  
Period   4 -3285.31  -3072.85  -3614.08  -3655.99  -3515.37  -3179.13  
Period   5 -3968.78  -3607.32  -3630.48  -3295.68  -3753.79  -3371.08  
SCENARIO 94
UNDS0
Period   0 4063.86  3203.83  2421.54  2537.42  2728.15  1710.4  
Period   1 40.077  6179.56  582.399  2142.69  3788.76  1780.87  
Period   2 958.304  3509.77  1672.3  2261.4  3398.65  4877.72  
Period   3 4481.56  5671.89  1968.67  4541.11  3765.42  6043.49  
Period   4 3465.44  7647.06  4744.66  5599.29  4141.55  6830.03  
Period   5 5177.29  6928.16  3248.01  6083.53  4291.56  3296.72  
UNDS1
Period   0 -3215.98  -3684.38  -3216.77  -2997.02  -3702.11  -3989.29  
Period   1 -5328.55  -4255.62  -2668.66  -3172.6  -5001.06  -4745.94  
Period   2 -3365.11  -3655.92  -3159.72  -3806.89  -3765.33  -2815.41  
Period   3 -3123.75  -2975.26  -3766.81  -3494.2  -3308.38  -3086.13  
Period   4 -3446.61  -3675.22  -3421.05  -3467.57  -3231.93  -3129.14  
Period   5 -3955.24  -3092.05  -3302.2  -3253.45  -3519.14  -3458.53  
SCENARIO 95
UNDS0
Period   0 4173.49  2544.23  3167.22  3607.22  1397.24  1862.4  
Period   1 4098.48  1509.89  1176.73  1845.12  4300.36  4968.76  
Period   2 1818.08  4872.65  1720.45  2329.98  1619.19  5196.66  
Period   3 5170.66  3573.24  5372.46  6530.72  3015  2820.21  
Period   4 5757.4  4943.64  6104.62  4037.11  4558.12  2023.56  
Period   5 3432.91  4880.55  4865.67  5668.06  4928.04  6182.17  
UNDS1
Period   0 -3962.01  -3883.21  -3252.24  -3496.18  -3091.94  -3777.56  
Period   1 -2834.96  -3098.09  -5117.11  -3559.63  -2901.25  -5371.93  
Period   2 -3738.69  -3121.33  -3198.55  -2789.02  -3254.06  -3744.12  
Period   3 -3010.67  -3045.01  -2997.31  -3713.04  -3189.69  -3261.81  
Period   4 -3008.54  -3231.37  -3058.41  -3058.07  -3456.36  -3778.93  
Period   5 -3375.13  -3479.05  -3442.61  -3785.12  -3873.18  -3646.52  
SCENARIO 96
UNDS0
Period   0 3222.9  3319.52  1642.91  2069.02  1605.12  3232.41  
Period   1 123.64  6138.67  631.862  29.6611  2942.09  1565.48  
Period   2 1143.69  4126.89  3213.36  6313.23  3709.41  1587.21  
Period   3 5873.91  5227.65  5109.15  7011.37  7030.47  1539.33  
Period   4 2330.28  7638.34  4106.11  3961.88  6366.94  3226.17  
Period   5 3290.61  5426.92  3779.48  5728.25  6251.96  5295.23  
UNDS1
Period   0 -3895.71  -3324.61  -3120.32  -3525.25  -3530.88  -3071.7  
Period   1 -3918.61  -4368.65  -5215.33  -4750.24  -3677.71  -4588.27  
Period   2 -3176.36  -2496.15  -3158.54  -3252.55  -2399.25  -3010.54  
Period   3 -3530.9  -3012.71  -3077.14  -3573.84  -3576.4  -3706.05  
Period   4 -3231.28  -3516.59  -3724.93  -3511.82  -3135.79  -3024.13  
Period   5 -3797.36  -3450.79  -3839.19  -3741.87  -3165.09  -3855.23  
SCENARIO 97
UNDS0
Period   0 2548.94  4198.6  1806.83  3599.13  3502.71  1606.72  
Period   1 4507.44  3005.93  4338.13  3415.76  2320.29  27.154  
Period   2 3373.47  1069.12  3206.3  4456.64  2466.41  910.393  
Period   3 2641.34  4510.01  6600.37  1613.88  3863.65  7395.69  
Period   4 7781.19  7268.23  7191.38  6216.71  6647.29  1904.09  
Period   5 4567.73  3229.78  6218.92  3328.58  3397.51  6425.87  
UNDS1
Period   0 -3721.65  -3292.27  -3628.04  -3434.04  -3172.11  -3421.26  
Period   1 -5022.04  -3696.08  -5311.81  -3331.61  -4244.38  -3368.11  
Period   2 -2842.06  -2449.28  -2742.87  -3455.1  -2372.36  -3423.35  
Period   3 -3220.97  -3785.58  -3016.15  -2942.5  -3095.29  -2958.61  
Period   4 -3668.19  -3017.75  -3780.1  -3118.24  -3244.05  -3550.94  
Period   5 -3820.68  -3376.73  -3096.4  -3951.58  -3163.2  -3100.34  
SCENARIO 98
UNDS0
Period   0 2090.09  3592.16  1241.87  1994.78  3926.38  1654.89  
Period   1 837.648  3609.94  5530.73  2906.32  6001.96  3410.03  
Period   2 2707.3  4648.73  6493.01  4011.5  1380.64  831.683  
Period   3 3481.24  3573.78  2299.62  2718.33  1733.75  2199.52  
Period   4 4377.87  5070.51  7093.17  4099.08  3122.98  3221.94  
Period   5 3792.03  6475.89  2555.19  3695.3  4514.63  6177.71  
UNDS1
Period   0 -3694.4  -3852.31  -3087.14  -3675.11  -3741.16  -3095.91  
Period   1 -2772.4  -3962.3  -3316.88  -5350.83  -4243.92  -3318.2  
Period   2 -3626.46  -3003.52  -3340.01  -2601.68  -2698.75  -3470.85  
Period   3 -3334.4  -3746.3  -3682.72  -3557.02  -3641.03  -2984.64  
Period   4 -3128.03  -3782.35  -3241.58  -3275.2  -3142.23  -3051.94  
Period   5 -3205.58  -3344.59  -3395.84  -3378.05  -3541.77  -3216.35  
SCENARIO 99
UNDS0
Period   0 3397.78  2056.23  3910.33  2317.5  1964.33  2315.84  
Period   1 3145.66  3332.63  822.477  5447.88  1999.02  4543.03  
Period   2 5288.37  1854.34  4768.57  4493.92  2129.22  979.215  
Period   3 5514.7  4140.38  4087.89  5387.82  7104.05  4598.78  
Period   4 3484.11  7926.8  5300.2  5701.41  2193.67  5408.7  
Period   5 5337.33  5136.86  6514.58  3187.45  4239.81  2440.82  
UNDS1
Period   0 -3745.88  -3959.93  -3404.07  -3379.36  -3830.51  -3039.51  
Period   1 -2648.43  -4660.89  -3923.98  -3138.34  -3258.86  -5181.49  
Period   2 -3002.43  -2471.21  -3373.7  -2681.47  -2959.27  -2551.2  
Period   3 -3224.39  -3514.74  -2999.17  -3201.69  -3490.01  -3225.32  
Period   4 -3051.41  -3529.35  -3216.95  -3740.49  -3058.79  -3429.18  
Period   5 -3496.4  -3968.08  -3592.17  -3512.79  -3876.27  -3455.77  

