Instance	6	6
Horizon     6
Period	0	6	6	
Period	1	6	6	
Period	2	6	6	
Period	3	6	6	
Period	4	6	6	
Period	5	6	6	
Contract	0	0	31	5000	7200	0	1200	
Contract	0	0	33	4000	9000	102	1500	
Contract	0	0	6.017	15300	18000	0	3000	
Contract	0	0	6.893	15300	18000	0	3000	
Contract	0	0	8.035	10000	18000	0	3000	
Contract	0	0	10.114	0	15000	0	3000	
Contract	0	0	6.017	30600	36000	0	6000	
Contract	0	0	6.893	30600	36000	0	6000	
Contract	0	0	8.035	20000	36000	0	6000	
Contract	0	0	10.114	0	30000	0	6000	
Contract	0	0	6.017	45900	54000	0	9000	
Contract	0	0	6.893	45900	54000	0	9000	
Contract	0	0	8.035	30000	54000	0	9000	
Contract	0	0	10.114	0	45000	0	9000	
Contract	0	0	6.017	61200	72000	0	12000	
Contract	0	0	6.893	61200	72000	0	12000	
Contract	0	0	8.035	40000	72000	0	12000	
Contract	0	0	10.114	0	60000	0	12000	
Contract	0	0	31	5000	7200	0	1200	
Contract	0	0	33	4000	9000	102	1500	
Contract	1	0	6.017	15300	18000	0	3000	
Contract	1	0	6.893	15300	18000	0	3000	
Contract	1	0	8.035	10000	18000	0	3000	
Contract	1	0	10.114	0	15000	0	3000	
Contract	1	0	6.017	30600	36000	0	6000	
Contract	1	0	6.893	30600	36000	0	6000	
Contract	1	0	8.035	20000	36000	0	6000	
Contract	1	0	10.114	0	30000	0	6000	
Contract	1	0	6.017	45900	54000	0	9000	
Contract	1	0	6.893	45900	54000	0	9000	
Contract	1	0	8.035	30000	54000	0	9000	
Contract	1	0	10.114	0	45000	0	9000	
Contract	1	0	6.017	61200	72000	0	12000	
Contract	1	0	6.893	61200	72000	0	12000	
Contract	1	0	8.035	40000	72000	0	12000	
Contract	1	0	10.114	0	60000	0	12000	
Contract	1	0	31	5000	7200	0	1200	
Contract	1	0	33	4000	9000	102	1500	
Contract	1	0	6.017	15300	18000	0	3000	
Contract	1	0	6.893	15300	18000	0	3000	
Contract	2	0	8.035	10000	18000	0	3000	
Contract	2	0	10.114	0	15000	0	3000	
Contract	2	0	6.017	30600	36000	0	6000	
Contract	2	0	6.893	30600	36000	0	6000	
Contract	2	0	8.035	20000	36000	0	6000	
Contract	2	0	10.114	0	30000	0	6000	
Contract	2	0	6.017	45900	54000	0	9000	
Contract	2	0	6.893	45900	54000	0	9000	
Contract	2	0	8.035	30000	54000	0	9000	
Contract	2	0	10.114	0	45000	0	9000	
Contract	2	0	6.017	61200	72000	0	12000	
Contract	2	0	6.893	61200	72000	0	12000	
Contract	2	0	8.035	40000	72000	0	12000	
Contract	2	0	10.114	0	60000	0	12000	
Contract	2	0	31	5000	7200	0	1200	
Contract	2	0	33	4000	9000	102	1500	
Contract	2	0	6.017	15300	18000	0	3000	
Contract	2	0	6.893	15300	18000	0	3000	
Contract	2	0	8.035	10000	18000	0	3000	
Contract	2	0	10.114	0	15000	0	3000	
Contract	3	0	6.017	30600	36000	0	6000	
Contract	3	0	6.893	30600	36000	0	6000	
Contract	3	0	8.035	20000	36000	0	6000	
Contract	3	0	10.114	0	30000	0	6000	
Contract	3	0	6.017	45900	54000	0	9000	
Contract	3	0	6.893	45900	54000	0	9000	
Contract	3	0	8.035	30000	54000	0	9000	
Contract	3	0	10.114	0	45000	0	9000	
Contract	3	0	6.017	61200	72000	0	12000	
Contract	3	0	6.893	61200	72000	0	12000	
Contract	3	0	8.035	40000	72000	0	12000	
Contract	3	0	10.114	0	60000	0	12000	
Contract	3	0	31	5000	7200	0	1200	
Contract	3	0	33	4000	9000	102	1500	
Contract	3	0	6.017	15300	18000	0	3000	
Contract	3	0	6.893	15300	18000	0	3000	
Contract	3	0	8.035	10000	18000	0	3000	
Contract	3	0	10.114	0	15000	0	3000	
Contract	3	0	6.017	30600	36000	0	6000	
Contract	3	0	6.893	30600	36000	0	6000	
Contract	4	0	8.035	20000	36000	0	6000	
Contract	4	0	10.114	0	30000	0	6000	
Contract	4	0	6.017	45900	54000	0	9000	
Contract	4	0	6.893	45900	54000	0	9000	
Contract	4	0	8.035	30000	54000	0	9000	
Contract	4	0	10.114	0	45000	0	9000	
Contract	4	0	6.017	61200	72000	0	12000	
Contract	4	0	6.893	61200	72000	0	12000	
Contract	4	0	8.035	40000	72000	0	12000	
Contract	4	0	10.114	0	60000	0	12000	
Contract	4	0	41	1000	7000	0	1500	
Contract	4	0	44	7000	10800	0	1800	
Contract	4	0	43	5000	10800	300	1800	
Contract	4	0	44	7000	12000	696	3600	
Contract	4	0	7.396	15300	18000	0	3000	
Contract	4	0	10.774	15300	18000	0	3000	
Contract	4	0	14.692	10000	18000	0	3000	
Contract	4	0	22.112	0	15000	0	3000	
Contract	4	0	7.396	30600	36000	0	6000	
Contract	4	0	10.774	30600	36000	0	6000	
Contract	5	0	14.692	20000	36000	0	6000	
Contract	5	0	22.112	0	30000	0	6000	
Contract	5	0	7.396	45900	54000	0	9000	
Contract	5	0	10.774	45900	54000	0	9000	
Contract	5	0	14.692	30000	54000	0	9000	
Contract	5	0	22.112	0	45000	0	9000	
Contract	5	0	7.396	61200	72000	0	12000	
Contract	5	0	10.774	61200	72000	0	12000	
Contract	5	0	14.692	40000	72000	0	12000	
Contract	5	0	22.112	0	60000	0	12000	
Contract	5	0	41	1000	7000	0	1500	
Contract	5	0	44	7000	10800	0	1800	
Contract	5	0	43	5000	10800	300	1800	
Contract	5	0	44	7000	12000	696	3600	
Contract	5	0	7.396	15300	18000	0	3000	
Contract	5	0	10.774	15300	18000	0	3000	
Contract	5	0	14.692	10000	18000	0	3000	
Contract	5	0	22.112	0	15000	0	3000	
Contract	5	0	7.396	30600	36000	0	6000	
Contract	5	0	10.774	30600	36000	0	6000	
DrivableS	DS0	0
P	-2280	-2280	-2280	-2280	-2280	-2280	
Pmin	0	0	0	0	0	-6000	
Pmax	-6000	0	0	0	0	-15000	
DrivableS	DS1	12
P	2667	2667	2667	2667	2667	2667	
Pmin	0	0	0	0	0	0	
Pmax	2667	2667	2667	2667	2667	2667	
NDrivableS	NDS0	0																							
P	-80289	-72516	-73166	-78921	-80295	-80862
Storage	STOR0	0.0	0	36480	10000	0	1280	1280																	
UNDS	UNDS0	0																							
Pmin	6800	500	5300	9500	11400	11400
Pmax	17400	30600	20100	36700	37300	33700
Pdt_min	1100	0	800	1500	1900	1900
Pdt_max	4200	6400	6700	7700	8300	7100
UNDS	UNDS1	0
Pmin	-11402.56811	-13869.82889	-10444.7817	-10761.56271	-10952.9863	-11364.3823
Pmax	-9736.662379	-9457.746632	-8260.291321	-9463.895161	-9693.065202	-9890.560429
Pdt_min	-2042.160438	-2687.746236	-1904.474672	-1894.140797	-1907.093	-1988.816118
Pdt_max	-1486.858528	-1217.052149	-1176.311211	-1461.584949	-1487.1193	-1497.542163
NBScenarios 100
SCENARIO 0
UNDS0
Period   0 3512.88  3895.65  3241.8  3302.45  1985.36  1441.1  
Period   1 4646.68  4609.84  5684.06  4256.18  5662.96  4810.95  
Period   2 4468.01  4978.86  4113.48  4730.66  980.783  822.433  
Period   3 5028  7285.68  5835.67  4150.52  5688.65  6343.86  
Period   4 6826.33  6210.95  7453.34  7092.9  4544.69  4992.57  
Period   5 5139.88  5154.83  6587.56  4820.26  4273.24  4972.35  
UNDS1
Period   0 -1670.43  -1494.9  -1693.32  -1775.4  -1644.7  -1747.71  
Period   1 -1456.65  -1990.94  -1944.45  -1451.63  -1356.65  -1539.58  
Period   2 -1352.1  -1452.44  -1332.92  -1275.51  -1319.76  -1615.98  
Period   3 -1587.58  -1631.43  -1617.79  -1503.85  -1562.13  -1703.01  
Period   4 -1615.79  -1608.75  -1672.84  -1544.18  -1638.32  -1625.73  
Period   5 -1621.8  -1573.59  -1558.87  -1792.28  -1554.38  -1819.38  
SCENARIO 1
UNDS0
Period   0 3990.05  3359.34  3395.66  3985.36  1406.43  1247.95  
Period   1 5268.97  2794.08  5263.81  3493.4  4750.83  4904.49  
Period   2 4769.02  4220.37  4987.47  3742.31  1452.84  918.48  
Period   3 7020.73  6858.98  4618.6  5657.98  4640.92  5584.05  
Period   4 7323.74  6425.83  7287.51  6530.94  4640.38  3601.44  
Period   5 5562.89  5281.1  5494.54  6036.81  5108.83  5847.09  
UNDS1
Period   0 -1653.17  -1502.3  -1890.37  -1551.12  -1570.42  -1812.4  
Period   1 -1564.25  -1397.34  -1907.15  -1508.97  -1725.94  -1782.1  
Period   2 -1460.63  -1641.66  -1256.45  -1522.7  -1283.66  -1288.27  
Period   3 -1495.26  -1507.82  -1679.42  -1570.76  -1548.58  -1759.17  
Period   4 -1627.45  -1516.09  -1615.04  -1699.77  -1642.59  -1694.53  
Period   5 -1617.86  -1571.99  -1893.02  -1636.18  -1748.79  -1769.71  
SCENARIO 2
UNDS0
Period   0 3406.53  3807.53  3266.43  2903.94  2800.77  1192.17  
Period   1 5603.93  5344.8  4385.9  4752.35  4470.42  3087.16  
Period   2 4475.7  4949.68  5523.57  2544.46  1460.88  979.464  
Period   3 4512.55  4727.44  5114.73  5498.1  5911.06  6433.08  
Period   4 5929.03  7640.63  8000.16  7725.7  5463.16  2455.95  
Period   5 6471.71  3766.86  5935.2  6848.9  5853.47  4140.55  
UNDS1
Period   0 -1588.8  -1783.34  -1587.05  -1609.84  -1673.91  -1702.99  
Period   1 -1606.02  -1247.83  -1968.44  -1463.46  -1585.3  -1712.35  
Period   2 -1282.49  -1676.11  -1263.43  -1449.49  -1307.79  -1532.98  
Period   3 -1504.02  -1681.29  -1566.62  -1544.78  -1510.61  -1829.22  
Period   4 -1761.6  -1756.55  -1598.36  -1505.6  -1768.48  -1499.2  
Period   5 -1611.76  -1725.49  -1630.23  -1843.42  -1523.87  -1606.04  
SCENARIO 3
UNDS0
Period   0 2970.24  3689.42  3874.09  3880.23  1678.8  1283.99  
Period   1 6188.82  3740.63  5955.42  2469.59  3202.63  5268.97  
Period   2 5925.78  5829  4151.09  2202.43  1041.67  875.447  
Period   3 7502.23  5608.19  4903.84  6623.36  6376.3  4014.15  
Period   4 7526.47  6830.85  5685.7  6263.01  6248.93  4235.31  
Period   5 5912.6  5527.56  4753.9  5037.03  5951.66  4605.63  
UNDS1
Period   0 -1608.94  -1575.29  -1596.39  -1672.02  -1650.62  -1760.06  
Period   1 -1861.44  -1546.9  -1668.57  -1432.34  -1447.03  -1861.94  
Period   2 -1440.26  -1496.51  -1354.89  -1450.37  -1292.25  -1283.31  
Period   3 -1630.12  -1548.62  -1515.25  -1566.37  -1529.06  -1710.4  
Period   4 -1627.41  -1573.9  -1537.58  -1759.26  -1573.59  -1676.2  
Period   5 -1640.7  -1646.23  -1697.98  -1577.32  -1784.66  -1781.1  
SCENARIO 4
UNDS0
Period   0 2939.57  3446  3466.43  3293.5  2541.28  1418.35  
Period   1 4759.02  3686.36  5279.53  6056.09  2722.21  5386.54  
Period   2 6509.29  5439.8  3693.37  1945.44  1575.62  879.095  
Period   3 5016.52  5132.77  3901.43  5684.24  6167.33  5956.78  
Period   4 5472.5  5541.55  5992.38  7023.85  6633.73  5896.96  
Period   5 5587.92  5897.38  6223.73  3438.57  4643.05  6261.27  
UNDS1
Period   0 -1534.54  -1654.51  -1565.06  -1667.69  -1709.74  -1706.27  
Period   1 -1648.75  -1552.27  -1347.18  -1946.97  -1641.94  -1567.41  
Period   2 -1389.78  -1556.32  -1583.68  -1311.5  -1245.82  -1204.59  
Period   3 -1585.06  -1572.29  -1551.17  -1520.11  -1586.74  -1755.05  
Period   4 -1517.18  -1749.22  -1715.95  -1521.88  -1620.98  -1694.31  
Period   5 -1604.79  -1517.45  -1767.57  -1574.4  -1849.37  -1693.65  
SCENARIO 5
UNDS0
Period   0 2718.55  4045.97  2554.17  3314.49  2885.65  1747.1  
Period   1 5319.18  5450.36  5781.04  4641.01  4941.19  3496.74  
Period   2 5999.56  4936.89  4247.67  2205.58  1577.37  983.69  
Period   3 3911.28  5289.37  4981.43  6166.05  3390  5473.28  
Period   4 5358.71  4872.42  5523.48  4728.48  4990.73  7693.84  
Period   5 3022.37  5015.19  6805.37  6316.1  6441.93  4520.91  
UNDS1
Period   0 -1656.96  -1734.93  -1781.8  -1767.07  -1706.32  -1498.56  
Period   1 -1741.85  -2011.47  -1485.89  -1394.95  -1900.88  -1509.01  
Period   2 -1327.83  -1239.81  -1401.3  -1554.08  -1365.95  -1508.75  
Period   3 -1591  -1634.73  -1637.63  -1493.23  -1574.19  -1583.76  
Period   4 -1517.98  -1546.61  -1634.25  -1567.45  -1591.68  -1857  
Period   5 -1556.64  -1643.51  -1729.09  -1676.84  -1851.6  -1500.22  
SCENARIO 6
UNDS0
Period   0 4046.77  2813.02  3365.85  3271.51  2667.57  1216.65  
Period   1 3494.52  3401.18  1868.81  3351.84  2814.37  5600.96  
Period   2 5208.92  6453.38  4811.37  1907.73  890.188  825.81  
Period   3 3367.06  6216.25  6075.46  5029.65  6322.95  6605.62  
Period   4 5526.2  6045.23  7832.05  5138.55  3330.12  3323.29  
Period   5 6153.23  5935.05  3979.43  4277.56  4012.01  6593.04  
UNDS1
Period   0 -1615.93  -1635.85  -1616.41  -1904.49  -1688.03  -1633.91  
Period   1 -1673.86  -1645.67  -2236.08  -1653.62  -1851  -1305.14  
Period   2 -1381.34  -1224.62  -1403.57  -1246.55  -1292.5  -1772.06  
Period   3 -1665.07  -1540.32  -1613.26  -1495.37  -1646.7  -1672.22  
Period   4 -1652.1  -1521.42  -1551.67  -1687.12  -1702.34  -1764.4  
Period   5 -1840.91  -1572.14  -1630.26  -1639.06  -1560.85  -1773.44  
SCENARIO 7
UNDS0
Period   0 3696.32  3082.67  3565.81  3858.53  1963.82  1180.29  
Period   1 4070.11  2598.38  4885.48  4728.3  5521.16  5167.42  
Period   2 4298.03  4465.58  5385.08  4068.06  943.259  910.696  
Period   3 5290.88  5255.76  5787.46  6263.62  7063.32  4583.31  
Period   4 4925.63  4869.73  5415.79  7518.45  4956.04  7084.32  
Period   5 5892.68  4458.71  6456.25  6195.76  6449.01  2934.5  
UNDS1
Period   0 -1716.07  -1781.77  -1534.39  -1751.71  -1518.84  -1523.03  
Period   1 -1264.12  -1418.22  -1847.8  -1312.64  -1544.53  -2211.31  
Period   2 -1595.68  -1539.46  -1464.45  -1257.08  -1574.43  -1307.1  
Period   3 -1519.82  -1529.52  -1515.11  -1673.13  -1598.04  -1665.88  
Period   4 -1625.75  -1732.18  -1530.43  -1775.47  -1570.2  -1510.61  
Period   5 -1515.95  -1627.69  -1541.91  -1763.62  -1614.18  -1887.5  
SCENARIO 8
UNDS0
Period   0 2997.91  3295.79  2061.65  4082.4  3506.69  1361.5  
Period   1 6254.53  5806.42  4580.01  4853.18  4860.58  3300.63  
Period   2 5159.68  4029.48  5442.34  3154.12  1464.81  833.835  
Period   3 5896.02  6044.41  6176.7  4937.61  7212.88  5852.68  
Period   4 5405.72  5965.36  6721.54  7401.96  7456.09  3492.84  
Period   5 4897.07  6391.71  6090.89  4100.23  5262.22  5863.82  
UNDS1
Period   0 -1521.32  -1558.45  -1574  -1575.68  -1682.07  -1857.11  
Period   1 -1408.79  -1755.89  -1660.92  -1721.58  -1608.23  -1480.02  
Period   2 -1296.44  -1364.65  -1392.15  -1489.27  -1311.48  -1527.21  
Period   3 -1563.42  -1561.39  -1620.91  -1521.47  -1572.15  -1721.94  
Period   4 -1677.28  -1537.5  -1598.4  -1717.13  -1580.29  -1661.14  
Period   5 -1684.21  -1566.37  -1772.58  -1622.38  -1731.34  -1575.43  
SCENARIO 9
UNDS0
Period   0 3687.8  2875.12  3357.06  3242.27  2875.9  1233.76  
Period   1 3470.36  6186.33  5714.92  5284.65  5659.9  2761.14  
Period   2 5337.85  5823.83  5778.67  1390.46  861.424  843.273  
Period   3 7038.01  4509.35  6749.29  5106.9  7057.52  4984.65  
Period   4 6951.12  5715.1  6667.21  7316.12  4957.21  5086.28  
Period   5 4790.32  6971.18  3834.36  4939.06  6488.44  6137.73  
UNDS1
Period   0 -1721.18  -1631.12  -1774.45  -1622.69  -1561.13  -1562.7  
Period   1 -1456.72  -1925.42  -1325.17  -1376.81  -1523.41  -2242.01  
Period   2 -1242.56  -1631.01  -1233.37  -1579.07  -1236.98  -1342.02  
Period   3 -1549.77  -1529.51  -1646.2  -1507.77  -1631.02  -1738.17  
Period   4 -1560.97  -1608.89  -1740.82  -1641.19  -1549.69  -1699.59  
Period   5 -1569.75  -1736.33  -1658.63  -1595.13  -1663.75  -1742.42  
SCENARIO 10
UNDS0
Period   0 3524.09  3749.66  2951.35  3456.29  2429.51  1268.3  
Period   1 5867.97  3673.35  4976.16  3720.74  4240.7  4292.2  
Period   2 4631.17  4029.66  5620.61  4127.94  872.906  816.306  
Period   3 6839.76  6006.4  6641.87  4830.54  4162.85  5576.67  
Period   4 7191.12  7793.98  7262.29  6778.88  5854.63  2105.8  
Period   5 6670.14  5111.58  6717.04  5131.45  4991.43  2857.09  
UNDS1
Period   0 -1704.69  -1688.92  -1649.58  -1813.81  -1566.24  -1764.79  
Period   1 -1674.41  -1843.59  -1585.21  -1803.39  -1516.27  -1497.54  
Period   2 -1473.61  -1284.54  -1463.54  -1238.92  -1513.32  -1452.93  
Period   3 -1479.31  -1534.55  -1601.2  -1581.17  -1748.99  -1613.84  
Period   4 -1525.16  -1770.4  -1635.95  -1545.89  -1576.05  -1673.74  
Period   5 -1735.95  -1716.95  -1571.55  -1670.77  -1591.96  -1778.63  
SCENARIO 11
UNDS0
Period   0 3879.59  3138.99  4123.6  3538.18  1597.04  1120.23  
Period   1 4225.9  6130.57  2560.95  5841.96  3894.49  5308.11  
Period   2 4309.14  6497.4  5242.79  2292.92  953.196  800.898  
Period   3 6478.94  6763.67  6731.29  7557.69  7570.46  1590.81  
Period   4 3984.87  5430.89  6744.43  6932.19  6461.03  5768.34  
Period   5 3909.55  5534.99  5038.91  5752.91  5921.29  4948.09  
UNDS1
Period   0 -1528.58  -1692.66  -1829.62  -1626.5  -1582.73  -1619.32  
Period   1 -1592.39  -1720.14  -1432.56  -1898.27  -1587.21  -1470.86  
Period   2 -1238.14  -1322.6  -1325.75  -1600.64  -1332.69  -1567.18  
Period   3 -1539.55  -1489.7  -1506.2  -1507.33  -1652.44  -1849.3  
Period   4 -1620.27  -1581.23  -1595.71  -1539.37  -1547.06  -1838.65  
Period   5 -1611.65  -1557.6  -1827.7  -1656.55  -1564.77  -1769.91  
SCENARIO 12
UNDS0
Period   0 3475.21  3585.09  3210.21  2971.83  2653.4  1382.93  
Period   1 4147.63  3137.09  2865  5139.89  4890.87  4581.71  
Period   2 6169.32  4215.06  5226.14  2483.47  986.209  968.173  
Period   3 6572.26  7367.33  6956.05  6750.91  7412.23  1603.64  
Period   4 7923.72  4684.22  6642.03  7323.36  5899.09  4151.41  
Period   5 4401.65  6143.49  4521.63  6422.53  6490.26  5375.72  
UNDS1
Period   0 -1566.91  -1617.45  -1818.97  -1856.99  -1583.61  -1902.23  
Period   1 -1353.1  -1402.48  -1349.25  -1600.33  -1561.4  -2276.49  
Period   2 -1450.36  -1587.94  -1274.33  -1317.1  -1321.91  -1351.2  
Period   3 -1585.72  -1505.77  -1550.87  -1616.94  -1581.77  -1746.47  
Period   4 -1641.12  -1579.21  -1616.79  -1523.8  -1622.94  -1754.98  
Period   5 -1606.65  -1630.69  -1573.05  -1783.35  -1733.02  -1712.7  
SCENARIO 13
UNDS0
Period   0 2335.75  3313.69  3228.35  3269.02  4133.97  1117.51  
Period   1 5993.16  4809.13  3426.7  3174.27  5066.12  3930.86  
Period   2 5601.5  5814.3  2467.88  1699.75  2948.64  1312.02  
Period   3 3481.87  7160.02  7052.15  5873.8  5064.96  3988.2  
Period   4 5780.07  5884.16  5793.61  6788.35  7060.26  5017.25  
Period   5 4130.94  4746.4  5604.87  4774.18  5578.19  5291.37  
UNDS1
Period   0 -1900.2  -1589.91  -1783.57  -1645.84  -1574.49  -1815.1  
Period   1 -1543.66  -1493.13  -1585.35  -1957.8  -2031.87  -2065.05  
Period   2 -1307.96  -1613.5  -1207.32  -1295.16  -1480.82  -1552.22  
Period   3 -1543.31  -1494.87  -1467.72  -1474.74  -1746.25  -1793.37  
Period   4 -1527.61  -1528.91  -1616.93  -1707.48  -1546.92  -1829.75  
Period   5 -1749.56  -1619.68  -1687.73  -1556.69  -1781.94  -1545.48  
SCENARIO 14
UNDS0
Period   0 3325.6  3321.49  3169.37  2357.49  3767.63  1394.5  
Period   1 4200.15  4507.44  4689.5  5572.13  4582.43  6044.52  
Period   2 5116.83  6316.58  5440.06  1452.24  964.453  808.604  
Period   3 7467.49  5313.86  5398.51  2727.66  5154  6017.01  
Period   4 4870.53  6938.93  6423.51  7267.3  7752.57  3843.29  
Period   5 5640.51  6523.9  6568.64  4844.99  5578.4  3168.18  
UNDS1
Period   0 -1568.59  -1583.18  -1633.13  -1776.97  -1644.15  -1702.05  
Period   1 -1308.25  -1896.51  -1520.56  -1774.77  -1424.82  -1827.18  
Period   2 -1308.1  -1383.02  -1538.79  -1466.32  -1584.28  -1310.1  
Period   3 -1592.73  -1607.82  -1494.53  -1541.26  -1579.33  -1747.18  
Period   4 -1679.54  -1564.09  -1633.27  -1619.78  -1609.94  -1715.94  
Period   5 -1599.86  -1560.98  -1716.59  -1527.03  -1608.78  -1895.85  
SCENARIO 15
UNDS0
Period   0 3897.32  3394.35  3826.64  3015.05  1616.5  1552.23  
Period   1 4604.26  3437.19  4994.42  5777.78  3670.67  3108.69  
Period   2 5490.06  5645.81  4915.17  1971.85  1181.51  823.882  
Period   3 7407.67  4488.19  7158.44  5393.51  4262.86  6230.64  
Period   4 5548.45  6077.29  7715.68  5403.71  7580.9  4223.51  
Period   5 6511.69  6074.5  4903.95  3934.11  5255.62  4927.94  
UNDS1
Period   0 -1538.51  -1724.78  -1578.66  -1652.31  -1580.89  -1813.19  
Period   1 -1492.64  -1232.21  -1371.6  -1457.72  -1773.91  -2187.69  
Period   2 -1462.56  -1282.65  -1365.56  -1574.39  -1458.35  -1379.72  
Period   3 -1516.76  -1694.04  -1509.81  -1735.24  -1482.04  -1716.44  
Period   4 -1629.72  -1664.95  -1621.52  -1547.97  -1638.89  -1616.76  
Period   5 -1551.24  -1569.36  -1665.05  -1614.74  -1682.65  -1872.43  
SCENARIO 16
UNDS0
Period   0 2641.97  3017.94  3627.06  3139.25  2968.15  1850.68  
Period   1 4092.71  2801.38  4556.99  3588.11  4551.76  4932.86  
Period   2 3815.84  4039.27  3914.71  4289.37  2742.29  1268.48  
Period   3 5716.22  7104.62  6081.35  5078.93  5874.24  4337.82  
Period   4 5515.77  5265.47  6161.03  8149.11  5055.92  5882.91  
Period   5 6332.7  6769.25  6949.08  4875.19  4473.31  3789.03  
UNDS1
Period   0 -1648.04  -1632.68  -1662.62  -1700.48  -1642.28  -1663.28  
Period   1 -1807.31  -1309.61  -1719.48  -1304.02  -1362.39  -2296.94  
Period   2 -1390.93  -1344.32  -1256.03  -1388.49  -1234.45  -1666.37  
Period   3 -1559.58  -1746.83  -1495.74  -1610.37  -1494.14  -1672.61  
Period   4 -1514.09  -1701.2  -1649.35  -1620.91  -1612.82  -1677.65  
Period   5 -1659.32  -1681.22  -1637.15  -1601.44  -1687.49  -1781.76  
SCENARIO 17
UNDS0
Period   0 2383.33  3172.58  3607.09  2999.66  3598.7  1541.5  
Period   1 6144.38  3276.87  5092.07  3173.42  5306.13  4291.01  
Period   2 6058  5254.76  4995.3  2010.14  955.974  823.909  
Period   3 7056.77  7424.02  5747.43  5064.34  6693.93  4100.65  
Period   4 6820.91  6349.29  6268.6  4916.71  7095.38  4955.92  
Period   5 5736.82  4934.5  4680.65  5397.22  4898.3  5482.93  
UNDS1
Period   0 -1616.56  -1578.11  -1625.68  -1841.15  -1684.86  -1724.95  
Period   1 -1399.76  -2022.33  -1768.33  -1551.71  -1461.79  -2279.26  
Period   2 -1399.16  -1397.01  -1269.71  -1472.39  -1405.88  -1423.73  
Period   3 -1533.64  -1573.85  -1555  -1541.65  -1527.39  -1753.51  
Period   4 -1653.51  -1587.7  -1607.89  -1694.93  -1641.93  -1768.47  
Period   5 -1671.55  -1664.03  -1616.19  -1609.42  -1631.1  -1878.03  
SCENARIO 18
UNDS0
Period   0 2297.29  2417.52  4127.17  1790.2  3496.26  2249.19  
Period   1 5710.32  5791.99  5540.15  5655.26  4848.31  2343.33  
Period   2 6358.24  4203.6  5126.19  1974.29  1469.36  913.902  
Period   3 5559.98  7601.26  5883.83  7135.77  4064.37  6237.29  
Period   4 5042.34  6644.35  6591.44  5783.36  7606.53  5121.33  
Period   5 5118.2  5284.46  3472.49  5436.21  5325.86  6393.45  
UNDS1
Period   0 -1646.39  -1698.68  -1508.89  -1578.4  -1708.5  -1613.98  
Period   1 -2036.52  -1539.42  -1667.7  -1454.84  -1550  -1758.95  
Period   2 -1413.46  -1483.5  -1416.34  -1235.24  -1568.79  -1403.61  
Period   3 -1628.4  -1643.7  -1624.13  -1590.61  -1613.4  -1670.92  
Period   4 -1575.68  -1563.52  -1565.68  -1623.45  -1607.81  -1776.51  
Period   5 -1687.97  -1719.56  -1791.57  -1544.93  -1563.51  -1589.9  
SCENARIO 19
UNDS0
Period   0 3694.67  3816.78  3654.06  2774.85  1914.28  1472.78  
Period   1 6016.54  4401.89  4945.77  5194.89  2286.41  4765.23  
Period   2 5885.98  3971.33  3695.35  4154.48  1409.99  966.82  
Period   3 4588.16  4158.03  6697.6  6634.06  6123.75  4898.63  
Period   4 6328.24  7625.56  3906.52  6973.76  6550.51  4065.11  
Period   5 6326.6  6736.94  5306.73  6153.51  5606.34  3433.05  
UNDS1
Period   0 -1574.71  -1586.69  -1659.41  -1693.32  -1706.09  -1540.92  
Period   1 -1424.07  -1881.58  -1703.16  -1475.93  -2057.48  -1580.79  
Period   2 -1316.63  -1363.3  -1376.3  -1281.43  -1330.85  -1695.5  
Period   3 -1703.12  -1601.65  -1649.37  -1540.9  -1512.03  -1662.46  
Period   4 -1669.58  -1507.94  -1535.6  -1650.94  -1653.44  -1734.84  
Period   5 -1563.62  -1643.95  -1558.97  -1666.49  -1741.16  -1751.82  
SCENARIO 20
UNDS0
Period   0 3391.26  3726.76  3781.39  3747.31  1278.77  1464.37  
Period   1 5481.87  4003.36  5184.36  4747.54  4632.19  5482.84  
Period   2 6087.17  5989.69  4433.02  1719.59  974.071  850.062  
Period   3 6149.71  6832.8  4085.9  6280.15  3893.69  6871.15  
Period   4 5567.16  7589.35  6712.17  6195.88  6521.65  4409.16  
Period   5 6430.23  4951.8  6450.42  6097.3  5980.2  2888.59  
UNDS1
Period   0 -1511.62  -1554.55  -1577.96  -1599.47  -1556.37  -1980.96  
Period   1 -2207.24  -1636.02  -1885.9  -1679.85  -1812.7  -1486.09  
Period   2 -1233.52  -1222.39  -1378.41  -1496.48  -1213.87  -1800.57  
Period   3 -1604.57  -1520.26  -1564.36  -1474.19  -1485.12  -1816.52  
Period   4 -1512.84  -1662.97  -1608.42  -1598.07  -1634.88  -1734.61  
Period   5 -1798.17  -1524.07  -1642.86  -1654.32  -1674.37  -1675.52  
SCENARIO 21
UNDS0
Period   0 4183.15  3527.81  2289.75  3375.08  2296.5  1541.32  
Period   1 4801.62  5667.51  6291.42  3361.72  6176.63  3190.1  
Period   2 5863.62  4522.6  3515.05  3372.37  1405.17  1331.51  
Period   3 7218.82  6146.88  6193.49  6756.01  5705.88  3079.91  
Period   4 6679.87  8129.44  7372.47  5926.2  6154.65  2803.79  
Period   5 6325.31  5915.66  5464.4  6277.02  6159.4  2586.72  
UNDS1
Period   0 -1630.09  -1755.57  -1572.92  -1651.97  -1742.29  -1599.58  
Period   1 -1860.76  -1545.78  -2271.51  -1410.59  -1500.82  -1311.83  
Period   2 -1325.35  -1277.87  -1317.38  -1230.58  -1562.24  -1686.42  
Period   3 -1520.46  -1582.08  -1660.04  -1565.5  -1639.44  -1686.88  
Period   4 -1711.06  -1669.06  -1622.28  -1624.24  -1669.89  -1650.05  
Period   5 -1805.2  -1577.78  -1615.31  -1846.63  -1764.57  -1584  
SCENARIO 22
UNDS0
Period   0 3306.48  3004.67  3022.37  3339.32  3485.71  1219.18  
Period   1 2762.92  5267.05  5398.81  5780.78  5631.45  4502.98  
Period   2 4875.44  6403.41  4980.56  1631.1  1264.87  893.793  
Period   3 5111.5  6687.72  5296.73  4836.88  5053  5367.02  
Period   4 8032.8  7694.04  7451.9  7440.2  3835.9  2789.72  
Period   5 4613.29  6258.11  6520.7  4584.82  4375.42  6194.22  
UNDS1
Period   0 -1807.32  -1784.95  -1747.77  -1611.99  -1800.53  -1533.4  
Period   1 -1407.84  -1531.59  -1880.01  -1489.24  -1363.69  -2128.78  
Period   2 -1478.78  -1238.24  -1429.09  -1237.16  -1257.62  -1667.48  
Period   3 -1607.65  -1619.79  -1685.05  -1725.53  -1538.8  -1564.43  
Period   4 -1496.65  -1613  -1509.59  -1554.96  -1797.58  -1793.15  
Period   5 -1772.1  -1582.03  -1666.76  -1561.11  -1693.42  -1752.72  
SCENARIO 23
UNDS0
Period   0 3194.2  2950.06  3726.87  3824.91  2331.28  1306.38  
Period   1 2386.05  3556.69  4891.6  4501  3544.32  1276.13  
Period   2 4649.1  4585.98  5904.21  2440.82  1340.28  1091.63  
Period   3 6667.79  6775.26  6321.59  6411.97  6339.6  3516.59  
Period   4 7640.27  4439.1  7398.26  5710.54  7431.41  3016.06  
Period   5 6558.89  6790.85  4194.98  5833.03  6286.7  3422.51  
UNDS1
Period   0 -1676.54  -1556.32  -1601.01  -1619.61  -1667.21  -1825.62  
Period   1 -1414.58  -1936.77  -1476.6  -1391.6  -1618.43  -1870.65  
Period   2 -1372.68  -1230.17  -1664.31  -1462.63  -1317.26  -1725.14  
Period   3 -1535.9  -1491.93  -1495.91  -1684.35  -1620.01  -1707.82  
Period   4 -1619.12  -1569.9  -1718.23  -1512.32  -1558.9  -1762.01  
Period   5 -1638.4  -1618.59  -1660.74  -1545.59  -1626.17  -1849.45  
SCENARIO 24
UNDS0
Period   0 3418.65  3290.37  3863.06  3678.36  1819.83  1235.73  
Period   1 4573.7  2676.48  3651.37  4169.2  4853.96  3775.47  
Period   2 4561.9  3819.14  5360.17  3969.55  1390.72  973.658  
Period   3 6842.26  6783.87  6859.34  4359.07  6005.6  5550.16  
Period   4 7889.22  4274.42  6454.96  6427.3  7688.57  4139.17  
Period   5 4149.87  6523.34  2950.22  5983.43  4977.64  5664.36  
UNDS1
Period   0 -1680.25  -1775.14  -1809.93  -1639.05  -1553.66  -1543.02  
Period   1 -1461  -1513.03  -1516.44  -2272.99  -1574.39  -1615.13  
Period   2 -1237.39  -1241.35  -1479.04  -1215.83  -1398.32  -1802.76  
Period   3 -1737.35  -1543.6  -1752.43  -1608.88  -1551.94  -1647.61  
Period   4 -1503.08  -1631.35  -1577.74  -1604.35  -1694.65  -1708.81  
Period   5 -1576.11  -1538.56  -1675.73  -1633.33  -1774.13  -1846.93  
SCENARIO 25
UNDS0
Period   0 3656.72  3702.63  3510.51  3264.71  1821.48  1377.88  
Period   1 5056.64  5028.91  4988.87  4953.92  3159.27  6024.81  
Period   2 4698.17  5811.24  6424.87  1478.19  852.575  823.428  
Period   3 6307.04  6060.65  6553.46  6557.78  6410.72  4010.51  
Period   4 4675.79  4917.16  7165.59  4887.17  5263.05  7853.13  
Period   5 5390.08  6455.37  5664.65  4156.8  5714.7  5967.78  
UNDS1
Period   0 -1528.28  -1688.34  -1631.71  -1523.06  -1809.92  -1754.2  
Period   1 -1807.23  -1791.45  -1640.96  -2048.03  -1391.56  -1599.74  
Period   2 -1306.5  -1303.44  -1323.64  -1503.64  -1228.98  -1709.72  
Period   3 -1600.11  -1504.36  -1553.9  -1587.48  -1531.97  -1726.8  
Period   4 -1727.69  -1719.25  -1635.61  -1659.44  -1524.67  -1585.4  
Period   5 -1690.75  -1553.99  -1731.6  -1549.34  -1555.44  -1869.72  
SCENARIO 26
UNDS0
Period   0 3435.42  3905.98  3637.28  3299.19  1648.45  1423.83  
Period   1 3079.11  3123.51  5711.87  2170.07  5949.56  5315.08  
Period   2 4948.92  6193.97  3870.88  2485.1  1187.15  1225.13  
Period   3 7169.55  6164.78  5484.48  5475.47  7141.44  3571.29  
Period   4 6395.22  7696.51  4735.33  5425.84  6027.09  5929.73  
Period   5 5195.4  6353.15  6677.76  3718.34  3075.25  4215.1  
UNDS1
Period   0 -1755.73  -1707.43  -1634.83  -1546.48  -1870.39  -1611.01  
Period   1 -1242.57  -1400.72  -1504.73  -1571.56  -1888.48  -1909.33  
Period   2 -1438.39  -1471.02  -1448.94  -1457  -1621.46  -1431.64  
Period   3 -1689.11  -1498.25  -1491.97  -1596.48  -1753.16  -1523.96  
Period   4 -1584.62  -1628.49  -1600.23  -1623.83  -1558.97  -1716.45  
Period   5 -1773.87  -1574.32  -1763.76  -1752.2  -1675.52  -1627.99  
SCENARIO 27
UNDS0
Period   0 2167.61  3393  3219.56  3451.92  3091.06  1734.86  
Period   1 4604.66  3130.98  5286.73  2650.33  4274.39  5361.08  
Period   2 4654.24  5030.32  4936.16  2763.94  1453.15  992.434  
Period   3 6164.1  6422.53  5515.3  7117.54  5142.18  5290.51  
Period   4 7789.19  5470.5  6163.69  4149.88  5967.84  6217.94  
Period   5 6887.11  5843.22  5394.52  6344.18  5651.53  2805.41  
UNDS1
Period   0 -1635.63  -1609.93  -1615.51  -1754.16  -1733.3  -1627.46  
Period   1 -1886.68  -1250.58  -1348.95  -1409.77  -1999.98  -2005.51  
Period   2 -1395.96  -1432.15  -1467.83  -1369.07  -1530.53  -1479.05  
Period   3 -1505.95  -1508.45  -1664.6  -1624.69  -1664.58  -1651.83  
Period   4 -1662.71  -1509.61  -1639.38  -1610.5  -1632.46  -1721.7  
Period   5 -1763.33  -1553.09  -1591.75  -1736.39  -1545.94  -1760.97  
SCENARIO 28
UNDS0
Period   0 3585.85  3048.27  4048.18  4076.8  1451.02  1159.36  
Period   1 4821.99  5442.07  5733.82  5464.17  3759.42  3679.19  
Period   2 6338.85  4427.05  3974.91  2805.57  1412.47  1007.85  
Period   3 4231.58  3768.7  6685.19  4801.19  5559.83  6154.61  
Period   4 6234.65  7029.81  2596.59  6559.01  7529.7  6391.66  
Period   5 7000.01  4568.13  6254  4794.42  5426.17  3209.91  
UNDS1
Period   0 -1698.42  -1851.73  -1711.68  -1594.01  -1766.51  -1655.73  
Period   1 -1868.43  -1583.54  -1751.9  -1908.03  -1522.32  -1591.58  
Period   2 -1451.34  -1230.44  -1292.16  -1625.26  -1242.46  -1529.45  
Period   3 -1648.82  -1682.5  -1554.83  -1564.04  -1550.22  -1556.79  
Period   4 -1666.04  -1534.61  -1623.22  -1554.81  -1647.31  -1698.09  
Period   5 -1642.73  -1699.48  -1521.52  -1525.41  -1738.43  -1854.31  
SCENARIO 29
UNDS0
Period   0 3645.26  2147.69  3929.84  3285.43  2262.24  1464.19  
Period   1 3959.55  4162.3  4703.13  3733.33  5165.63  5486.25  
Period   2 5638.55  4762.17  5958.84  1932.58  986.647  815.33  
Period   3 6594.48  5027.83  6881.26  6454.32  7014.69  3182.75  
Period   4 4599.35  6219.8  7056.07  7227.06  7008.75  4439.32  
Period   5 5796.76  4813.53  5753.91  6246.38  5016.57  3198.03  
UNDS1
Period   0 -1511.55  -1629.89  -1800.98  -1679.34  -1799.28  -1559.72  
Period   1 -1930.52  -1737.94  -1953.13  -1812.92  -1730.83  -1598.29  
Period   2 -1358.21  -1714.64  -1581.08  -1390  -1201.71  -1639.85  
Period   3 -1634.05  -1714.87  -1623.5  -1724.45  -1632.78  -1577.25  
Period   4 -1500.66  -1702.68  -1731.78  -1656.51  -1540.23  -1711.76  
Period   5 -1575.75  -1673.64  -1710.5  -1823.1  -1645.75  -1602.01  
SCENARIO 30
UNDS0
Period   0 3598.62  3049.43  3381.99  3057.55  2768.1  1461.46  
Period   1 5015.55  5413.83  6041.91  5128.13  4073.01  2974.84  
Period   2 5252.15  3757.44  5833.72  2663.64  1646.09  937.37  
Period   3 7148.82  5346.54  6109.56  7097.97  4730.15  4973.28  
Period   4 5295.56  4776.82  5819.55  6143.48  4492.25  6682.66  
Period   5 5913.04  6199.1  4469.04  6767.2  5412.34  4463.79  
UNDS1
Period   0 -1594.45  -1619.17  -1640.26  -1809.53  -1651.94  -1726.1  
Period   1 -1773.74  -1261.83  -1342.43  -1665.54  -2126.7  -1513.4  
Period   2 -1257.85  -1588.6  -1312.63  -1508.1  -1397.1  -1441.51  
Period   3 -1574.7  -1611.9  -1614.46  -1613.46  -1474.26  -1585.75  
Period   4 -1576.43  -1537.46  -1616.68  -1649.54  -1661.22  -1748.23  
Period   5 -1789.67  -1707.13  -1664.02  -1656.14  -1615.11  -1570.12  
SCENARIO 31
UNDS0
Period   0 3688.58  2921.42  3665.79  3505.89  1941.16  1479.49  
Period   1 5359.81  3779.37  4513.99  5365.41  5060.99  4968.97  
Period   2 3490.47  3437.7  4302.75  4124.73  3355.65  1306.89  
Period   3 6363.82  6126.59  6704.81  5757  6746.98  4416.5  
Period   4 5494.54  7452.87  6559.62  5557.98  6097.52  4796.04  
Period   5 5848.73  6081.64  6084.94  4491.73  5304.18  4714.13  
UNDS1
Period   0 -1680.81  -1584.85  -1598.86  -1513.37  -1647.89  -1803.25  
Period   1 -1508.72  -1677.18  -1897.07  -1629.64  -1781.31  -1476.29  
Period   2 -1472.47  -1468.67  -1327.33  -1369.01  -1532.85  -1367.63  
Period   3 -1517.68  -1594.94  -1587.32  -1546.11  -1615.79  -1717.31  
Period   4 -1669.38  -1571.38  -1635.63  -1729.09  -1620.54  -1656.72  
Period   5 -1555.41  -1572.9  -1571.67  -1507.96  -1819.04  -1903.58  
SCENARIO 32
UNDS0
Period   0 3450.42  2732.8  3402.45  2254.21  3039.06  2281.85  
Period   1 5495.58  4106.39  4911.86  4997.22  3997.26  4550.45  
Period   2 5090.02  6471.21  4443.1  2097.78  995.705  913.95  
Period   3 6259.66  5721.57  6508.29  5187.85  6581.9  4710.41  
Period   4 8172.12  6153.71  7421.45  5027.38  6552.38  3496.53  
Period   5 5996.61  6333.65  5990.81  4764.6  5726.25  3888.42  
UNDS1
Period   0 -1677.9  -1566.92  -1663.22  -1722.2  -1801.11  -1736.44  
Period   1 -1387.58  -1655.99  -1932.86  -1710.56  -1369.56  -1983.04  
Period   2 -1651.94  -1283.93  -1348.23  -1324.13  -1270.3  -1454.71  
Period   3 -1579.23  -1604.11  -1572.99  -1670.46  -1568.14  -1527.13  
Period   4 -1685.96  -1559.75  -1550.85  -1552.65  -1661.94  -1758.61  
Period   5 -1655.85  -1649.59  -1766.22  -1735.98  -1564.3  -1660.54  
SCENARIO 33
UNDS0
Period   0 2559.51  3088.12  2851.59  3004.83  3212.85  2145.26  
Period   1 5615.67  4922.04  5541.76  5605.1  5903.39  1995.1  
Period   2 4292.39  5855.2  5469.72  1565.56  1735.43  1148.68  
Period   3 3908.67  3843.31  6060.32  6328.06  6455.23  6237.19  
Period   4 7524.05  6100.23  5696.59  7505.08  5060.58  4601.27  
Period   5 6522.28  5504.07  6191.34  6362.53  5363.72  3658.45  
UNDS1
Period   0 -1697.92  -1673.25  -1725.39  -1549.7  -1878.45  -1675.89  
Period   1 -1775.62  -1284.42  -1614.1  -1339.82  -1915.78  -1835.49  
Period   2 -1257.55  -1401.14  -1369.84  -1366.09  -1385.89  -1625.63  
Period   3 -1566.18  -1521.52  -1624.86  -1580.29  -1588.14  -1657.17  
Period   4 -1510.1  -1636.99  -1738.38  -1612.78  -1744.12  -1514.66  
Period   5 -1655.55  -1661.04  -1694.63  -1644.62  -1720.66  -1660.56  
SCENARIO 34
UNDS0
Period   0 3432.04  3676.02  3029.5  3329.38  2625.96  1244.11  
Period   1 4771.55  5264.43  4875.22  4175.13  6096.53  4657.58  
Period   2 4804.84  5307.35  5556.84  2317.87  1187.36  900.083  
Period   3 6102  6579.43  7246.46  5675.73  5030.19  5249.24  
Period   4 4954.19  7933.23  4843.26  7270.34  6381.34  5016.96  
Period   5 5198.73  5333.22  6372.79  6862.19  5925.08  2942.49  
UNDS1
Period   0 -1693.66  -1622.46  -1706.45  -1754.73  -1658.19  -1632.14  
Period   1 -1635.12  -1843.73  -1679.39  -1731.78  -1530.17  -1535.75  
Period   2 -1544.36  -1323.19  -1374.01  -1215.15  -1483.6  -1429.81  
Period   3 -1499.02  -1495.72  -1596.58  -1655.27  -1572.52  -1683.79  
Period   4 -1608.26  -1659.57  -1783.14  -1651.56  -1524.12  -1540.21  
Period   5 -1603.24  -1606.81  -1603.9  -1736.65  -1611.39  -1797.41  
SCENARIO 35
UNDS0
Period   0 3277.29  3819.86  3159.7  2999.09  1961.79  2064.79  
Period   1 5499.07  3941.75  5575.49  5041.25  4902.3  4268.94  
Period   2 5659.54  6056.32  3561.7  2301.48  1315.02  1155.72  
Period   3 7291.37  6020.79  6945.12  7093.69  6572.93  2656.67  
Period   4 6210.82  7644.63  6890.6  6845.44  6313.21  3175.32  
Period   5 5205.75  6536.75  6079.76  4789.28  4635.4  5598.18  
UNDS1
Period   0 -1646.2  -1660.39  -1580.38  -1573.67  -1567.45  -1776.95  
Period   1 -1630.91  -1601.59  -1666.95  -2020.49  -1270.3  -1621.54  
Period   2 -1431.68  -1326.43  -1220.11  -1338.85  -1520.73  -1555.41  
Period   3 -1615.53  -1510.45  -1766.85  -1577.42  -1680.66  -1589.15  
Period   4 -1523.49  -1650.47  -1544.25  -1499.88  -1674.07  -1812.66  
Period   5 -1731.6  -1840.24  -1817.01  -1631.07  -1761.34  -1554.92  
SCENARIO 36
UNDS0
Period   0 3902.09  3541.75  2924.48  3981.21  1750.56  1204.38  
Period   1 5139.5  1836.82  3372.54  6109.43  4720.83  3461.36  
Period   2 6049.65  5245.44  4323.29  1863.29  1683.88  904.504  
Period   3 7228.1  5941.52  6218.74  4901.48  5401.98  4441.27  
Period   4 6059.85  6346.11  8132.05  7944.34  6674.91  2062.06  
Period   5 6338.78  5827.65  5863.26  4763.04  4204.17  6016.81  
UNDS1
Period   0 -1511.35  -1533.71  -1699.8  -1559.24  -1654.3  -1849.67  
Period   1 -1698.17  -1865.75  -1464.67  -1342.17  -1684.04  -1963.73  
Period   2 -1234.44  -1347.23  -1753.75  -1296.64  -1566.2  -1604.94  
Period   3 -1680.13  -1485.47  -1516.29  -1644.64  -1503.02  -1643.11  
Period   4 -1535.63  -1537.32  -1610.68  -1638.67  -1555.23  -1838.62  
Period   5 -1544.94  -1681.21  -1629.52  -1636.76  -1697.56  -1775.81  
SCENARIO 37
UNDS0
Period   0 4006.09  2454.55  3550.31  3923.9  1388.27  1753.33  
Period   1 6077.16  3417.3  4688.07  5677.28  5247.75  3885.35  
Period   2 4577.2  4530.22  3246.51  4557.37  1876.28  1293.77  
Period   3 5375.57  6987.3  6116.35  6124.67  4401.77  4732.36  
Period   4 7333.8  8186.91  5517.34  8190.55  5975.98  2071  
Period   5 5724.89  6271.13  5594.62  3917.36  4308.12  6478.25  
UNDS1
Period   0 -1665.53  -1757.55  -1775.15  -1804.33  -1771.28  -1619.07  
Period   1 -1798.46  -1587.91  -1506.99  -1882.34  -1788.68  -1827.28  
Period   2 -1500.4  -1351.56  -1306.85  -1391.09  -1363.71  -1675.11  
Period   3 -1592.07  -1557.61  -1494.51  -1572.53  -1664.08  -1588.73  
Period   4 -1685.68  -1553.02  -1537.86  -1498.9  -1567.07  -1864.11  
Period   5 -1670.11  -1654.11  -1765.54  -1601.89  -1610.73  -1717.61  
SCENARIO 38
UNDS0
Period   0 3801.47  3834.81  3235.3  3378.81  1803.11  1290.04  
Period   1 4112.63  3206.58  4949.59  4110.64  4729.54  5690.78  
Period   2 4028.62  5106.32  4832.39  3705.64  1502.06  922.307  
Period   3 5370.88  5647.34  5594.33  5117.33  7565.79  4657.19  
Period   4 7795.53  4966.69  5500.5  6282.62  5274.28  6419.22  
Period   5 6239.43  5865.74  5494.84  5000.93  6123.85  4639.56  
UNDS1
Period   0 -1643.12  -1547.6  -1567.06  -1689.99  -1636.38  -1855.8  
Period   1 -1921.97  -1418.97  -1713.28  -1806.76  -1246.57  -1917.67  
Period   2 -1397.02  -1273.24  -1710.56  -1408.62  -1213.78  -1402.43  
Period   3 -1517.4  -1570.84  -1576.85  -1784.83  -1715.93  -1508.58  
Period   4 -1566.92  -1629.57  -1653.06  -1520.87  -1603.59  -1741.12  
Period   5 -1774.98  -1591.5  -1660.72  -1681.05  -1561.46  -1697.46  
SCENARIO 39
UNDS0
Period   0 3580.08  3477.98  3643.85  3981.57  1566.46  1133.7  
Period   1 5252.68  4241.1  4019.21  3980.04  4985.56  4112.69  
Period   2 5044.93  6154.04  5035.9  2114.99  915.743  825.76  
Period   3 5272.64  6928.85  6082.91  7451.73  6429.35  3823.32  
Period   4 7804.04  6287.52  7409.76  6529.29  6865.86  2363.8  
Period   5 4513.66  5497.98  5112.89  5402.32  6087.95  5761.96  
UNDS1
Period   0 -1508.04  -1663.25  -1541.23  -1630.36  -1531.03  -1901.61  
Period   1 -1353.34  -1769.74  -2045.68  -1310.56  -1411.09  -1778.03  
Period   2 -1551.72  -1302.56  -1406.2  -1216.3  -1355.91  -1671.29  
Period   3 -1623.62  -1525.63  -1695.19  -1599.51  -1681.02  -1661.44  
Period   4 -1550.91  -1554.01  -1710.19  -1633.43  -1572.7  -1726.22  
Period   5 -1592.04  -1634.46  -1591  -1854.42  -1747.19  -1806.13  
SCENARIO 40
UNDS0
Period   0 2496.35  3336.33  3939.54  2708.12  2883.33  1467.58  
Period   1 4485.96  5528.97  3590.51  4473.01  5411.63  3360.72  
Period   2 4319.51  5438.74  4703.37  3427.12  1291.92  863.254  
Period   3 5405.16  4930.04  5376.17  6839.88  4892.5  6074.98  
Period   4 7488.31  4847.38  7872.39  7777.93  6634.63  2475.63  
Period   5 4491.06  4989.23  6327.27  5803.17  5822.58  5075.96  
UNDS1
Period   0 -1730.78  -1564.32  -1671.28  -1630.63  -1600.76  -1678.7  
Period   1 -1923.45  -1539.56  -1567.64  -1602.2  -1326.76  -1799.82  
Period   2 -1260.58  -1539.71  -1548.16  -1348.65  -1387.05  -1299.73  
Period   3 -1562.03  -1573.7  -1634.65  -1488.1  -1653.33  -1707.02  
Period   4 -1601.5  -1559.16  -1695.06  -1607.7  -1660.29  -1693.43  
Period   5 -1726.09  -1764.5  -1639.88  -1765.43  -1544.49  -1539.92  
SCENARIO 41
UNDS0
Period   0 2375.03  3180.36  2976.98  3937.42  3776.54  1140.79  
Period   1 2581.4  3672.17  5934.76  4401  3647.85  3494.21  
Period   2 4858.6  3517.36  4287.55  5369.56  988.684  1031.77  
Period   3 6994  7197.23  6019.59  6268.41  6300.7  3420.02  
Period   4 7671.7  6293.53  6301.13  7132.79  6962.25  2460.97  
Period   5 5294.36  6466.15  6330.26  5647.27  4342.53  4863.62  
UNDS1
Period   0 -1698.75  -1685.14  -1540.97  -1640.22  -1661.37  -1633.46  
Period   1 -1507.07  -1919.68  -1305.36  -1815.38  -1907.51  -1514.61  
Period   2 -1240.42  -1370.37  -1272.55  -1432.89  -1468.24  -1671.43  
Period   3 -1550.5  -1782.7  -1564.68  -1540.97  -1499.36  -1630.04  
Period   4 -1591.59  -1629.88  -1520.26  -1564.34  -1668.32  -1727.67  
Period   5 -1601.89  -1589.63  -1571.97  -1531.41  -1633.16  -1967.03  
SCENARIO 42
UNDS0
Period   0 3196.57  3581.74  3158.92  2401.24  3070.44  1863.94  
Period   1 3897.07  4314.47  3566.96  5524.87  5324.87  4592.7  
Period   2 4910.55  3466.8  3020.19  5341.84  1982.8  1019.31  
Period   3 6517.37  3621.42  5265.62  6577.25  5900.01  7436.62  
Period   4 6624.04  6510.61  7288.29  7299.93  5573.32  2996.56  
Period   5 5668.76  4356.3  5288.34  6501.14  4266.51  5922.49  
UNDS1
Period   0 -1770.04  -1536.91  -1527.67  -1522.74  -1629.42  -1862.23  
Period   1 -1528.99  -2103.66  -1621.36  -1390.88  -1491.98  -1544.82  
Period   2 -1381.61  -1471.45  -1228.69  -1199.77  -1252.82  -1809.97  
Period   3 -1630.8  -1530.32  -1523.13  -1693.2  -1509.56  -1654.59  
Period   4 -1755.7  -1548.5  -1661.69  -1589.32  -1599.61  -1607.57  
Period   5 -1565.6  -1731.58  -1663.1  -1556.01  -1549.63  -1845.64  
SCENARIO 43
UNDS0
Period   0 3190.35  3464.67  4114.33  2419.06  2780.07  1309.46  
Period   1 2248.35  3224.72  5569.3  4665.47  5721.71  4288.62  
Period   2 6473.08  6099.24  3328.69  2484  879.505  820.028  
Period   3 7016.96  6622.82  6113.4  6221.75  6232.92  3941.68  
Period   4 5172.91  5724.99  7187.71  6682.86  7370.41  4650.39  
Period   5 4414.56  5790.67  6337.61  6044  5201.03  5826.24  
UNDS1
Period   0 -1668.98  -1657.5  -1607.29  -1562.8  -1629.85  -1734.72  
Period   1 -1697.87  -1413.4  -1664.72  -1999.19  -1914  -1580.46  
Period   2 -1467.54  -1440.52  -1358.53  -1387.58  -1473.28  -1362.47  
Period   3 -1655.03  -1583.67  -1625.17  -1617.08  -1595.51  -1576.38  
Period   4 -1626.88  -1574.1  -1661.04  -1582.46  -1544.2  -1766.48  
Period   5 -1645.05  -1640.96  -1580.47  -1596.37  -1745.76  -1839.5  
SCENARIO 44
UNDS0
Period   0 4176.5  3417.99  4052.63  3458.5  1125.25  1161.81  
Period   1 4509.15  6199.32  4910.56  5320.57  3578.24  3552.26  
Period   2 3223.63  5452.03  6005.64  2719.67  1844.69  831.492  
Period   3 6910.18  6090.53  6011.47  7326.56  4667.79  5077.27  
Period   4 6147.95  6402.78  6653.77  6868.32  8021.49  3045.65  
Period   5 5436.3  6044.54  5289.71  5574.94  6598.2  3142.76  
UNDS1
Period   0 -1721.68  -1795.47  -1581.94  -1711.5  -1631.83  -1644.84  
Period   1 -1965.89  -1985.68  -1869.45  -1904.97  -1441.22  -1312.43  
Period   2 -1208.73  -1223.82  -1188.75  -1261.05  -1543.72  -1858.05  
Period   3 -1537.52  -1541.93  -1591.07  -1493.85  -1523.48  -1839.81  
Period   4 -1629.87  -1546.68  -1649.81  -1745.67  -1581.04  -1586.21  
Period   5 -1560.85  -1622.66  -1596.91  -1720.7  -1608.46  -1804.63  
SCENARIO 45
UNDS0
Period   0 3362.19  3590.27  2665.53  3749.03  2217.17  1389.85  
Period   1 3661.15  5718.2  5313.32  5058.64  3776.37  5039.95  
Period   2 4757.01  5883.39  5195.22  2274.68  1114.76  871.318  
Period   3 5541.47  5674.41  7170.45  7001.4  6893.39  3485.06  
Period   4 7187.83  7212.54  7140.23  6692.75  6049.04  2214.84  
Period   5 5318.18  4701.92  6599.27  5489.93  5313.44  5880.55  
UNDS1
Period   0 -1603.99  -1727.47  -1749.07  -1591.89  -1712.54  -1555.73  
Period   1 -1850.32  -1581.34  -1454.37  -2069.01  -1271.63  -1538.05  
Period   2 -1425.83  -1374.87  -1417.8  -1471.03  -1308  -1479.31  
Period   3 -1538.24  -1632.94  -1662.28  -1632.73  -1582.57  -1524.71  
Period   4 -1547.27  -1596.42  -1611.41  -1713.48  -1525.15  -1749.56  
Period   5 -1597.1  -1658.75  -1629.93  -1784.36  -1660.37  -1584.76  
SCENARIO 46
UNDS0
Period   0 3831.42  3938.27  3925.53  2739.65  1761.36  1173.85  
Period   1 4823.91  4397.91  4322.35  6024.73  3277.68  1904.25  
Period   2 3520.26  5548.27  4171.73  4161.09  1695.41  913.667  
Period   3 7075.38  5215.13  6689.39  6512.43  5665.19  4685.75  
Period   4 6880.43  3952.7  5818.12  5580.85  5747.61  7174.41  
Period   5 5032.89  6072.68  6653.42  4955.62  5393.57  5369.32  
UNDS1
Period   0 -1503.92  -1637.95  -1631.35  -1574.43  -1541.64  -1879.06  
Period   1 -1568.95  -1442.15  -1422.38  -1858.27  -2022.15  -1867.5  
Period   2 -1372.89  -1510.41  -1406.67  -1302.75  -1539.45  -1489.16  
Period   3 -1595.6  -1601.14  -1525.89  -1564.37  -1692.38  -1597.07  
Period   4 -1621.09  -1678.18  -1520.09  -1520.36  -1609.31  -1749.04  
Period   5 -1597.65  -1691.05  -1608.75  -1689.68  -1636.53  -1769.81  
SCENARIO 47
UNDS0
Period   0 3878.94  3714.57  3464.09  3247.92  1868.07  1203.82  
Period   1 1581.93  3839.33  4449.78  4424.06  4503.67  5217.66  
Period   2 2960.61  5361.63  4561.65  3653.93  2503.27  892.404  
Period   3 7293.81  4728.1  7163.76  6721.08  6376.38  3564.42  
Period   4 5027.95  6909.25  7883.36  6433.05  6748.83  3060.5  
Period   5 6230.4  4658.14  6278.6  5144.19  4792.69  6203.84  
UNDS1
Period   0 -1559.75  -1567.46  -1577.51  -1542.24  -1603.2  -1892.57  
Period   1 -1454.24  -2110.32  -1568.55  -1795.99  -1600.43  -1926  
Period   2 -1429.52  -1380.46  -1367.64  -1416.45  -1413.26  -1457.44  
Period   3 -1529.94  -1562.26  -1558.44  -1587.67  -1641.89  -1658.23  
Period   4 -1552.82  -1672.47  -1633.22  -1664.32  -1538.21  -1680.96  
Period   5 -1528.69  -1569.14  -1600.37  -1567.41  -1754.63  -1922.8  
SCENARIO 48
UNDS0
Period   0 3919.44  2434.22  3875.63  2515.25  2606.6  1650.98  
Period   1 4975.71  4495.26  5766.85  3995.07  1723.64  3300.59  
Period   2 6294.55  5886.32  3344.1  2246.91  1444.29  877.328  
Period   3 6529.92  5686.38  5410.41  5802.38  5142.14  5890.13  
Period   4 5727.18  7237.43  6068.11  6050.48  6805.77  4867.2  
Period   5 5818.65  4901.43  6621.36  6725.58  5406.13  3889.23  
UNDS1
Period   0 -1698.09  -1647.71  -1619.47  -1746.82  -1682.31  -1805.2  
Period   1 -1577.47  -1605.1  -2082.9  -1758.74  -1513.37  -1235.21  
Period   2 -1403.89  -1347.49  -1372.01  -1470.51  -1552.37  -1508.93  
Period   3 -1488.36  -1561.47  -1636.72  -1571.97  -1510.18  -1821.9  
Period   4 -1602.15  -1598.11  -1540.18  -1737.03  -1580.29  -1708.77  
Period   5 -1633.35  -1587.92  -1546.77  -1652.9  -1550.39  -1940.17  
SCENARIO 49
UNDS0
Period   0 2997.5  3997.69  2274.35  3892.64  2652.58  1520.56  
Period   1 4419.28  3377.33  6201.57  4601.29  5750.9  4678.52  
Period   2 6217.48  6001.4  4620.03  1234.79  1080.23  922.235  
Period   3 5167.81  7442.37  4871.92  6312.2  6630.6  3573.83  
Period   4 6552.66  7852.47  6914.43  6504.32  6054.21  3132.95  
Period   5 6930.04  4675.61  5570.93  6031.03  6411.43  3796.57  
UNDS1
Period   0 -1552.72  -1752.08  -1790.2  -1736.02  -1668.07  -1577.88  
Period   1 -1734.75  -1873.15  -1598.67  -1937.69  -1512.5  -1659.53  
Period   2 -1548.5  -1441.99  -1451.22  -1422.58  -1443.85  -1438.93  
Period   3 -1555.09  -1623.38  -1568.16  -1692.06  -1557.46  -1562.77  
Period   4 -1749.21  -1561.97  -1753.35  -1586.21  -1711.36  -1584.24  
Period   5 -1671.16  -1756.66  -1661.48  -1644.18  -1751.96  -1609.85  
SCENARIO 50
UNDS0
Period   0 3872.88  4115.52  3566.7  2915.44  1659.42  1154.14  
Period   1 4381.82  4280.5  4036.14  4627.88  5062  4407.1  
Period   2 4993.56  5942.29  6033.5  1148.15  1141.83  834.212  
Period   3 3704.56  6196.52  5977.16  6611.39  5622.76  7133.14  
Period   4 6590.11  8081.93  4504.54  7654.58  7321.84  2735.13  
Period   5 6887.51  5471.55  4498.34  5148.54  5088.94  5441.76  
UNDS1
Period   0 -1556.01  -1595.71  -1660.1  -1526.35  -1568.37  -1897.67  
Period   1 -1577.48  -1813.12  -1808.43  -1647.04  -1799.28  -1707.62  
Period   2 -1418.26  -1345.64  -1303.76  -1367.75  -1240.04  -1652.76  
Period   3 -1581.27  -1558.35  -1537.59  -1793.93  -1559.91  -1676.25  
Period   4 -1585.02  -1674.54  -1634.02  -1532.61  -1604.18  -1813.63  
Period   5 -1722.88  -1540.79  -1638.3  -1647.39  -1675.88  -1716.34  
SCENARIO 51
UNDS0
Period   0 3615.43  3612.77  3201.95  3658.32  1882.16  1364.89  
Period   1 4802.42  4379.01  5371.55  4105.06  4873.45  5207.07  
Period   2 5317.8  4238.23  4340.87  3802.94  1537.62  854.343  
Period   3 5869.86  6173.05  6806.66  7265.64  5646.72  3706.91  
Period   4 5994.88  7111.79  4821.34  6329.04  3634.61  6840.81  
Period   5 4906.2  5297.12  6409.59  6548.36  6647.33  3736.85  
UNDS1
Period   0 -1565.76  -1652.92  -1713.88  -1500.21  -1703.16  -1679.38  
Period   1 -1744.6  -1427.1  -1807.63  -1954.67  -1468.62  -2030.07  
Period   2 -1256.97  -1631.33  -1638.79  -1460.44  -1551.46  -1340.14  
Period   3 -1505.46  -1635.84  -1565.01  -1569.4  -1508.64  -1789.5  
Period   4 -1593.14  -1657.27  -1517.26  -1617.6  -1570.54  -1783.03  
Period   5 -1761.04  -1546  -1569.94  -1562.89  -1616.82  -1856.12  
SCENARIO 52
UNDS0
Period   0 3524.14  3838.62  2588.55  2477.44  3663.92  1280.71  
Period   1 2782.47  4718.94  5794.63  5531.12  3335.67  2912.95  
Period   2 5198.59  4628.46  5454.99  2808.41  1068.97  876.671  
Period   3 6871.29  6687.75  7171.12  6285.54  6682.14  2127.86  
Period   4 4350.79  5249.76  4643.62  4598.1  7677.64  6982.87  
Period   5 4755.39  6527.51  5135.44  5134.71  6107.4  4335.84  
UNDS1
Period   0 -1635.1  -1641.9  -1702.49  -1564.34  -1647.48  -1636.34  
Period   1 -1915.7  -1827.05  -1295.71  -1772.32  -1805.34  -1421.3  
Period   2 -1455.84  -1403.39  -1351.02  -1360.36  -1234.57  -1525.48  
Period   3 -1578.24  -1601.29  -1571.88  -1572.86  -1602.63  -1764.95  
Period   4 -1613.43  -1620.64  -1550.27  -1558.59  -1627.27  -1804.3  
Period   5 -1541.25  -1641.28  -1650.46  -1629.27  -1556.66  -1895.08  
SCENARIO 53
UNDS0
Period   0 3285.04  2417.35  4068.49  3890.63  2234.02  1388.71  
Period   1 4815.14  2955.34  5917.08  4474.23  4548.67  3895.91  
Period   2 3209.51  5520.46  5144.82  4071.91  1207.92  906.481  
Period   3 5768.31  4620.37  6956.96  5207.03  7017.2  4960.49  
Period   4 6215.25  7218.39  6251.15  6939.28  7203.49  3263.72  
Period   5 6183.36  5086.78  5891.89  5637.27  5257.24  4749.18  
UNDS1
Period   0 -1642.54  -1831.55  -1561.77  -1751.97  -1537.98  -1501.92  
Period   1 -1525.21  -1381.43  -2007.33  -2076.09  -1401.72  -1611.31  
Period   2 -1330.21  -1401.42  -1269.12  -1241.96  -1423.44  -1676.45  
Period   3 -1690.92  -1588.59  -1698.64  -1601.7  -1476.12  -1589.6  
Period   4 -1593.98  -1529.77  -1642.89  -1594.34  -1498.27  -1838.11  
Period   5 -1564.36  -1624.2  -1530.67  -1660.43  -1738.75  -1834.31  
SCENARIO 54
UNDS0
Period   0 3148.4  3878.52  3171.83  3938.6  2053.4  1157.94  
Period   1 4455.87  4217.66  4201.59  2838.63  3390.85  5457.32  
Period   2 3934.38  2565.98  5942.13  4742.15  1833.57  1011.81  
Period   3 4905.37  6327.06  6813.99  5437.16  7059.64  4495.78  
Period   4 5370.8  7300.32  7419.52  6125.71  6819.8  3328.76  
Period   5 3926.22  6688.7  5155.35  7019.47  7008.96  3493.06  
UNDS1
Period   0 -1637.14  -1715.81  -1679.04  -1641.17  -1565.7  -1654.59  
Period   1 -1931.54  -1649.83  -1600.03  -1497.36  -1756.7  -2075.81  
Period   2 -1364.45  -1655.36  -1514.11  -1209.69  -1432.2  -1477.56  
Period   3 -1541.94  -1619  -1513.99  -1478.09  -1524.21  -1817.33  
Period   4 -1546.22  -1625.84  -1682.25  -1620.82  -1505.9  -1833.06  
Period   5 -1630.06  -1640.9  -1545.37  -1577.53  -1656.37  -1880.31  
SCENARIO 55
UNDS0
Period   0 3105.6  3994.35  3724.28  3564.45  1503.61  1273.92  
Period   1 5533.58  4714.99  4507.33  4616.17  5860.08  3897.68  
Period   2 4110.56  5847.72  6301.88  1921.16  1084.28  827.932  
Period   3 7120.21  5297.18  6110.53  5331.22  5556.51  3008.36  
Period   4 5505.38  7189.74  6232.95  7052.33  6516.75  4330.26  
Period   5 5058.07  5720.98  5966.34  5115.07  5898.16  5738.08  
UNDS1
Period   0 -1572.94  -1741.25  -1545.38  -1592.77  -1786.52  -1536.9  
Period   1 -1596.2  -1891.28  -1985.59  -1549.11  -1444.02  -1736.57  
Period   2 -1224.42  -1208.01  -1265.87  -1603.25  -1399.31  -1681.24  
Period   3 -1666.14  -1518.67  -1538.6  -1544.39  -1630.04  -1628.03  
Period   4 -1642.48  -1624.01  -1583.26  -1536.34  -1571.48  -1764.49  
Period   5 -1624.98  -1691.75  -1555.51  -1542.57  -1666.58  -1935.34  
SCENARIO 56
UNDS0
Period   0 2761  3759.36  3457.55  3480.09  2243.97  1465.54  
Period   1 2585.5  4601.14  4479.57  5210.83  4740.76  2142.13  
Period   2 5415  3311.53  6344.95  2500.91  1497.23  935.974  
Period   3 7309.96  6088.84  6609  6502.18  5767.41  3803.56  
Period   4 6027.43  6768.08  5194.88  6535.38  7615.92  4452.31  
Period   5 5823.53  4458.09  6227.15  5559.99  5372.81  3721.41  
UNDS1
Period   0 -1673.58  -1777.14  -1710.63  -1708.4  -1726.88  -1627.51  
Period   1 -2357.24  -2179.44  -1996.43  -1518.44  -1575.48  -1902.67  
Period   2 -1354.37  -1278.79  -1397.77  -1455.44  -1194.84  -1645.21  
Period   3 -1507.4  -1573.57  -1593.91  -1755.39  -1548.63  -1537.4  
Period   4 -1506.94  -1692.48  -1681.33  -1720.17  -1575.73  -1549.84  
Period   5 -1535.35  -1722.25  -1775.42  -1573.07  -1688.73  -1706.72  
SCENARIO 57
UNDS0
Period   0 3677.22  3063.96  3479.81  3811.52  2130.78  1224.26  
Period   1 2550.41  3706.29  5742.78  3433.86  5151.99  3520.57  
Period   2 5887.69  6193.8  4133.16  2187.36  849.987  841.549  
Period   3 6591.53  6232.88  5468.14  5323.2  6523.75  5008.88  
Period   4 7589.1  5649.19  6850.59  6802.19  7183.82  2841.56  
Period   5 5988.81  5240.56  4762.54  5697.97  4515.56  5049.29  
UNDS1
Period   0 -1727.57  -1541.57  -1669.58  -1560.44  -1626.01  -1694.82  
Period   1 -2287.04  -1441.48  -1477.94  -1451.03  -2197.87  -1876.8  
Period   2 -1785.12  -1343.53  -1356.22  -1459.43  -1369.38  -1210.38  
Period   3 -1593.48  -1625.45  -1568.68  -1583.28  -1550.31  -1622.64  
Period   4 -1606.67  -1586.49  -1682.99  -1727.12  -1605.15  -1501.7  
Period   5 -1548.08  -1785.49  -1583.47  -1597.88  -1700.74  -1825.57  
SCENARIO 58
UNDS0
Period   0 2555.2  3647.37  2252.75  2342.31  2852.53  3209.75  
Period   1 3382.89  2780.7  5489.71  5009.42  6248.41  5585.21  
Period   2 3642.7  5673.59  5628.43  2768.23  1490.36  890.456  
Period   3 6388.04  6517.09  4187.44  7178.06  6367.34  4534.73  
Period   4 7251.77  6642.6  7767.05  6488.18  6474.95  2329.65  
Period   5 5081.66  6521.78  5825.05  5456.58  5216.88  4951.58  
UNDS1
Period   0 -1531.5  -1558.28  -1722.65  -1618.61  -1659.02  -1732.78  
Period   1 -1759.62  -1660.86  -1739.08  -1686.43  -1820.14  -1612.22  
Period   2 -1465.3  -1239.45  -1564.35  -1238.35  -1369.41  -1446.74  
Period   3 -1540.43  -1642.23  -1556.05  -1582.5  -1636.99  -1713.57  
Period   4 -1735.4  -1573.74  -1514.14  -1725.5  -1658.29  -1674.59  
Period   5 -1726.55  -1699.52  -1580.18  -1608.03  -1603.68  -1769.71  
SCENARIO 59
UNDS0
Period   0 3869.04  3854.67  3268.59  3105.26  2060.49  1218.67  
Period   1 5182.65  4535.99  4931.34  4632.66  4555.6  4572.73  
Period   2 4933.47  5672.29  2758.96  3895.06  1935.81  881.241  
Period   3 4925.15  5668.16  5270.21  5433.92  4585.88  6148.48  
Period   4 5479.98  7757.42  5913.56  7568.9  7018.38  2778.37  
Period   5 6236.91  3976.08  6912.12  5466.49  5956.7  4040.43  
UNDS1
Period   0 -1623.26  -1714.78  -1781.66  -1710.51  -1662.57  -1608.7  
Period   1 -1331.74  -2167.71  -1567.32  -1394.9  -1477.34  -1698.22  
Period   2 -1493.7  -1494.01  -1257.75  -1231.2  -1703.62  -1606.43  
Period   3 -1528.4  -1543.19  -1500.55  -1521.67  -1550.54  -1834.87  
Period   4 -1535.23  -1603.41  -1522.82  -1569.55  -1709.32  -1817.07  
Period   5 -1714.6  -1589.74  -1668.76  -1628.16  -1567.43  -1827.43  
SCENARIO 60
UNDS0
Period   0 2323.19  2922.79  3447.37  3895.58  3383.48  1395.98  
Period   1 5772.64  3851.46  4559.6  5504.76  2861.56  4177.62  
Period   2 6100.13  4846.47  4164.03  2943.18  1206.34  822.512  
Period   3 5827.42  4192.33  7423.7  4511.1  6638.15  5074.17  
Period   4 7088.7  6577.49  7030.33  6067.11  6999.44  2886.9  
Period   5 4114.12  4577.87  5479.12  4753.48  5462.51  5719.27  
UNDS1
Period   0 -1567.74  -1826.64  -1684.9  -1606.3  -1698.2  -1574.86  
Period   1 -1912.19  -1748.05  -1384.32  -1480.64  -1648.89  -1989  
Period   2 -1523.42  -1581.53  -1442.68  -1390.35  -1222.02  -1263.28  
Period   3 -1590.02  -1566.48  -1576.21  -1563.82  -1513.72  -1702.48  
Period   4 -1534.2  -1627.8  -1548.91  -1772.73  -1574.44  -1713.85  
Period   5 -1598.12  -1610.41  -1696.14  -1512.85  -1798.05  -1714.33  
SCENARIO 61
UNDS0
Period   0 3524.69  3365.25  2402.21  2898.67  3447.69  1596.85  
Period   1 4810.94  5465.02  3562.24  4782.11  4414.86  4062.06  
Period   2 5970.17  5505.19  5045.32  1799.81  946.797  825.69  
Period   3 5402.8  6436.66  5014.06  6888.75  6503.61  4202.83  
Period   4 6747.02  7176.88  7798.12  6669.09  4008.22  4730.61  
Period   5 4430.06  4397.89  6315.66  5791.02  5315.94  5293.24  
UNDS1
Period   0 -1577.13  -1701.11  -1808.13  -1704.79  -1510.96  -1775.46  
Period   1 -1458.63  -2470.92  -1993.86  -1890.85  -1457.83  -1609.99  
Period   2 -1372.39  -1298.61  -1499.01  -1445.08  -1224.4  -1618.64  
Period   3 -1623.98  -1692.43  -1579.09  -1676.74  -1596.15  -1527.56  
Period   4 -1536.81  -1594.84  -1546.28  -1601.71  -1751.62  -1700.17  
Period   5 -1754.81  -1738.09  -1544.83  -1581.47  -1730.86  -1726.43  
SCENARIO 62
UNDS0
Period   0 3571.59  3918.71  3141.36  2646.02  2774.11  1342.11  
Period   1 5966.17  3579.1  4734.67  3904.8  5829.37  4837.71  
Period   2 5115.7  5328.64  4621.66  3106.81  1016.49  904.614  
Period   3 5801.02  5553.35  7061.49  4254.3  4402.92  3762.02  
Period   4 7216.39  7592.67  6767.46  7242.11  5906.52  2188.37  
Period   5 5807.88  4622.57  6540.28  6422.81  6355.99  3452.01  
UNDS1
Period   0 -1522.58  -1672.98  -1524.31  -1749.76  -1627.69  -1675.82  
Period   1 -1703.42  -1609.9  -1771.67  -1843.99  -1746.88  -1936.96  
Period   2 -1269.3  -1444.77  -1340.44  -1353.93  -1333.23  -1657.85  
Period   3 -1574.85  -1539.67  -1541.76  -1571.73  -1563.41  -1816.14  
Period   4 -1691.74  -1672.91  -1622.55  -1620.89  -1594.06  -1693.12  
Period   5 -1692.51  -1761.28  -1609.27  -1649.12  -1693.24  -1552.17  
SCENARIO 63
UNDS0
Period   0 3681.23  2814.43  3722.8  3869.62  2055.26  1189.48  
Period   1 4677.19  6020.4  6134.33  4175.24  2604.86  3878.54  
Period   2 4710.25  6026.99  6440.63  1215.22  861.982  839.396  
Period   3 6354.76  6764.91  5377.48  3488.82  4849.45  7269.34  
Period   4 6072.35  5901.61  5520.67  5919.41  7248.41  6311.16  
Period   5 5009.83  5905.14  5099.56  6281.07  4411.54  6079.23  
UNDS1
Period   0 -1709.08  -1562.12  -1517.13  -1641.61  -1662.01  -1680.24  
Period   1 -1661.3  -1369.08  -1616.36  -1916.52  -1275.57  -1821.57  
Period   2 -1315.11  -1322.55  -1505.88  -1386.52  -1323.14  -1638.7  
Period   3 -1564.67  -1569.64  -1701.77  -1606.54  -1494.16  -1559.68  
Period   4 -1525.88  -1745.27  -1572.07  -1521.22  -1584.26  -1813.06  
Period   5 -1649.89  -1763.68  -1656.87  -1609.44  -1655.72  -1721.73  
SCENARIO 64
UNDS0
Period   0 3737.05  3999.99  3156.75  2799.22  2132.43  1522.51  
Period   1 3650.41  4243.46  5645.64  5038.77  4816.73  5633.85  
Period   2 6207.59  3415.78  3736.35  4697.28  1111.43  896.72  
Period   3 7200.4  7240.62  5005.3  5696.45  5716.51  2812.69  
Period   4 4933.05  6917.92  6466.24  7127.34  7385.58  2919.77  
Period   5 6391.4  4569.36  5098.86  5382.1  5518.97  5692.66  
UNDS1
Period   0 -1680.3  -1659.39  -1676.49  -1714.17  -1642.36  -1805.46  
Period   1 -1501.22  -1580.1  -2124.96  -1726.85  -1652.92  -1336.3  
Period   2 -1248.33  -1473.66  -1451.04  -1483.36  -1581.65  -1576.14  
Period   3 -1792.83  -1655.3  -1612.85  -1544.7  -1567.16  -1501.14  
Period   4 -1575.07  -1634.09  -1523.08  -1570.95  -1643.94  -1809.61  
Period   5 -1576.76  -1507.17  -1654.48  -1675.24  -1591.64  -1902.35  
SCENARIO 65
UNDS0
Period   0 3432.75  3892  3338.42  4070.48  1420.57  1200.69  
Period   1 5159.57  5376.27  3845.01  5271.97  5665.69  4409.72  
Period   2 5194.98  4611.55  6126.26  1986.85  1308.18  846.114  
Period   3 6011.83  3614.95  4602.51  5422.49  6375.45  6009.76  
Period   4 4963.63  5472.36  5803.03  8045.59  7873.46  4777.49  
Period   5 6892.88  5492.51  5629.79  4464.26  6381.08  3576.36  
UNDS1
Period   0 -1855.46  -1518.32  -1727.88  -1656.14  -1843.65  -1568.02  
Period   1 -1567.57  -1603.03  -1644.94  -2121.51  -1867.73  -1423.1  
Period   2 -1273.79  -1251.65  -1213.34  -1225.47  -1682.96  -1744.36  
Period   3 -1476.83  -1537  -1515.05  -1716.39  -1590.4  -1675.48  
Period   4 -1512.48  -1564.25  -1555.24  -1556.17  -1784.59  -1791.37  
Period   5 -1551.46  -1558.66  -1651.12  -1569.2  -1623.21  -1943.52  
SCENARIO 66
UNDS0
Period   0 3707.99  2644.55  3640.82  3995.06  2225.28  1130.23  
Period   1 4000.47  3700.39  4642.33  5194.68  4127.64  4609.82  
Period   2 4729.98  6171.27  6350.29  1078.1  930.563  817.307  
Period   3 5833.33  4606.63  6561.33  6428.21  5805.73  6913.92  
Period   4 6338.82  5292.33  7020.91  5647.17  7981.83  2568.88  
Period   5 6339.57  6239.56  6010.44  5714.09  5398.18  3320.08  
UNDS1
Period   0 -1779.89  -1651.26  -1647.98  -1597.33  -1672.57  -1772.04  
Period   1 -1564.39  -1438.15  -2512.28  -1928.83  -1247.38  -1637.57  
Period   2 -1233.58  -1265.93  -1348.44  -1418.19  -1508.48  -1557.99  
Period   3 -1567.99  -1618.2  -1680.37  -1536.83  -1548.82  -1663.83  
Period   4 -1655.4  -1578.6  -1561.15  -1534.82  -1652.2  -1726.5  
Period   5 -1856.8  -1700.01  -1689.17  -1502.35  -1650.15  -1613.19  
SCENARIO 67
UNDS0
Period   0 3841.1  3546.52  2153.79  3317.13  2694.61  1744.03  
Period   1 5233.99  4920.21  2272.51  5803.95  4851.04  4538.72  
Period   2 6190.39  6072.39  4809.27  1416.1  806.822  804.653  
Period   3 6429.27  6488.99  6971.81  6048.01  5389.85  4721.45  
Period   4 6550.31  2956.12  7829.18  6150.99  6171.85  6837.32  
Period   5 4439.35  4841.57  5339.68  4099.4  6644.66  5752.15  
UNDS1
Period   0 -1680.31  -1719.81  -1720.74  -1611.83  -1723.74  -1593.45  
Period   1 -1825.94  -1595.54  -1248.51  -2084.37  -2041.66  -1592.87  
Period   2 -1480.83  -1255.31  -1440.98  -1319.68  -1331.36  -1448.61  
Period   3 -1536.66  -1503.01  -1641.24  -1581.83  -1558.48  -1673.54  
Period   4 -1701.59  -1576.53  -1604.48  -1624.17  -1740.77  -1576.42  
Period   5 -1619.31  -1654.6  -1676.05  -1718.8  -1602.31  -1725.26  
SCENARIO 68
UNDS0
Period   0 3479.32  3801.4  4047.65  3122.27  1628.56  1239.14  
Period   1 5141.3  6037.35  4886.31  6117.95  5142.35  2657.24  
Period   2 3984.99  5712.51  4950.91  3469.34  1074.18  866.737  
Period   3 6477.41  3538.05  5604.55  5601.21  3792.45  6135.35  
Period   4 6089.58  6064.18  5590.81  5851.87  4913.33  8205.65  
Period   5 4440.59  5227.43  4935.8  5197.33  5469.5  6115.27  
UNDS1
Period   0 -1696.99  -1504.11  -1536.29  -1527.85  -1591.03  -1887.43  
Period   1 -1500.61  -1673.65  -1759.52  -1641.97  -1563.98  -1620.58  
Period   2 -1388.99  -1207.17  -1318.6  -1612.59  -1557.13  -1398.92  
Period   3 -1607.89  -1591.7  -1595.94  -1504.46  -1805.8  -1768.63  
Period   4 -1710.94  -1612.69  -1629.47  -1722.36  -1549.43  -1550.41  
Period   5 -1742.95  -1653.37  -1625.21  -1747.29  -1821.94  -1792.06  
SCENARIO 69
UNDS0
Period   0 3767.91  3443.11  3809.4  2972.6  1695.17  1675.81  
Period   1 3555.19  6195.98  4070.94  5284.84  2959.24  4428.96  
Period   2 5512.52  6048.3  5171.78  1572.56  961.346  822.752  
Period   3 3886.85  5707.02  6681.57  5258.89  5661.34  6632.15  
Period   4 7578.08  4772.25  7617.36  7122.16  6814.85  2786.88  
Period   5 4557.78  6041.82  4251.4  5538.24  4213.37  5406.07  
UNDS1
Period   0 -1514.37  -1708.22  -1565.86  -1668.85  -1748.67  -1573.7  
Period   1 -1466.75  -1650.32  -1718.05  -1456.12  -1286.7  -2026.03  
Period   2 -1261.46  -1272.68  -1363.59  -1594.96  -1294.11  -1567.12  
Period   3 -1612.94  -1643.96  -1511.14  -1488.45  -1631.59  -1714.5  
Period   4 -1531.42  -1661.06  -1550.93  -1797.01  -1682.23  -1761.45  
Period   5 -1540.33  -1577.97  -1558.02  -1728.66  -1648.42  -1894.04  
SCENARIO 70
UNDS0
Period   0 3208.12  3696.11  2645.49  4003.7  2687.13  1141.41  
Period   1 4566.41  4190.59  4931.64  1742.56  5187  4707.32  
Period   2 5161.52  4724.57  5060.15  3420.45  900.32  820.058  
Period   3 6975.99  5993.87  6415.2  7122.22  7161.79  2716.18  
Period   4 7550.57  6455.61  6637.19  3673.35  6094.26  6356.26  
Period   5 5896.51  5738.55  6890.72  4736.05  4818.96  3830.74  
UNDS1
Period   0 -1597.78  -1613.29  -1778.12  -1780.85  -1571.87  -1701.86  
Period   1 -1418.61  -2152.77  -1964.09  -1530.76  -1560  -1567.93  
Period   2 -1403.77  -1412.41  -1613.86  -1265.67  -1358.08  -1419.59  
Period   3 -1548.71  -1685.43  -1639.85  -1596.14  -1609.98  -1649.08  
Period   4 -1715.26  -1658.85  -1643.01  -1620.08  -1809.18  -1631.78  
Period   5 -1580.32  -1757.43  -1530.27  -1559.48  -1713.6  -1913.98  
SCENARIO 71
UNDS0
Period   0 3273.05  3740.02  3479.18  2871.85  2799.19  1195.3  
Period   1 5399.69  4092.01  6042.52  3018.2  4569.32  4111.22  
Period   2 6079.83  6388.02  3899.61  1341.2  1577.57  811.404  
Period   3 5072.2  6990.8  6667.5  7427.21  4999.75  4914.2  
Period   4 7695.04  7144.25  5758.8  5018.34  6189.38  4832.84  
Period   5 4944.97  5819.3  6599.6  4800.8  6144.14  4768.32  
UNDS1
Period   0 -1655.01  -1583.77  -1784.46  -1852.98  -1558.93  -1609.26  
Period   1 -1400.32  -2070.82  -1799.81  -1528.31  -1729.48  -1991.17  
Period   2 -1445.65  -1248.27  -1321.33  -1400.37  -1298.6  -1694.22  
Period   3 -1520.14  -1516.6  -1601.95  -1633.85  -1553.24  -1645.27  
Period   4 -1661.76  -1596.87  -1661.8  -1601.3  -1618.5  -1760.64  
Period   5 -1595.64  -1574.13  -1781.25  -1571.06  -1698.88  -1702.98  
SCENARIO 72
UNDS0
Period   0 2618.43  2921.03  3524.13  4094.6  2608.6  1385.75  
Period   1 4074.97  4080.31  3478.78  4911.88  5890.68  5356.29  
Period   2 5436.57  6295.79  4199.64  1639.65  1134.85  1165.02  
Period   3 5607.54  3815.41  7169.02  4103.28  5594.68  7384.27  
Period   4 7357.22  7708.32  7567.16  5772.56  5850.5  2417.99  
Period   5 6064.19  4890.99  5824.87  4193.93  4592.63  5064.57  
UNDS1
Period   0 -1670.07  -1737.06  -1524.6  -1589.37  -1629.02  -1688.61  
Period   1 -1555.75  -1344.15  -1623.25  -1623.42  -1294.29  -2069.44  
Period   2 -1349  -1298.28  -1451.42  -1374.59  -1424.48  -1434.23  
Period   3 -1775.4  -1498.12  -1518.93  -1521.67  -1509.09  -1741.3  
Period   4 -1706.48  -1568.68  -1582.06  -1630.96  -1549.56  -1768.92  
Period   5 -1578.19  -1576.08  -1617.25  -1677.03  -1754.13  -1729.6  
SCENARIO 73
UNDS0
Period   0 2632.54  3804.64  2733.19  2684.05  3196.53  2073.87  
Period   1 4575.09  5408.46  5417.39  5099.4  5033.99  3319.59  
Period   2 5979.83  5838.86  5540.34  1029.38  827.992  815.639  
Period   3 6565.8  5621.24  6743.29  6184.98  5287.79  4877.32  
Period   4 7069.34  6595.82  6509.64  6476.91  6701.33  3020.69  
Period   5 5022.04  5477.24  6541.94  6148.54  5673.34  4601.91  
UNDS1
Period   0 -1711.65  -1557.77  -1582.67  -1594.99  -1572.17  -1884.74  
Period   1 -1523.14  -1748.75  -1420.6  -1561.19  -1846.52  -1510.24  
Period   2 -1361.09  -1347.85  -1226.1  -1479.98  -1501.39  -1463.28  
Period   3 -1544.85  -1577.24  -1772.95  -1567.84  -1789.75  -1523.19  
Period   4 -1629.53  -1651.98  -1704.49  -1590.66  -1524.05  -1701.05  
Period   5 -1673.03  -1675.17  -1681.44  -1702.94  -1607.03  -1675.74  
SCENARIO 74
UNDS0
Period   0 3830.29  1677.77  3823.06  3066.68  2885.78  1677.86  
Period   1 5039.36  4237.7  3372.25  5814.95  5805.28  5907.33  
Period   2 2657.24  3306.58  4824.93  5081.15  3057.74  1008.65  
Period   3 6240.93  5883.01  7075.43  6274.48  6173.25  4946.01  
Period   4 7562.53  7067.67  2834.06  7090.3  6923.88  4624.17  
Period   5 5514.11  5253.39  6005.41  5002.08  5977.87  4958.14  
UNDS1
Period   0 -1873.28  -1691.48  -1806.69  -1649.75  -1749.69  -1836.95  
Period   1 -1390.39  -1389.44  -1575.77  -1267.18  -1548.06  -2505.28  
Period   2 -1375.01  -1265.37  -1222.29  -1563.25  -1338.15  -1606.42  
Period   3 -1582.93  -1657.08  -1652.18  -1630.92  -1627.1  -1592.3  
Period   4 -1539.17  -1734.82  -1600.24  -1590.92  -1622.46  -1612.06  
Period   5 -1703.95  -1604.07  -1543.84  -1671.34  -1745.65  -1737.41  
SCENARIO 75
UNDS0
Period   0 3066.71  2815.65  3039.42  3591.06  3296.73  1517.52  
Period   1 4233.32  3436.81  2388.96  3673.45  5173.74  5477.83  
Period   2 5515.05  5975.64  4108.78  2709.29  926.026  850.176  
Period   3 6022.48  6090.3  5204.79  4320.5  6432.89  5658.27  
Period   4 6436.58  5096.25  6667.63  5783.98  7367.54  4594.7  
Period   5 6332.1  6711.3  5265.1  6545.03  6678.11  2083.11  
UNDS1
Period   0 -1699.59  -1826.03  -1684.99  -1588.38  -1620.54  -1789.76  
Period   1 -1676.72  -1717  -1777.58  -1704.86  -1583.58  -1327.34  
Period   2 -1312.51  -1314.94  -1358.4  -1448.87  -1291.27  -1597.75  
Period   3 -1531.16  -1617.27  -1526.13  -1515.19  -1639.08  -1794.67  
Period   4 -1691.09  -1592.11  -1572.81  -1650.17  -1578.04  -1702  
Period   5 -1535.28  -1678.61  -1636.76  -1684.37  -1683.2  -1719.59  
SCENARIO 76
UNDS0
Period   0 3770.87  3641.32  3666.57  3296.92  1706.8  1290.39  
Period   1 3910.31  4385  5740.47  5909.8  5862.02  3560.17  
Period   2 5984.92  5936.88  4942.48  1516.92  855.12  839.468  
Period   3 6169.42  4060.01  4707.72  4430.86  6480.19  3424.07  
Period   4 6806.91  7324.87  7607.7  3014.81  5162.62  4133.79  
Period   5 4523.23  5503.9  6776.33  3788.9  5963.04  6033.89  
UNDS1
Period   0 -1801.07  -1665.88  -1612.64  -1613.68  -1579.07  -1678  
Period   1 -1698.75  -1709.42  -1384.02  -1650.23  -1342.99  -1929.87  
Period   2 -1475.75  -1596.91  -1292.58  -1376.2  -1399.18  -1521.99  
Period   3 -1753.76  -1480.31  -1478.06  -1773.81  -1514.31  -1592.25  
Period   4 -1720.15  -1635.1  -1574.2  -1547.95  -1657.15  -1679.16  
Period   5 -1696.45  -1548.32  -1670.91  -1548.42  -1607.72  -1847.14  
SCENARIO 77
UNDS0
Period   0 3412.67  3721.36  3303.62  3093.23  2701.99  1133.44  
Period   1 5076.13  4829.46  4801.4  5563.96  3391.89  2905.32  
Period   2 4054.79  4656.17  5846.62  3741.52  908.736  872.815  
Period   3 6702.52  4917.12  4006.53  2092.57  6450.27  3882.78  
Period   4 8140.15  6845.76  5333.75  7809.75  6179.9  2402.34  
Period   5 6018.24  5223.28  6298.55  4905.91  3790.77  4850.24  
UNDS1
Period   0 -1604.52  -1774.23  -1619.08  -1784.27  -1675.25  -1568.08  
Period   1 -1332.6  -1525.49  -1701.76  -1935.35  -2016.4  -1632.87  
Period   2 -1313.71  -1295.5  -1296.55  -1327.08  -1517.72  -1618.54  
Period   3 -1527.01  -1681.58  -1595.09  -1612.51  -1570.75  -1535.67  
Period   4 -1541.93  -1777.75  -1627.26  -1604.36  -1575.96  -1597.1  
Period   5 -1789.39  -1775.85  -1607.27  -1517.55  -1709.51  -1538.92  
SCENARIO 78
UNDS0
Period   0 2719.05  3966.49  4080.6  3500.3  1891.6  1151.33  
Period   1 4424.58  5624.56  5245.9  4399.55  4241.18  4183.03  
Period   2 4869.93  5288.76  3948.19  4065.98  1119.94  805.96  
Period   3 6032.18  7288.22  5567.86  4692.37  6015.02  4504.81  
Period   4 5393.13  5552.92  5748.07  5219.96  6372.38  8170.82  
Period   5 6178.67  6075.54  5685.58  6030.19  5569.85  3475.79  
UNDS1
Period   0 -1730.83  -1703.64  -1683.03  -1597.17  -1639.89  -1636.42  
Period   1 -1398.31  -1371  -1424.72  -1680.05  -1677.9  -2121.39  
Period   2 -1399.79  -1328.68  -1253.76  -1297.96  -1667.07  -1500.96  
Period   3 -1621.39  -1564.38  -1619.54  -1498.65  -1514.88  -1709.96  
Period   4 -1716.92  -1536.05  -1572.51  -1647.71  -1679.49  -1753.08  
Period   5 -1622.92  -1687.83  -1575.14  -1611.22  -1691.24  -1824.73  
SCENARIO 79
UNDS0
Period   0 3252.54  3666.87  2127.39  3604.1  3548.5  1180  
Period   1 5022.24  4342.18  2784.66  4417.38  3623.72  3907.36  
Period   2 4913.49  6216.01  5034.26  2034.1  901.179  971.397  
Period   3 6211.43  6996.46  6637.54  4884.81  4860.55  4481.76  
Period   4 5738.73  7581.2  7641.79  5934.46  6741.53  3119.08  
Period   5 4629.99  6308.78  6032.49  6020.91  4386.64  6049.37  
UNDS1
Period   0 -1752.09  -1732.18  -1714.11  -1534.87  -1731.77  -1572.19  
Period   1 -1602.87  -1668.85  -1945.89  -1688.35  -1381.69  -1824.01  
Period   2 -1400  -1209.27  -1387.74  -1422.98  -1567.06  -1526.31  
Period   3 -1670.65  -1485.84  -1496.68  -1620.2  -1560.42  -1767.34  
Period   4 -1624.36  -1591.36  -1665.2  -1620.44  -1716.01  -1676.43  
Period   5 -1588.66  -1782.11  -1600.08  -1646.99  -1662.68  -1739.26  
SCENARIO 80
UNDS0
Period   0 3674.88  3781.95  3636.41  3539.33  1631.28  1128.28  
Period   1 4525.91  3077.91  5883.9  4434.85  4905.39  5096.65  
Period   2 4243.25  5472.32  5719.09  2085.9  1758.7  813.4  
Period   3 7159.87  7028.63  6875.7  6035.82  6012.74  2489.4  
Period   4 6263.49  6627.76  6816.72  7827.54  6320.96  3013.81  
Period   5 6771.08  4710.29  4897.74  6008.53  4485.37  5319.65  
UNDS1
Period   0 -1611.8  -1712.87  -1693.58  -1804.49  -1849.75  -1620.96  
Period   1 -1713.34  -1282.57  -1928.52  -1293.62  -1455.41  -2178.7  
Period   2 -1335.7  -1467.08  -1411.58  -1482.61  -1292.18  -1342.74  
Period   3 -1597.71  -1561.08  -1509.37  -1630.73  -1525.61  -1657.35  
Period   4 -1719.21  -1526.73  -1666.85  -1565.88  -1600.55  -1697.48  
Period   5 -1747.31  -1619.53  -1779.32  -1526.32  -1550.69  -1737.98  
SCENARIO 81
UNDS0
Period   0 2855.88  3393.8  3610.31  3569.18  2203.41  1647.66  
Period   1 5345.95  4390.61  5309.65  5588.4  3693.83  4885.17  
Period   2 4461.1  5940.07  5618  2137.21  1048.66  882.978  
Period   3 6837.04  5504.68  5273.99  6204.12  3873.32  7181.69  
Period   4 6861.05  6012.26  6668.84  4176.71  6889.07  5825.61  
Period   5 5549.96  5105.44  5517.08  6566.98  6139.73  3889.93  
UNDS1
Period   0 -1536.72  -1745.14  -1680.42  -1667.44  -1581.22  -1553.55  
Period   1 -1865.98  -1571.92  -1368.41  -1542.88  -1760.16  -1715.36  
Period   2 -1519.76  -1306.25  -1357.45  -1589.19  -1280.29  -1559.36  
Period   3 -1494.86  -1610.58  -1646.27  -1564.79  -1603.54  -1607.5  
Period   4 -1561.49  -1556.59  -1583.05  -1530.43  -1739.48  -1750.84  
Period   5 -1559.5  -1643.16  -1565.93  -1601.72  -1776.45  -1828.07  
SCENARIO 82
UNDS0
Period   0 3249.18  1954.37  3889.94  3069.78  2890.85  1637.64  
Period   1 5115.56  2416.73  5684.55  5011.83  4981.45  5848.42  
Period   2 5094.13  5107.08  5978.88  1422.26  1548.28  854.794  
Period   3 5486.91  6430.02  7117.4  4316.9  5598.73  6041.3  
Period   4 7454.35  7790.34  6699.02  8075.56  4635.13  2607.29  
Period   5 5635.72  6274.34  6713.26  3736.13  4515.73  5628.2  
UNDS1
Period   0 -1891.66  -1710.52  -1527.94  -1547.98  -1523.76  -1676.12  
Period   1 -1601.88  -1594.47  -1544.8  -1531.67  -2074.48  -1574.67  
Period   2 -1235.79  -1377.47  -1343.33  -1222.26  -1410.37  -1826.2  
Period   3 -1640.94  -1648.41  -1550.24  -1693.31  -1546.68  -1553.09  
Period   4 -1616.65  -1534  -1570.8  -1604.29  -1605.47  -1796.08  
Period   5 -1651.7  -1588.25  -1529.84  -1539.07  -1655.78  -1966.62  
SCENARIO 83
UNDS0
Period   0 2417.55  3623.29  3261.19  3336.8  2774.65  1703.81  
Period   1 6033.88  4536.55  4447.45  2978.36  4272.95  4275.44  
Period   2 3862.42  3165.2  2136.23  5232.78  3266.91  2238.61  
Period   3 5482.21  7091.46  7529.54  6670.74  5696.32  3679.81  
Period   4 5586.97  5865.67  4272.33  5509.38  6623.63  4148.39  
Period   5 6325.22  6443.22  3742.1  4331.57  5123.25  5900.36  
UNDS1
Period   0 -1762.51  -1935.34  -1635.11  -1590.37  -1576.45  -1543.82  
Period   1 -1324.07  -1513.39  -1799.62  -1545.41  -1517.83  -2090.05  
Period   2 -1401.13  -1493.23  -1207.6  -1258.68  -1412.55  -1573.14  
Period   3 -1611.93  -1475.2  -1706.93  -1524.41  -1646.97  -1652.18  
Period   4 -1625.97  -1532.2  -1563.17  -1515.07  -1751.91  -1749.27  
Period   5 -1578.47  -1608.28  -1582.66  -1581.54  -1754.29  -1924.74  
SCENARIO 84
UNDS0
Period   0 2744.62  3294.34  4124.31  2676.87  2904.57  1296.78  
Period   1 4902.85  2497.59  3829.46  3660.49  3999.82  4626.12  
Period   2 5746.17  2137.29  6181.4  3799.11  1375.26  842.042  
Period   3 4914.77  7237.82  7105.64  6842.24  5976.33  3960.58  
Period   4 5661.75  6136.14  7677.51  8128.06  7472.82  2080.43  
Period   5 4409.88  5461.07  5312.58  5100.97  5547.53  6642.77  
UNDS1
Period   0 -1795.52  -1811.49  -1545.98  -1722.42  -1641.44  -1775.24  
Period   1 -1818.63  -1570.94  -1566.46  -1429.25  -1563.52  -1791.44  
Period   2 -1336.33  -1656.27  -1474.02  -1318.78  -1486.16  -1553.4  
Period   3 -1504.91  -1556.18  -1593.75  -1522.1  -1552.78  -1847.52  
Period   4 -1689.03  -1535.73  -1576.75  -1678.34  -1717.06  -1703.82  
Period   5 -1673.61  -1727.24  -1642.03  -1599.48  -1622.14  -1811.17  
SCENARIO 85
UNDS0
Period   0 3501.25  3826.57  3307.22  3717.17  1482.52  1471.73  
Period   1 4363.45  5922.27  4691.98  5508.66  4605.19  2507.81  
Period   2 3849.17  4963.29  4365.81  4873.88  977.625  1047.28  
Period   3 7099.32  6716.18  6720.21  6611.19  6242.82  3123.69  
Period   4 7306.38  5916.13  4780.15  7063.03  6178.07  3500.18  
Period   5 6463.21  5584.83  5943.88  5688.34  4065.93  4833.04  
UNDS1
Period   0 -1766.19  -1647.02  -1662.87  -1602.33  -1644.3  -1749.92  
Period   1 -1433.51  -1869.37  -1365.23  -2040.96  -1252.91  -1599.36  
Period   2 -1474.29  -1372.1  -1354.8  -1287.25  -1640.5  -1372.36  
Period   3 -1503.24  -1617.36  -1561.67  -1500.73  -1593.28  -1773.77  
Period   4 -1569.1  -1607.72  -1710.46  -1653.28  -1599.23  -1637.96  
Period   5 -1581.58  -1859.67  -1651.34  -1563.48  -1697.65  -1629.63  
SCENARIO 86
UNDS0
Period   0 3911.62  3872.62  3359.09  3684.11  1353.08  1207.6  
Period   1 4119.01  3174.21  6012.77  4135.83  4701.36  4607.64  
Period   2 4970.08  5438.36  5452.77  2440.46  943.142  841.819  
Period   3 7282.5  7044.87  6337.05  7066.4  4827.12  2231.85  
Period   4 4903.15  6880.51  7238.3  6716.92  7438.13  3148.23  
Period   5 6637.49  6071.43  5458.92  6556.89  5804.84  2904.54  
UNDS1
Period   0 -1678.75  -1499.7  -1844.96  -1552.35  -1678.73  -1770.17  
Period   1 -1366.03  -1308.42  -1598.28  -1288.69  -1361.34  -2547.76  
Period   2 -1203.87  -1332.59  -1599.7  -1405.88  -1341.25  -1463.99  
Period   3 -1615.47  -1600.23  -1560.46  -1504.1  -1651.21  -1648.75  
Period   4 -1514.31  -1631.03  -1806.73  -1625.26  -1559.1  -1702.73  
Period   5 -1599.02  -1660.96  -1609.92  -1591.95  -1634.02  -1825.45  
SCENARIO 87
UNDS0
Period   0 2893.89  3330.31  3858.95  2986.2  2263.36  1910.49  
Period   1 3257.06  5585.57  4577.47  3390.64  5302.64  5695.13  
Period   2 5066.49  4808.74  5051.94  2373.23  1641.34  1055.58  
Period   3 6495.17  7159.98  6610.77  7020.28  7006.61  2192.56  
Period   4 6740.6  7572.71  6007.63  7606.68  7224.09  2049.7  
Period   5 6929.63  6289.59  5493.79  5867.37  3859.34  4087.85  
UNDS1
Period   0 -1712  -1501.28  -1646.07  -1602.24  -1719.65  -1606.94  
Period   1 -1633.96  -1575.33  -1734.3  -1619.95  -1782.96  -1615.86  
Period   2 -1224.08  -1213.41  -1270.81  -1250.06  -1551.58  -1791.36  
Period   3 -1637.75  -1535.64  -1666  -1561.95  -1580.74  -1582.38  
Period   4 -1592.39  -1612.57  -1621.73  -1541.32  -1605.26  -1778.01  
Period   5 -1560.61  -1632.98  -1670.98  -1592.89  -1618.28  -1830.37  
SCENARIO 88
UNDS0
Period   0 2902.63  3857.74  4061.13  3553.71  1793.54  1179.17  
Period   1 4216.09  5127.05  5051.19  1442.8  5448.66  5641.04  
Period   2 2920.23  4721.97  5365.96  3696.38  2362.59  1005.81  
Period   3 6640.77  7074.37  6688.61  5168.55  3995.61  5977.48  
Period   4 7882.8  7569.97  7112.19  7766.92  4142.81  2672.03  
Period   5 5373.59  6713.95  4988.17  4998.78  5326.85  5635.61  
UNDS1
Period   0 -1743.05  -1608.05  -1600.29  -1538.75  -1518.66  -1821.35  
Period   1 -1531.25  -1558.82  -1798.48  -1482.97  -1926.77  -1328.09  
Period   2 -1352.83  -1346.48  -1311.94  -1294.47  -1233.64  -1823.23  
Period   3 -1653.78  -1752.01  -1512.09  -1620.62  -1517.34  -1566.64  
Period   4 -1591.48  -1582.88  -1744.04  -1748.3  -1539.73  -1566.93  
Period   5 -1659.94  -1676.96  -1526.33  -1692.94  -1506.85  -1954.42  
SCENARIO 89
UNDS0
Period   0 3036.03  3774.5  2377.55  3548.72  2493.14  1760.56  
Period   1 4334.04  5454.85  4678.72  5164.7  4974.91  2716.87  
Period   2 3710.55  5192.47  5583.67  3176.54  1566.55  841.663  
Period   3 6542  4169.83  5727.5  6408.19  6495.33  5267.54  
Period   4 7837.44  7359.83  4433.11  7215.45  5960.57  3703.39  
Period   5 6539.35  6556.67  5869.21  4914.56  5928.23  3337.52  
UNDS1
Period   0 -1622.85  -1868.61  -1578.2  -1873.44  -1542.16  -1573.1  
Period   1 -1432.73  -1411.37  -1497.43  -1621.94  -1727.87  -1954.16  
Period   2 -1318.69  -1442.28  -1504.44  -1373.74  -1313.26  -1509.26  
Period   3 -1565.78  -1641.88  -1531.1  -1507.17  -1633.07  -1693.87  
Period   4 -1591.59  -1592.86  -1509.5  -1733.05  -1601.76  -1775.9  
Period   5 -1610.71  -1592.63  -1610.77  -1638.55  -1553.91  -1924.8  
SCENARIO 90
UNDS0
Period   0 3397.88  3673.64  3320.22  2589.7  2029.15  2293.18  
Period   1 5141.58  4087.16  5597.04  5535.64  2224.82  5828.1  
Period   2 4703.26  4490.88  5472.04  3006.52  1477.49  944.012  
Period   3 5355.34  5199.97  6746.36  5005.03  4166.72  7246.74  
Period   4 3805.86  6712.14  6793.44  6757.29  5597.49  5959.61  
Period   5 5503.26  6630.77  5512.51  4701.69  3716.58  6437.82  
UNDS1
Period   0 -1616.44  -1638.39  -1565.97  -1683.04  -1707.07  -1752.28  
Period   1 -1251.23  -1554.31  -1571.46  -2083.7  -1409.94  -2062.6  
Period   2 -1503.01  -1474.31  -1362.48  -1345.97  -1337.37  -1312.64  
Period   3 -1584.37  -1556.92  -1542.25  -1480.61  -1812.3  -1578.05  
Period   4 -1669.57  -1584.18  -1592.36  -1621.33  -1606.08  -1720.3  
Period   5 -1660.45  -1639.59  -1553.6  -1638.96  -1724.13  -1701.66  
SCENARIO 91
UNDS0
Period   0 3809.07  3999.1  3566.29  2617.09  1803.02  1331.64  
Period   1 5239.39  4829.82  4101.56  5358.71  4362.48  5915.64  
Period   2 5282.53  5513.26  4180.75  1599.33  2239.05  1166.45  
Period   3 6312.33  3881.36  6735.43  4151.09  6750.68  6580.54  
Period   4 7224.9  4476.6  5948.09  5853.02  6556.02  5785.53  
Period   5 5930.22  5863.58  5430.45  5879.32  5487.43  4591.57  
UNDS1
Period   0 -1489.28  -1673.6  -1533.72  -1659.69  -1545.81  -1940.95  
Period   1 -1357.98  -1841.21  -1584.98  -1426.27  -1669.48  -1681.57  
Period   2 -1751.25  -1245.74  -1307.52  -1407.28  -1448.75  -1326.9  
Period   3 -1587.91  -1524.71  -1574.3  -1565.43  -1606.5  -1686.6  
Period   4 -1561.47  -1651.19  -1637.46  -1568.86  -1646.15  -1666.69  
Period   5 -1561.28  -1552.47  -1622.51  -1760.91  -1670.49  -1866.18  
SCENARIO 92
UNDS0
Period   0 2450.59  3851.92  2177.28  3408.25  2253.11  2466.57  
Period   1 4526.52  5615.85  5066.54  4318.9  3133.91  3306.27  
Period   2 5972.51  6072.07  4362.27  1651.51  1192.4  840.7  
Period   3 5874.25  3379.28  3332.65  6491.3  6592.12  5338.26  
Period   4 6363.65  7861.8  8134.12  6360.31  6210.03  2313.1  
Period   5 5888.05  4458.83  6509.21  3819.36  6107.66  5712.01  
UNDS1
Period   0 -1610.91  -1660.3  -1592.64  -1619.61  -1602.68  -1671.28  
Period   1 -1805.24  -1702.28  -2052.18  -1765.68  -1395.25  -1636.45  
Period   2 -1425.76  -1468.22  -1722.53  -1309.18  -1266.65  -1438.6  
Period   3 -1519.27  -1590.24  -1638.77  -1506.39  -1575.33  -1656.14  
Period   4 -1733.03  -1655.4  -1640.84  -1523.28  -1593.88  -1573.14  
Period   5 -1763.51  -1736.06  -1670.32  -1700.86  -1685.22  -1637.73  
SCENARIO 93
UNDS0
Period   0 3747.92  2911.31  2327.99  2674.34  2587.85  2551.75  
Period   1 4696.64  5104.83  2255.83  3654.07  3651.34  3871.87  
Period   2 5513.44  6224.62  3326.49  3157.84  971.957  863.507  
Period   3 6499.88  6389.16  6571.51  6713.23  4451.27  4291.19  
Period   4 7415.1  7564.74  5309  7379.87  6689.67  2745.66  
Period   5 4361.24  5295.02  5651.93  5316.47  5858.22  4997.75  
UNDS1
Period   0 -1633.62  -1628.39  -1722.96  -1601.03  -1784.46  -1562.52  
Period   1 -1461.12  -1519.16  -2086.87  -1387.32  -1391.22  -1759.21  
Period   2 -1353.8  -1544.97  -1283.86  -1239.95  -1445.03  -1600.24  
Period   3 -1558.36  -1673.54  -1659.69  -1560.24  -1535.96  -1642.95  
Period   4 -1520.06  -1601.6  -1540.25  -1522.04  -1645.05  -1876.73  
Period   5 -1598.25  -1812.22  -1682.08  -1615.07  -1618.07  -1613.18  
SCENARIO 94
UNDS0
Period   0 3972.2  2991.29  2744.48  3076.15  2599.39  1454.84  
Period   1 4521.06  5411.01  3983.71  4934.68  5478.76  4254.77  
Period   2 6493.35  3820.64  5371.08  2480.38  1086.19  838.634  
Period   3 6061.48  5954.03  5477.38  6612.6  4510.57  7645.65  
Period   4 4254.9  5977.35  7348.71  7193.77  6286.68  5690.31  
Period   5 6104.14  5886.09  4189.15  3934.94  3881.78  5379.86  
UNDS1
Period   0 -1524.59  -1682.08  -1640.34  -1597.21  -1695.58  -1671.53  
Period   1 -1600.97  -1555.12  -1439.72  -1640.99  -1542.89  -2091.68  
Period   2 -1375.96  -1534.88  -1313.92  -1359.31  -1240.99  -1620.96  
Period   3 -1613.3  -1573.6  -1564.11  -1606.43  -1505.11  -1672.55  
Period   4 -1665.94  -1533.92  -1554.72  -1723.15  -1629.54  -1640.86  
Period   5 -1553.75  -1640.9  -1812.98  -1636.1  -1684.44  -1607.66  
SCENARIO 95
UNDS0
Period   0 3692.27  3206.32  2704.9  3651.41  2395.89  1551.74  
Period   1 3664.17  2383.04  4013.84  4109.83  3827.93  4208.05  
Period   2 3369.22  5775.31  6332.37  2910.62  892.988  812.826  
Period   3 5876.94  7179.13  6580.85  6999.58  6416.56  3473.54  
Period   4 6705.18  7704  5760.4  5320.9  6905.5  4003.85  
Period   5 3748.65  4862.51  4847.32  6006.01  5652.17  6256.94  
UNDS1
Period   0 -1537.74  -1675.2  -1693.06  -1581.83  -1796.49  -1798.8  
Period   1 -1325.75  -2020.56  -1558.31  -1607.18  -1452.21  -2127.9  
Period   2 -1549.06  -1331.35  -1459.23  -1237.66  -1431.34  -1320.15  
Period   3 -1564.02  -1545.14  -1575.95  -1553.28  -1591.03  -1693.07  
Period   4 -1526.74  -1577.42  -1593.48  -1640.57  -1530.58  -1838.1  
Period   5 -1590.61  -1621.66  -1639.73  -1813.24  -1533.61  -1765.5  
SCENARIO 96
UNDS0
Period   0 3738.05  3624.62  3154.4  3618.18  1880.28  1268  
Period   1 3761.81  5937.52  5317.25  5512.02  3462.66  4782.07  
Period   2 3074.35  3978.31  6464.34  2892.34  2039.67  1553.32  
Period   3 4345.12  5422.71  6219.14  4256.49  5615.37  7172.32  
Period   4 6021.65  5802.66  7093.92  7074.81  7947.27  2721.58  
Period   5 5584.2  5133.33  3303.18  5778.44  5983.39  6653.18  
UNDS1
Period   0 -1671.6  -1563.22  -1507.2  -1701.89  -1541.36  -1914.88  
Period   1 -1458.73  -1489.99  -1846.29  -1702.76  -1862.4  -1941.6  
Period   2 -1295.19  -1206.9  -1183.7  -1287.93  -1447.69  -1854.72  
Period   3 -1523.26  -1515.04  -1561.92  -1543.87  -1632.48  -1737.19  
Period   4 -1599.42  -1673.33  -1569.17  -1543.78  -1675.33  -1683.13  
Period   5 -1795.66  -1566.27  -1728.96  -1581.18  -1616.73  -1810.56  
SCENARIO 97
UNDS0
Period   0 4150.51  2348.29  3358.2  3352.11  2701.85  1441.58  
Period   1 5873.71  5535.89  5070.88  4390.08  5163.64  4013.57  
Period   2 4976.89  4704.97  6489.7  2096.02  1024.73  804.018  
Period   3 5617.3  5454.83  6562.02  6257.27  6753.59  5618.19  
Period   4 6555.22  5024.2  7801.37  6124.42  8040.29  3136.44  
Period   5 5199.52  6326.41  5891.5  5740.05  6209.09  3226.99  
UNDS1
Period   0 -1595.22  -1569.61  -1817.55  -1523.01  -1507.21  -1811.04  
Period   1 -1597.32  -1411.62  -1675.51  -1813.67  -1444.63  -1760.52  
Period   2 -1262.34  -1257.83  -1286.35  -1499.74  -1338.76  -1657.97  
Period   3 -1577.94  -1700.37  -1513.76  -1706.58  -1719.89  -1680.54  
Period   4 -1642.91  -1730.7  -1700.85  -1623.19  -1570.6  -1753.01  
Period   5 -1666.55  -1571.36  -1718.8  -1593.97  -1555.09  -1881.65  
SCENARIO 98
UNDS0
Period   0 3788.33  3505.74  3512.45  3776.86  1545.11  1186.03  
Period   1 6042.36  4600.61  2151.69  3932.95  4182.95  4452.13  
Period   2 6411.47  5436.95  5331.01  1080.78  937.65  870.954  
Period   3 6125.41  7556.27  6528.25  5280.32  6588.79  3836.14  
Period   4 6425.03  6385.34  7517.18  4425.16  7665.56  4626.31  
Period   5 5755.4  6139.39  6496.89  6269.14  6262.1  2707.41  
UNDS1
Period   0 -1628.74  -1597.1  -1788.96  -1750.42  -1505.71  -1617.29  
Period   1 -1869.28  -1603.18  -1490.01  -1598.12  -1684.28  -1302.2  
Period   2 -1475.21  -1293.29  -1299.26  -1440.08  -1427.3  -1587.43  
Period   3 -1626.2  -1486.65  -1543.45  -1612.09  -1518.32  -1739.48  
Period   4 -1609.78  -1569.41  -1635.09  -1507.07  -1676.27  -1733.99  
Period   5 -1726.12  -1590.29  -1651.63  -1710.91  -1540.9  -1743  
SCENARIO 99
UNDS0
Period   0 3569.96  3505.25  3633.21  4090.07  1391.62  1193.46  
Period   1 3667.21  5836.76  5742.38  3037.18  5470.66  4867.71  
Period   2 3119.18  2785.62  5573.24  5040.9  2343.42  1206.53  
Period   3 5256.13  4946.94  6057.6  2906.16  5862.98  5339.28  
Period   4 5031.85  6358.17  4214.5  7257.8  6628.6  5022.45  
Period   5 5621.36  5373.08  4484.24  5409.68  6065.18  4260.36  
UNDS1
Period   0 -1610.25  -1539.24  -1536.13  -1678.32  -1656.87  -1786.17  
Period   1 -2039.43  -1735.42  -1372.52  -1423.06  -1626.4  -1684.19  
Period   2 -1274.85  -1388.24  -1664.23  -1626.05  -1586.48  -1386.66  
Period   3 -1519.27  -1497.76  -1549.61  -1511.75  -1606.16  -1792.41  
Period   4 -1607.9  -1572.51  -1545.74  -1655.98  -1579.65  -1764.22  
Period   5 -1683.07  -1573.11  -1775.26  -1694.12  -1554.34  -1721.67  

