Instance	6	6
Horizon     6
Period	0	6	12	
Period	1	6	12	
Period	2	6	12	
Period	3	6	12	
Period	4	6	12	
Period	5	6	12	
Contract	0	33	31	5000	7200	0	1200	
Contract	0	37	33	4000	9000	102	1500	
Contract	0	437.671233	6.017	15300	18000	0	3000	
Contract	0	321.917808	6.893	15300	18000	0	3000	
Contract	0	254.794521	8.035	10000	18000	0	3000	
Contract	0	178.767123	10.114	0	15000	0	3000	
Contract	0	875.342466	6.017	30600	36000	0	6000	
Contract	0	643.835616	6.893	30600	36000	0	6000	
Contract	0	509.589041	8.035	20000	36000	0	6000	
Contract	0	357.534247	10.114	0	30000	0	6000	
Contract	0	1313.013699	6.017	45900	54000	0	9000	
Contract	0	965.753425	6.893	45900	54000	0	9000	
Contract	0	764.383562	8.035	30000	54000	0	9000	
Contract	0	536.30137	10.114	0	45000	0	9000	
Contract	0	1750.684932	6.017	61200	72000	0	12000	
Contract	0	1287.671233	6.893	61200	72000	0	12000	
Contract	0	1019.178082	8.035	40000	72000	0	12000	
Contract	0	715.068493	10.114	0	60000	0	12000	
Contract	0	33	31	5000	7200	0	1200	
Contract	0	37	33	4000	9000	102	1500	
Contract	1	437.671233	6.017	15300	18000	0	3000	
Contract	1	321.917808	6.893	15300	18000	0	3000	
Contract	1	254.794521	8.035	10000	18000	0	3000	
Contract	1	178.767123	10.114	0	15000	0	3000	
Contract	1	875.342466	6.017	30600	36000	0	6000	
Contract	1	643.835616	6.893	30600	36000	0	6000	
Contract	1	509.589041	8.035	20000	36000	0	6000	
Contract	1	357.534247	10.114	0	30000	0	6000	
Contract	1	1313.013699	6.017	45900	54000	0	9000	
Contract	1	965.753425	6.893	45900	54000	0	9000	
Contract	1	764.383562	8.035	30000	54000	0	9000	
Contract	1	536.30137	10.114	0	45000	0	9000	
Contract	1	1750.684932	6.017	61200	72000	0	12000	
Contract	1	1287.671233	6.893	61200	72000	0	12000	
Contract	1	1019.178082	8.035	40000	72000	0	12000	
Contract	1	715.068493	10.114	0	60000	0	12000	
Contract	1	33	31	5000	7200	0	1200	
Contract	1	37	33	4000	9000	102	1500	
Contract	1	437.671233	6.017	15300	18000	0	3000	
Contract	1	321.917808	6.893	15300	18000	0	3000	
Contract	2	254.794521	8.035	10000	18000	0	3000	
Contract	2	178.767123	10.114	0	15000	0	3000	
Contract	2	875.342466	6.017	30600	36000	0	6000	
Contract	2	643.835616	6.893	30600	36000	0	6000	
Contract	2	509.589041	8.035	20000	36000	0	6000	
Contract	2	357.534247	10.114	0	30000	0	6000	
Contract	2	1313.013699	6.017	45900	54000	0	9000	
Contract	2	965.753425	6.893	45900	54000	0	9000	
Contract	2	764.383562	8.035	30000	54000	0	9000	
Contract	2	536.30137	10.114	0	45000	0	9000	
Contract	2	1750.684932	6.017	61200	72000	0	12000	
Contract	2	1287.671233	6.893	61200	72000	0	12000	
Contract	2	1019.178082	8.035	40000	72000	0	12000	
Contract	2	715.068493	10.114	0	60000	0	12000	
Contract	2	33	31	5000	7200	0	1200	
Contract	2	37	33	4000	9000	102	1500	
Contract	2	437.671233	6.017	15300	18000	0	3000	
Contract	2	321.917808	6.893	15300	18000	0	3000	
Contract	2	254.794521	8.035	10000	18000	0	3000	
Contract	2	178.767123	10.114	0	15000	0	3000	
Contract	3	875.342466	6.017	30600	36000	0	6000	
Contract	3	643.835616	6.893	30600	36000	0	6000	
Contract	3	509.589041	8.035	20000	36000	0	6000	
Contract	3	357.534247	10.114	0	30000	0	6000	
Contract	3	1313.013699	6.017	45900	54000	0	9000	
Contract	3	965.753425	6.893	45900	54000	0	9000	
Contract	3	764.383562	8.035	30000	54000	0	9000	
Contract	3	536.30137	10.114	0	45000	0	9000	
Contract	3	1750.684932	6.017	61200	72000	0	12000	
Contract	3	1287.671233	6.893	61200	72000	0	12000	
Contract	3	1019.178082	8.035	40000	72000	0	12000	
Contract	3	715.068493	10.114	0	60000	0	12000	
Contract	3	33	31	5000	7200	0	1200	
Contract	3	37	33	4000	9000	102	1500	
Contract	3	437.671233	6.017	15300	18000	0	3000	
Contract	3	321.917808	6.893	15300	18000	0	3000	
Contract	3	254.794521	8.035	10000	18000	0	3000	
Contract	3	178.767123	10.114	0	15000	0	3000	
Contract	3	875.342466	6.017	30600	36000	0	6000	
Contract	3	643.835616	6.893	30600	36000	0	6000	
Contract	4	509.589041	8.035	20000	36000	0	6000	
Contract	4	357.534247	10.114	0	30000	0	6000	
Contract	4	1313.013699	6.017	45900	54000	0	9000	
Contract	4	965.753425	6.893	45900	54000	0	9000	
Contract	4	764.383562	8.035	30000	54000	0	9000	
Contract	4	536.30137	10.114	0	45000	0	9000	
Contract	4	1750.684932	6.017	61200	72000	0	12000	
Contract	4	1287.671233	6.893	61200	72000	0	12000	
Contract	4	1019.178082	8.035	40000	72000	0	12000	
Contract	4	715.068493	10.114	0	60000	0	12000	
Contract	4	37	41	1000	7000	0	1500	
Contract	4	41	44	7000	10800	0	1800	
Contract	4	41	43	5000	10800	300	1800	
Contract	4	125	44	7000	12000	696	3600	
Contract	4	437.671233	7.396	15300	18000	0	3000	
Contract	4	321.917808	10.774	15300	18000	0	3000	
Contract	4	254.794521	14.692	10000	18000	0	3000	
Contract	4	178.767123	22.112	0	15000	0	3000	
Contract	4	875.342466	7.396	30600	36000	0	6000	
Contract	4	643.835616	10.774	30600	36000	0	6000	
Contract	5	509.589041	14.692	20000	36000	0	6000	
Contract	5	357.534247	22.112	0	30000	0	6000	
Contract	5	1313.013699	7.396	45900	54000	0	9000	
Contract	5	965.753425	10.774	45900	54000	0	9000	
Contract	5	764.383562	14.692	30000	54000	0	9000	
Contract	5	536.30137	22.112	0	45000	0	9000	
Contract	5	1750.684932	7.396	61200	72000	0	12000	
Contract	5	1287.671233	10.774	61200	72000	0	12000	
Contract	5	1019.178082	14.692	40000	72000	0	12000	
Contract	5	715.068493	22.112	0	60000	0	12000	
Contract	5	37	41	1000	7000	0	1500	
Contract	5	41	44	7000	10800	0	1800	
Contract	5	41	43	5000	10800	300	1800	
Contract	5	125	44	7000	12000	696	3600	
Contract	5	437.671233	7.396	15300	18000	0	3000	
Contract	5	321.917808	10.774	15300	18000	0	3000	
Contract	5	254.794521	14.692	10000	18000	0	3000	
Contract	5	178.767123	22.112	0	15000	0	3000	
Contract	5	875.342466	7.396	30600	36000	0	6000	
Contract	5	643.835616	10.774	30600	36000	0	6000	
DrivableS	DS0	0
P	-2280	-2280	-2280	-2280	-2280	-2280	
Pmin	0	0	0	0	0	-6000	
Pmax	-6000	0	0	0	0	-15000	
DrivableS	DS1	6
P	2667	2667	2667	2667	2667	2667	
Pmin	0	0	0	0	0	0	
Pmax	2667	2667	2667	2667	2667	2667	
NDrivableS	NDS0	0																							
P	-80289	-72516	-73166	-78921	-80295	-80862
Storage	STOR0	1.2	0	36480	10000	0	1280	1280																	
UNDS	UNDS0	0																							
Pmin	6800	500	5300	9500	11400	11400
Pmax	17400	30600	20100	36700	37300	33700
Pdt_min	1100	0	800	1500	1900	1900
Pdt_max	4200	6400	6700	7700	8300	7100
UNDS	UNDS1	0
Pmin	-11402.56811	-13869.82889	-10444.7817	-10761.56271	-10952.9863	-11364.3823
Pmax	-9736.662379	-9457.746632	-8260.291321	-9463.895161	-9693.065202	-9890.560429
Pdt_min	-2042.160438	-2687.746236	-1904.474672	-1894.140797	-1907.093	-1988.816118
Pdt_max	-1486.858528	-1217.052149	-1176.311211	-1461.584949	-1487.1193	-1497.542163
NBScenarios 100
SCENARIO 0
UNDS0
Period   0 2458.34  1451.13  2081.52  1704.7  1649.62  1620.11  
Period   1 1070.8  2092.03  629.756  4206.07  3668.51  2063.27  
Period   2 1556.39  2143.49  2129.16  1767.42  2494.08  2816.34  
Period   3 2159.85  2790.27  5090.67  4258.59  3762.41  2431.83  
Period   4 5309.89  4861.8  2707.31  4578.07  2119.05  5205.52  
Period   5 2842.36  2342.16  2788.27  3490.16  3627.8  2782.74  
UNDS1
Period   0 -1998.92  -1850.37  -1820.55  -1878.91  -1878.36  -1576.29  
Period   1 -2470.74  -2143.63  -2517.94  -2630.93  -2404.83  -1592.88  
Period   2 -1788.19  -1784.32  -1409.44  -1760.76  -1744.45  -1771.31  
Period   3 -1806.13  -1660.53  -1766.11  -1650.51  -1874.76  -1724.97  
Period   4 -1855.92  -1857.62  -1783.99  -1780.76  -1811.05  -1830.57  
Period   5 -1935.22  -1897.65  -1689.25  -1756.75  -1838.62  -1844.2  
SCENARIO 1
UNDS0
Period   0 3056.25  2021.39  1626.28  1456.19  2006.21  1719.9  
Period   1 3574.09  1767.41  1132.54  2163.99  2476.57  772.411  
Period   2 1584.41  2221.46  2427.52  2282.4  2200.56  1252.65  
Period   3 3644.79  3381.72  2391.63  2865.43  2550.26  3713.36  
Period   4 5104.11  3278.98  4955.43  4771.74  2390.11  4718.07  
Period   5 2613.92  2556.35  3916.58  2472.82  3713.8  2687.16  
UNDS1
Period   0 -1822.22  -1734.31  -1930.36  -1864.16  -1894.8  -1923.02  
Period   1 -2052.82  -2237.82  -2392.46  -2507.68  -2388.31  -1670.19  
Period   2 -1685.14  -1819.49  -1722.42  -1694.1  -1726.22  -1712.48  
Period   3 -1804.36  -1707.25  -1795.69  -1745.37  -1734.41  -1795.71  
Period   4 -1841.68  -1856.41  -1803.93  -1747.48  -1857.91  -1673.31  
Period   5 -1863.22  -1855.65  -1816.23  -1766.15  -1646  -1882.08  
SCENARIO 2
UNDS0
Period   0 2077.45  1470.73  1442.42  1519.68  1408.99  2132.73  
Period   1 2005.33  2641.82  1186.18  2127.58  736.79  102.568  
Period   2 2741.87  1826.96  2360.5  1567.22  2212.41  1461.85  
Period   3 2663.66  1737.56  4740.81  3153.95  3036.44  3351.38  
Period   4 2517.09  5543.42  5547.07  2805.68  3986.12  2907.75  
Period   5 4007.09  5180.08  2799.75  4308.1  4425.13  3113.31  
UNDS1
Period   0 -1879.97  -2030.65  -1855.1  -1858.93  -1796.24  -1890.15  
Period   1 -1992.44  -2257.21  -2206.63  -2159.07  -2080.7  -2312.84  
Period   2 -1872.81  -1659.97  -1656.48  -1888.27  -1695.65  -1565.56  
Period   3 -1792.17  -1826.6  -1853.54  -1656.29  -1873.45  -1664.14  
Period   4 -1630.8  -1849.66  -1798.83  -1811.27  -1659.31  -1869.05  
Period   5 -1863.68  -1842.28  -1881.14  -1817.46  -1928.64  -1899.8  
SCENARIO 3
UNDS0
Period   0 2021.54  1789.37  3203.66  2356.05  1400.8  1635.81  
Period   1 1971.9  2187.53  1908.27  1761.98  1396.12  511.125  
Period   2 2984.32  2355.15  2644.19  2478.26  2748.48  1640.18  
Period   3 3133.77  2983.07  2494.13  4147.17  3608.43  2687.15  
Period   4 4057.4  2179.34  4446.48  5060.8  3011.27  3271.57  
Period   5 4261.41  3238.97  3712.24  3981.73  4026.04  2136.76  
UNDS1
Period   0 -1802.24  -1938.18  -1936.36  -1686.42  -1828.91  -1930.29  
Period   1 -2293.52  -2338.09  -1976.69  -2330.5  -2480.93  -2200.9  
Period   2 -1834.9  -1846.75  -1607.28  -1758.66  -1706.88  -1609.4  
Period   3 -1780.03  -1789.8  -1805.53  -1737.37  -1685.74  -1754.79  
Period   4 -1839.7  -1799.26  -1831.9  -1750.33  -1848.41  -1633.57  
Period   5 -1973.28  -1683.55  -1863.51  -1941.11  -1931.89  -1883.84  
SCENARIO 4
UNDS0
Period   0 3245.4  1563.1  2617.05  1924.08  2040.86  1852.05  
Period   1 2033.62  1099.14  2247.36  2557.7  1034.85  2425.14  
Period   2 1216.7  1175.1  3150.56  4867.11  988.023  1621.44  
Period   3 1748.67  4205.71  2509.6  2156.62  2159.28  2500.61  
Period   4 5445.6  3911.63  4114.48  4635.81  3485.38  3961.02  
Period   5 3474.52  4868.02  2822.95  3335.31  3386.5  2915.18  
UNDS1
Period   0 -1890.02  -1984.78  -1876.52  -1993.69  -1926.63  -1679.68  
Period   1 -1907.93  -2173.68  -2291.9  -2354.95  -2224.74  -2225.34  
Period   2 -1472.41  -1583.55  -1813.9  -1747.15  -1499.1  -1759.54  
Period   3 -1685.1  -1845.66  -1764.88  -1710.36  -1781.42  -1730.56  
Period   4 -1741.35  -1814.25  -1742.34  -1872.03  -1767.56  -1877.8  
Period   5 -1911.59  -1716.08  -1878.85  -1733.69  -1818.21  -1592.1  
SCENARIO 5
UNDS0
Period   0 3090.72  1834.43  1703.62  2541.65  2311.15  1893.5  
Period   1 3112.67  1937.35  985.133  792.979  486.787  3011.14  
Period   2 1096.17  3028.87  2521.04  3256.9  3484.89  1181.95  
Period   3 2250.73  4334.31  2536.8  2554.44  4178.54  3870.59  
Period   4 3351.43  3648.09  3333.8  2335.84  6747.71  3798.1  
Period   5 4490.45  2436.76  2248.68  2492.59  3476.86  2492.45  
UNDS1
Period   0 -1941.61  -1835.04  -1870.01  -1896.81  -1692.65  -1989.45  
Period   1 -2424.28  -2278.36  -2207.76  -2600.32  -2272.51  -1970.85  
Period   2 -1793.58  -1661.14  -1703.8  -1840.07  -1874.23  -1442.25  
Period   3 -1752.39  -1670.54  -1811.33  -1783.58  -1813.93  -1732.75  
Period   4 -1868.82  -1715.07  -1876.52  -1708.08  -1866.94  -1703.4  
Period   5 -1829.47  -1783.5  -1931.22  -1784.79  -1803.95  -1640.39  
SCENARIO 6
UNDS0
Period   0 1574.98  2726.21  1676.43  2944.5  2485.62  1686.3  
Period   1 1998.11  5160.82  1363.44  560.178  2511.62  3427.88  
Period   2 1876.59  1899.61  2773.18  3001.58  1288.27  1412.12  
Period   3 2054.04  5213.15  4893  3796  3103.64  2717.1  
Period   4 3558.73  4319.68  3725.23  4044.2  4047.05  2410.35  
Period   5 4071.92  2255.12  3594.55  2790.88  1919.1  4359.73  
UNDS1
Period   0 -1957.87  -1969.7  -1741.65  -1951.16  -1988.3  -1751.04  
Period   1 -2397.77  -1921.33  -2318.64  -1983.34  -2311.88  -2533.84  
Period   2 -1511.44  -1780.39  -1536.35  -1385.12  -1576.78  -1718.89  
Period   3 -1813.86  -1793.2  -1734.12  -1632.28  -1859.68  -1843.5  
Period   4 -1828.25  -1886.79  -1759.6  -1699.9  -1757.2  -1812.31  
Period   5 -1808.82  -1862.3  -1714.25  -1727.45  -1726.68  -1904.6  
SCENARIO 7
UNDS0
Period   0 1858.91  1678.14  2022.44  1554.12  1236.19  2526.74  
Period   1 1649.08  1252.99  1150.56  584.18  3634.78  1125.78  
Period   2 1596.45  3752.04  2515.21  3219.82  1402.1  2264.38  
Period   3 2785.09  2226  4469.15  2758.17  6118.9  1665.09  
Period   4 3523.3  5057.12  4047.41  2577.59  3085.17  2460.89  
Period   5 2997.94  3971.89  2599.56  2465.74  3377.58  4193.2  
UNDS1
Period   0 -1852.99  -1857.04  -1720.96  -1841.72  -1679.36  -2017.57  
Period   1 -2592.86  -2104.74  -2244.57  -2322.43  -2260.94  -2069.25  
Period   2 -1890.94  -1693.39  -1753.96  -1520.74  -1824.43  -1642.55  
Period   3 -1856.53  -1847.97  -1775.97  -1787.97  -1601.75  -1802.42  
Period   4 -1820.71  -1787.21  -1699  -1741.68  -1738.53  -1803.95  
Period   5 -1806.99  -1819.78  -1945.8  -1816.49  -1826.38  -1835.99  
SCENARIO 8
UNDS0
Period   0 2096.76  2403.86  1329.78  1792.5  1905.56  3146.63  
Period   1 2226.71  1260.37  1954.04  4720.76  1805.56  1525.67  
Period   2 4390.07  2420.73  1468.32  3009.29  2096.44  1610.3  
Period   3 4214.89  5502.28  2627.6  4272.33  4133.59  5376.19  
Period   4 4036.83  3444.65  2653.03  4192.9  4040.2  5135.6  
Period   5 2966.4  4118.96  2638.76  2657.17  3047.86  2443.93  
UNDS1
Period   0 -1917.17  -1757.85  -1968.58  -1937.19  -1718.9  -1772.16  
Period   1 -2673.6  -2130.78  -2398.13  -2501.03  -2019.22  -1933.1  
Period   2 -1524.72  -1757.39  -1673.16  -1708.69  -1741.79  -1559.7  
Period   3 -1855.04  -1820.74  -1772.17  -1858.82  -1776.92  -1639.22  
Period   4 -1847.52  -1861.51  -1699.29  -1842.66  -1815.32  -1679.36  
Period   5 -1946.19  -1840.15  -1879.95  -1948.55  -1760.83  -1907.31  
SCENARIO 9
UNDS0
Period   0 1549.08  1973.22  1954.39  2124.99  1585.06  1479.99  
Period   1 2491.22  1548.92  1265.9  984.739  2666.17  2684.28  
Period   2 3986.66  1608.1  4440.86  1160.6  4004.39  2072.58  
Period   3 5393.85  2750.1  2038.5  3357.05  2668.84  3008.61  
Period   4 4447.58  3124.91  3525.98  2656.97  2490.56  4119.04  
Period   5 3840.38  2496.19  3071.58  3801.11  3133.85  2568  
UNDS1
Period   0 -1911.04  -1892.51  -1928.37  -1940.6  -1849.76  -1872.23  
Period   1 -2526.66  -2521.66  -2234.06  -2426.14  -2320.09  -1533.25  
Period   2 -1711.39  -1836.92  -1574.96  -1798.68  -1873.55  -1559.03  
Period   3 -1769.68  -1857.84  -1853.3  -1682.72  -1807.6  -1735.07  
Period   4 -1650.71  -1787.49  -1764.67  -1893.42  -1891.91  -1873.24  
Period   5 -1943.79  -1946.83  -1872.24  -1883.67  -1891.84  -1615.76  
SCENARIO 10
UNDS0
Period   0 2177.15  2345.77  2487.56  2086.22  2944.21  2970.98  
Period   1 681.549  2452.54  1573.44  1179.85  351.816  2527.84  
Period   2 1101.93  1709.65  2044.17  3683.71  3497.87  3352.41  
Period   3 4312.76  2129.1  2302.92  3728.31  4599.25  1772.64  
Period   4 4343.82  3919.64  5445.21  3939.51  2356.85  4260.84  
Period   5 2831.63  3351.8  2586.86  2481.07  2751.59  2789.8  
UNDS1
Period   0 -1983.4  -1946.4  -2031.72  -1887.1  -1954.37  -1584.82  
Period   1 -2117.92  -2323.62  -2536.77  -2646.72  -2332.9  -1567.76  
Period   2 -1640.16  -1615.61  -1625.31  -1564.9  -1604.13  -1617.14  
Period   3 -1835.68  -1767.32  -1722.02  -1713.67  -1770.8  -1807.25  
Period   4 -1782.76  -1765.1  -1853.87  -1794.42  -1779.75  -1830.74  
Period   5 -1827.92  -1746.78  -1856.28  -1711.48  -1912.5  -1879.19  
SCENARIO 11
UNDS0
Period   0 1871.37  2328.61  1294.9  1881.4  1975.51  2114.43  
Period   1 339.116  1470.9  1277.08  865.54  2765.84  1566.3  
Period   2 3147.55  1461.73  1679.33  3148.73  1908.9  3787.97  
Period   3 2501.75  3440.7  3333.61  3622.56  4371.94  2752.06  
Period   4 2229.52  4059.23  4943.47  2517.97  2342.38  3244.98  
Period   5 3539.62  3879.67  4386.55  2563.77  3550.4  4126.67  
UNDS1
Period   0 -1979.22  -1908.62  -1841.37  -1784.35  -2026.62  -1793.15  
Period   1 -2131.25  -2488.7  -2614.32  -2435.49  -2203.84  -1817.54  
Period   2 -1745.37  -1672.27  -1739.27  -1776.87  -1763.48  -1511.6  
Period   3 -1738.34  -1775.31  -1805.66  -1797.89  -1825.08  -1674.21  
Period   4 -1697.16  -1861.63  -1828.13  -1798.85  -1873.58  -1814.59  
Period   5 -1791.11  -1761.07  -1849.05  -1875.21  -1914.57  -1902.98  
SCENARIO 12
UNDS0
Period   0 1606.99  1550.78  1829.68  1145.69  3011.71  2898.42  
Period   1 1707.3  2885.91  4766.35  1478.32  1037.05  1855.27  
Period   2 3999.46  1780  1336.34  2253.97  2759.51  3177.87  
Period   3 4415.56  2714.46  4176.36  5707.51  2379.74  2172.63  
Period   4 2765.6  3108.39  4328.68  2078.99  4028.01  2627.88  
Period   5 2379.87  2437.58  3139.5  2305.09  2179.02  2642.83  
UNDS1
Period   0 -1951.8  -1895.52  -1961.31  -1966.29  -1931.57  -1616.34  
Period   1 -2290.15  -2612.38  -2225.21  -2269.69  -2197.04  -1965.18  
Period   2 -1651.48  -1871.43  -1761.65  -1783.39  -1726.19  -1532.18  
Period   3 -1854.41  -1782.04  -1688.97  -1746.35  -1757.78  -1733.09  
Period   4 -1762.27  -1836.11  -1745.27  -1673.54  -1850.78  -1770.19  
Period   5 -1748.8  -1866.3  -1812  -1908.57  -1760.5  -1934.23  
SCENARIO 13
UNDS0
Period   0 2431.83  2292.51  1449.85  1708.09  2300.5  1770.74  
Period   1 2249.62  1833.33  168.656  3039.79  1306.96  895.598  
Period   2 2388.7  3825.07  1654.19  2821.3  2195.05  1971.05  
Period   3 1789.1  5388.57  2765.64  4151.15  1725.28  5342.51  
Period   4 2690.27  2233.7  3330.79  2507.7  6483.9  5876.94  
Period   5 3848.82  2874.27  4016.76  2533.33  4121.16  3792.52  
UNDS1
Period   0 -1984.08  -1732.14  -2023.77  -2004.54  -1745.12  -1793.43  
Period   1 -2226.03  -2001.97  -2258.42  -1849.4  -2118.45  -2139.05  
Period   2 -1698.87  -1759.16  -1750.7  -1383.72  -1681.07  -1709.46  
Period   3 -1776.95  -1704.37  -1742.82  -1767.07  -1806.33  -1780.34  
Period   4 -1857.06  -1799.52  -1827.66  -1833.77  -1728  -1885.54  
Period   5 -1838.63  -1762.58  -1832  -1712.87  -1928.37  -1902.58  
SCENARIO 14
UNDS0
Period   0 2459.69  2257.76  2749.9  1723.44  3173.21  2786.77  
Period   1 1637.03  866.717  1472.77  1195.42  67.2237  531.909  
Period   2 1203.19  957.844  1624.24  3151.82  1133.35  2593.13  
Period   3 3080.89  3254.5  3419.55  3637.51  1652.22  3225.17  
Period   4 4075.12  4627.29  2699.56  2257.18  3379.97  2479.97  
Period   5 3923.68  4082.37  2483.79  2567.35  4156.38  3150.87  
UNDS1
Period   0 -1863.57  -1808.3  -1861.38  -1788.69  -1801.72  -1981.91  
Period   1 -2141.67  -1730.42  -2188.08  -2258.95  -2159.4  -2364.41  
Period   2 -1616.6  -1827.75  -1636.68  -1488.84  -1611.34  -1670.26  
Period   3 -1834.13  -1839.87  -1794.07  -1803.48  -1645.05  -1688.79  
Period   4 -1629.35  -1857.56  -1858.99  -1785.94  -1819.47  -1745.15  
Period   5 -1857.42  -1860.57  -1747.69  -1792.75  -1765.23  -1752.68  
SCENARIO 15
UNDS0
Period   0 1154.03  1663.57  1892.17  1173.88  1477.12  1874.62  
Period   1 492.605  968.141  574.321  1903.65  1976.85  3133.53  
Period   2 1556.5  1148.46  1652.24  2758.43  2062.36  1670.19  
Period   3 4881.19  2936.36  1981.51  4569.01  3825.67  3164.07  
Period   4 3497.78  5079.63  4100.85  4966.64  6209.03  6261.89  
Period   5 1933.29  4298.3  3048.97  3912.15  3621.24  4854.32  
UNDS1
Period   0 -1899.78  -2018.77  -1777.65  -1988.86  -1787.12  -1870.79  
Period   1 -2512.09  -2513.16  -2661.99  -2516.68  -2124.74  -1439.26  
Period   2 -1728.71  -1771.09  -1686.32  -1627.58  -1751.94  -1796.78  
Period   3 -1752.86  -1833.39  -1877.92  -1760.87  -1619.17  -1839.35  
Period   4 -1828.46  -1784.42  -1797.46  -1877.64  -1806.45  -1817.36  
Period   5 -1906.3  -1787.89  -1710.22  -1956.42  -1862.22  -1891.21  
SCENARIO 16
UNDS0
Period   0 1870.44  1912.32  2356.68  2015.9  1580.38  2629.45  
Period   1 1580.14  1912.49  4333.79  1289.25  849.561  2136.94  
Period   2 1972.89  2169.38  1706.38  1703.75  1358.01  1180.63  
Period   3 2545.13  3475.82  3737.17  2713.89  2343.46  3958.97  
Period   4 4931.46  2504.38  2178.04  2308.79  3368.6  2137.45  
Period   5 3240.35  4944.01  3779.81  2941.47  3712.17  3501.98  
UNDS1
Period   0 -1871.43  -1816.11  -1881.19  -1789.96  -1957.55  -1822.83  
Period   1 -2554.19  -2561.45  -2365.88  -2297.74  -2461.6  -1486.02  
Period   2 -1668.1  -1393.29  -1436.39  -1835  -1808.54  -1579.79  
Period   3 -1705.07  -1802.26  -1846.85  -1815.26  -1675.88  -1749.35  
Period   4 -1723.73  -1758.51  -1776.9  -1844.16  -1761.02  -1777.85  
Period   5 -1913.69  -1836.69  -1973.17  -1816.86  -1931.13  -1885.86  
SCENARIO 17
UNDS0
Period   0 1491.46  1763.33  1862.7  1592.92  1345.31  2165.86  
Period   1 239.191  1719.83  1560.9  589.222  834.102  657.342  
Period   2 2160.01  2553.12  4895.02  1440.98  1601.02  3342.84  
Period   3 2192.99  2245.49  2436.78  3393.39  4229.55  5846.11  
Period   4 3080.3  3572.51  2442.49  3518.35  2670.59  5505.78  
Period   5 2927.9  2441.76  4700.72  2680.34  3485.83  2286.12  
UNDS1
Period   0 -1922.36  -1971.37  -1909.31  -1860.59  -1787.16  -1721.75  
Period   1 -2476.96  -1700.07  -2456.52  -2384.26  -2303.17  -2489.48  
Period   2 -1729.4  -1566.52  -1782  -1672.69  -1698.01  -1561.93  
Period   3 -1776.91  -1808.7  -1845.24  -1827.39  -1784.95  -1671.19  
Period   4 -1789.45  -1750.41  -1797.04  -1833.63  -1780.23  -1837.06  
Period   5 -1880.27  -1951.51  -1916.07  -1895.69  -1810.12  -1860.68  
SCENARIO 18
UNDS0
Period   0 1288.13  1541.23  2105.53  1681.54  2229.22  3123.93  
Period   1 3216.16  1046.3  2430.27  830.984  2732.26  3372.39  
Period   2 2334.97  3781.81  2706.33  2144.8  2880.87  1297.04  
Period   3 3718.02  4603.82  2902.36  2879.01  3836.17  2884.63  
Period   4 2811.57  2854.14  3733.02  4259.41  6211.86  5410.65  
Period   5 5020.85  3436.68  4564.23  2761.4  3699.89  4286.46  
UNDS1
Period   0 -1968.72  -1864.2  -1840.59  -1972.39  -1846.13  -1780.77  
Period   1 -2587.37  -2247.06  -1954.15  -1970.26  -2397.75  -2326.58  
Period   2 -1625.4  -1779.48  -1592.4  -1783.11  -1729.99  -1850.98  
Period   3 -1707.3  -1819.61  -1803.21  -1849.61  -1738.29  -1651.54  
Period   4 -1854.25  -1631.09  -1853.5  -1809.04  -1871.8  -1742.24  
Period   5 -1818.89  -1901.92  -1867.93  -1919.17  -1972.04  -1770.7  
SCENARIO 19
UNDS0
Period   0 1470.07  1720.37  2252.33  2859.6  2923.77  1334.33  
Period   1 1772.65  3892.02  2024.56  2282.14  1724.63  2506.39  
Period   2 908.017  1895.57  2229.84  3252.17  1323.25  1699.18  
Period   3 5111.04  4204.53  4350.14  4854.63  4548.11  2993.23  
Period   4 4827.79  3123.28  3635.73  4375.46  2819.4  5920.69  
Period   5 3617.8  3776.09  3015.36  5099.17  2234.2  3409.95  
UNDS1
Period   0 -1896.59  -2000.46  -2009.46  -1862.97  -1944.84  -1613.08  
Period   1 -2278.22  -1769.54  -2157.9  -2306.92  -2331.93  -2470.94  
Period   2 -1560.81  -1856.91  -1805.85  -1871.64  -1720.91  -1516.93  
Period   3 -1774.93  -1787.5  -1839.02  -1764.22  -1798.15  -1684.19  
Period   4 -1839.35  -1874.81  -1611.59  -1765.07  -1824.73  -1835.2  
Period   5 -1919.74  -1817.92  -1974.87  -1839.1  -1943.98  -1750.41  
SCENARIO 20
UNDS0
Period   0 2138.98  1374.9  1375.86  1799.09  1632.51  2631.82  
Period   1 2678.12  4613.94  986.391  2762  1706  2457.41  
Period   2 2842.5  2584.95  2620.96  2250.62  1885.46  3511.61  
Period   3 3628.55  3879.15  4458.94  2786.59  3346.37  3293.69  
Period   4 2435.11  3469.88  2130.05  3097.49  5140.19  3334.49  
Period   5 3867.73  2566.03  3445.19  3130.78  3370.36  2579.32  
UNDS1
Period   0 -1730.07  -1823.97  -1979.25  -1977.78  -1977.59  -1741.95  
Period   1 -2048.11  -2423.4  -2251.14  -2120.11  -2493.2  -2440.54  
Period   2 -1733.4  -1876.77  -1779.96  -1765.67  -1627.22  -1381.8  
Period   3 -1758.37  -1689.26  -1752.02  -1821.04  -1783.68  -1759.2  
Period   4 -1749.7  -1762.03  -1727.16  -1879.87  -1612.41  -1750.99  
Period   5 -1955.45  -1918.07  -1970.32  -1941.59  -1945.74  -1607  
SCENARIO 21
UNDS0
Period   0 1731.98  1790.74  3060.64  2527.28  1831.88  1331.89  
Period   1 850.94  2055.05  3029.55  2205.56  3612.48  77.2324  
Period   2 2713.69  1624.14  4074.15  4252.69  1871.36  1500.83  
Period   3 3147.74  4325.66  2569.11  2878.02  2822.06  2610.42  
Period   4 2592.13  3968.02  5467.55  4247.41  3036.2  3023.09  
Period   5 4701.79  2915.54  2536.47  3476.8  4006.66  4662.52  
UNDS1
Period   0 -1844.8  -1832  -1854.51  -1758.39  -1870.2  -1926.38  
Period   1 -2036.94  -2353.06  -2456.41  -2586.53  -2397.28  -1631.12  
Period   2 -1560.35  -1748.28  -1625.62  -1746.39  -1864.36  -1636.05  
Period   3 -1803.47  -1586.99  -1817.93  -1829.39  -1715.9  -1802.21  
Period   4 -1785.81  -1818.94  -1875.63  -1606.44  -1653.42  -1790.02  
Period   5 -1631.9  -1791.73  -1919.31  -1752.42  -1898.85  -1789.36  
SCENARIO 22
UNDS0
Period   0 2256.28  1652.53  1684.83  1447.08  2034.33  1586.81  
Period   1 594.301  2474.7  1497.52  2094.76  2095.92  615.793  
Period   2 2542.78  4247.57  1450.48  1978.04  1363.43  4490.75  
Period   3 3647.86  2577.28  1982.18  4212.27  3073.36  2310.18  
Period   4 5156.41  3646.9  4316.14  1992.91  2643.77  2937.34  
Period   5 4010.64  2152.68  3122.16  3202.48  4746.74  3201.36  
UNDS1
Period   0 -1888.17  -1912.63  -1957.75  -1758.11  -1884.98  -1866.67  
Period   1 -2355.57  -2631.8  -1938.13  -2418.89  -1978.43  -2229.12  
Period   2 -1785.65  -1784.72  -1816.01  -1854.57  -1821.33  -1307.34  
Period   3 -1789.68  -1819.03  -1750.69  -1745.61  -1747.29  -1810.14  
Period   4 -1771.75  -1796.81  -1757.34  -1623.93  -1613.12  -1810.14  
Period   5 -1738.39  -1823.25  -1868.47  -1821.99  -1760.24  -1710.14  
SCENARIO 23
UNDS0
Period   0 1459.98  2514.08  2155.99  3105.98  2783.92  1788.35  
Period   1 1049.58  736.811  2609.55  1646.29  1144.12  501.647  
Period   2 2679.96  2968.21  2662.46  1252.1  2618.51  2571.08  
Period   3 2242.06  3146.21  2606.48  2494.03  3863.39  2529.08  
Period   4 2853.89  4796.11  4232.16  2267.11  4450.05  3337.09  
Period   5 2278.55  2408.92  4694.08  4124.12  1995.46  3434.55  
UNDS1
Period   0 -1737.5  -1915.97  -1943.71  -2028.43  -1836.85  -1772.67  
Period   1 -2523.54  -2309.69  -2548.59  -2435.05  -2319.57  -1536.58  
Period   2 -1702.07  -1792.81  -1730.3  -1772.49  -1767.53  -1468.84  
Period   3 -1844.07  -1807.11  -1736.83  -1799.29  -1862.76  -1650.53  
Period   4 -1836.94  -1596.78  -1861.31  -1759.85  -1764.15  -1618.6  
Period   5 -1838.7  -1933.88  -1777.05  -1882.71  -1747.85  -1867.61  
SCENARIO 24
UNDS0
Period   0 1456.38  1964.46  2124.28  1788.77  1294.41  2074.83  
Period   1 2908.52  365.613  849.192  418.305  1611.12  1998.04  
Period   2 4102.85  1425.26  3134.27  4772.22  894.174  2066.5  
Period   3 4477.39  2851.06  1817.6  2619.58  4548.72  5208.15  
Period   4 3152.4  4089.77  2498  3558.01  5456.79  4479.7  
Period   5 3275.7  3622.39  2800.24  2513.41  4538.25  2241.89  
UNDS1
Period   0 -1840.56  -1887.64  -1984.02  -1879.47  -1867.3  -1724.53  
Period   1 -2045.03  -2300.04  -2541.51  -2267.46  -2490.79  -2138.38  
Period   2 -1826.48  -1454.69  -1355.51  -1777.76  -1740.11  -1746.61  
Period   3 -1756.5  -1783.79  -1858.54  -1813.87  -1876.45  -1600.63  
Period   4 -1773.76  -1790.4  -1759.28  -1635.52  -1869.58  -1782.36  
Period   5 -1863.23  -1929.74  -1821.77  -1783.85  -1930.97  -1836.95  
SCENARIO 25
UNDS0
Period   0 1625.27  1651.19  1396.99  2782.37  1683.03  1791.51  
Period   1 2720.56  1945.58  2299.27  1657.14  1980.48  783.285  
Period   2 2885.12  2076.63  2292.09  3886.38  3442.06  3226.35  
Period   3 2490.75  3083.25  2276.43  2413.41  1768.9  4331.92  
Period   4 2756.95  4446.94  3776.57  2890.23  2552.68  4563.58  
Period   5 2590.6  3002.08  2688.05  4188.97  3312  2978.7  
UNDS1
Period   0 -1891.41  -1816.01  -1744.79  -1789.1  -1982.7  -1884.33  
Period   1 -2194.57  -2583.66  -1928.73  -1917.53  -1808.38  -2203.28  
Period   2 -1659.97  -1346.38  -1536.74  -1643.47  -1679.36  -1594.13  
Period   3 -1748.19  -1702.66  -1728.56  -1588.21  -1611.98  -1802.84  
Period   4 -1774.2  -1875.9  -1873.91  -1652.85  -1846.53  -1614.57  
Period   5 -1837.87  -1830.9  -1893.39  -1842.65  -1815.99  -1800.2  
SCENARIO 26
UNDS0
Period   0 2593.73  2042.79  2585.27  1674.65  1673.74  1672.74  
Period   1 1751.06  1567.31  1793.45  2426.74  3306.95  1551.59  
Period   2 3492.46  2478.33  4113.18  1704.01  2399.64  1732.71  
Period   3 3935.52  1713.08  4253.84  3621.21  3208.16  4851.4  
Period   4 5321.31  2720.88  2566.86  3689.26  4270.76  3227.22  
Period   5 2936.51  4633.77  2317.21  2848.07  4216.62  2625.33  
UNDS1
Period   0 -1934.58  -1877.24  -1956.55  -1947.14  -1656.2  -1852.1  
Period   1 -2314.54  -2425.6  -1996.22  -2092.8  -2270.04  -2367.94  
Period   2 -1732.93  -1703.31  -1672.54  -1743.39  -1820.69  -1557.12  
Period   3 -1864.22  -1730.66  -1682.71  -1800.54  -1816.44  -1740.96  
Period   4 -1712.03  -1779.95  -1853.51  -1789.29  -1871.29  -1831.36  
Period   5 -1831.52  -1909.18  -1834.46  -1927.94  -1905.56  -1804.39  
SCENARIO 27
UNDS0
Period   0 1482.05  2410.81  2703.72  2520.8  2316.15  2283.68  
Period   1 3141.19  134.591  2122.58  611.599  1937.68  2420.44  
Period   2 2138.74  3086.38  3501.45  2667.46  3443.08  1320.68  
Period   3 3252.83  5836.33  4007.54  2442.92  4371.15  3722.11  
Period   4 5540.42  3863.44  3886.11  4708.52  3058.66  3282.94  
Period   5 3474.37  2433.12  2438  2561.02  3612.46  3552.69  
UNDS1
Period   0 -1815.04  -2002.26  -1827.62  -1955.78  -1958.69  -1834.94  
Period   1 -2308.24  -2526.82  -2464.63  -2308.88  -2634.25  -1518.38  
Period   2 -1444.12  -1776.54  -1570.35  -1829.35  -1620.03  -1651.23  
Period   3 -1737.24  -1664.45  -1766.68  -1787.23  -1707.24  -1793.15  
Period   4 -1853.97  -1868.51  -1796.43  -1717.72  -1801.62  -1848.85  
Period   5 -1981.48  -1891.61  -1839.14  -1917.04  -1806.72  -1846.96  
SCENARIO 28
UNDS0
Period   0 2536.24  1863.13  1992.61  1120.45  1523.39  2651.12  
Period   1 2242.92  100.238  2842.85  992.384  2632.9  2981.62  
Period   2 4038.21  1701.43  1823.06  3619.34  3752.45  1368.21  
Period   3 3073.02  4180.39  2216.43  3251.35  3075.28  2930.83  
Period   4 3320.63  3868.25  3261.02  4186.01  4878.36  2836.62  
Period   5 4678.8  3165.79  3337.58  4312.64  5726.91  5667.74  
UNDS1
Period   0 -1843.92  -1978.88  -1793.37  -1801.27  -1892.15  -1889.69  
Period   1 -2290.16  -2180.64  -2187.06  -2569.33  -2612.48  -1976.11  
Period   2 -1486.85  -1690.11  -1695.1  -1720.63  -1582.42  -1783.64  
Period   3 -1870.6  -1742.57  -1750.12  -1849.66  -1873.51  -1631.03  
Period   4 -1801.89  -1810.04  -1795.44  -1877.2  -1889.16  -1752.28  
Period   5 -1834.24  -1936.63  -1824.59  -1932.17  -1855.57  -1962.34  
SCENARIO 29
UNDS0
Period   0 1553.93  2106.9  1688.08  1369.98  1568.45  2193.89  
Period   1 1340.39  1135.11  1974.27  1585.58  4048.26  3291.48  
Period   2 3992.97  2444.67  1579.76  3354.24  914.106  1943.4  
Period   3 2386.66  2289.11  3924.58  4161.51  2903.34  2116.58  
Period   4 4638.57  4538.89  3039.1  4420.16  3282.97  2767.69  
Period   5 2421.97  3311.96  4340.69  2737.81  2855.63  3439.02  
UNDS1
Period   0 -1954.71  -1845.83  -1828.09  -1979.27  -1794.07  -1774.29  
Period   1 -2575.31  -2399.98  -2184.73  -2122.68  -1759.51  -2132.68  
Period   2 -1612.21  -1617.08  -1657.91  -1757.45  -1450.18  -1685.53  
Period   3 -1663.98  -1885.45  -1810.44  -1735.23  -1829.56  -1756.41  
Period   4 -1797.23  -1745.1  -1865.39  -1812.39  -1815.49  -1812.85  
Period   5 -1897.28  -1747.23  -1901.92  -1815.61  -1859.35  -1773.52  
SCENARIO 30
UNDS0
Period   0 2617.71  1976.49  2548.1  2246.4  2611.58  1605.15  
Period   1 977.491  1066.8  426.556  1318.32  3258.38  158.859  
Period   2 3866.01  1976.82  2464.63  3768.65  3145.12  2759.21  
Period   3 3490.82  1732.29  2697.24  3407.24  2750.82  4157.55  
Period   4 2754.78  3630.75  4230.41  2855.58  6071.82  3037.45  
Period   5 3292.38  4037.46  3197.58  3616.94  2985.83  2371.89  
UNDS1
Period   0 -1834.01  -1623.82  -1913.02  -1831.34  -1786.88  -1914.48  
Period   1 -2538.63  -2479.69  -2304  -2242.27  -2546.89  -1338.87  
Period   2 -1657.25  -1764.68  -1728.05  -1766.24  -1701.21  -1695.45  
Period   3 -1786.57  -1717.91  -1746.99  -1779.35  -1840.29  -1766.15  
Period   4 -1875.17  -1827.31  -1687.55  -1785.79  -1869.84  -1697.59  
Period   5 -1771.63  -1933.41  -1761.12  -1774.8  -1803.42  -1828.26  
SCENARIO 31
UNDS0
Period   0 2588.66  1729.42  1843.09  2061.61  1871  2305.64  
Period   1 2483.96  2883.37  2838.76  729.488  497.265  2707.18  
Period   2 2218.36  2181.74  2449.98  2216.72  1520.66  1390.25  
Period   3 5346.35  4940.24  2719.91  3945.07  3020.35  3688.37  
Period   4 4046.97  3042.04  2534.15  3169.01  3493.39  2736.76  
Period   5 4143.49  2732.81  3874.59  3314.95  3855.42  3323.21  
UNDS1
Period   0 -1875.18  -1770.56  -1762.68  -1980.24  -1860.44  -1762.96  
Period   1 -2063.3  -2371.04  -1952.84  -2033  -2358.12  -2299.29  
Period   2 -1445.68  -1787.25  -1703.27  -1703.38  -1580.05  -1581.66  
Period   3 -1737.21  -1867.58  -1847.4  -1824.39  -1804.64  -1564.87  
Period   4 -1850.33  -1768.56  -1746.35  -1782.06  -1823  -1804.75  
Period   5 -1750.39  -1951.15  -1780.89  -1822.35  -1934.27  -1860.25  
SCENARIO 32
UNDS0
Period   0 2371.97  1646.53  2211.53  2579.53  1789.37  2529.35  
Period   1 729.677  3191.89  812.024  1476.4  2012.12  1396.76  
Period   2 3375.34  1986.3  3305.18  2322.02  1844.8  979.17  
Period   3 2534.86  4544.57  1768.39  2214.04  2588.81  1783.51  
Period   4 5422.13  3896.25  2863.24  4276.46  2420.95  3767.71  
Period   5 2559.7  2416.87  3646.62  4356.81  3453.7  4855.14  
UNDS1
Period   0 -1901.37  -2024.98  -1942.81  -2008.82  -1741.05  -1680.14  
Period   1 -2399.35  -2074.22  -2040.23  -2509.32  -2155.47  -2173.58  
Period   2 -1861.35  -1595.34  -1634.2  -1689.09  -1715.64  -1624.83  
Period   3 -1698.6  -1811.2  -1700.62  -1723.82  -1731.72  -1754.4  
Period   4 -1809.29  -1861.99  -1750.43  -1720.99  -1801.71  -1877.87  
Period   5 -1909.88  -1782.52  -1939.48  -1867.03  -1973.2  -1817.64  
SCENARIO 33
UNDS0
Period   0 1509.09  2966.22  1808.96  2466.99  2354.58  2700.17  
Period   1 1828.64  1324.81  2276.81  665.105  2360.22  862.133  
Period   2 2064.91  2157.52  2854.36  1291  3699.48  2526.7  
Period   3 2979.05  3530.56  3167.11  2703.54  2061.71  4818.91  
Period   4 3417.32  4602.71  4887.23  2812.07  3239.23  6017.77  
Period   5 3633.72  3726.63  3564.97  3708.32  2643.87  5352.53  
UNDS1
Period   0 -1923.56  -1892.12  -1927.11  -1984.06  -1835.87  -1729.88  
Period   1 -1943.25  -2309.34  -1904.28  -2135.82  -2351.1  -2041.05  
Period   2 -1678.07  -1764.63  -1617.2  -1740.75  -1737.94  -1679.73  
Period   3 -1771.68  -1865.36  -1780.47  -1848.84  -1764.31  -1688.85  
Period   4 -1800.73  -1849.24  -1883.95  -1746.19  -1723.85  -1653.93  
Period   5 -1900.01  -1816.37  -1896.42  -1877.33  -1891.88  -1823.65  
SCENARIO 34
UNDS0
Period   0 1877.63  1732.9  1512.03  1801.97  2077.65  2406.8  
Period   1 1192.75  5406.75  1105.13  1865.35  3181.02  1916.19  
Period   2 1782.63  1274.34  2554.88  2286.9  3725.81  2238.09  
Period   3 2155.81  5251.04  1844.08  5041.19  3060.87  2611.36  
Period   4 3064.99  4259.35  2627.28  2567.06  3159.78  3522.64  
Period   5 4309.93  3627.38  3115.5  2821.44  5005.43  5054.24  
UNDS1
Period   0 -1956.13  -1953.59  -1993.28  -1946.12  -1917.87  -1626.23  
Period   1 -2347.01  -2294.24  -1745.25  -2554.27  -2205.19  -2222.51  
Period   2 -1531.03  -1633.11  -1467.97  -1753.58  -1735.03  -1674.21  
Period   3 -1855.65  -1826.18  -1852.19  -1693.16  -1707.39  -1717.64  
Period   4 -1809.18  -1822  -1795.44  -1654.57  -1818.51  -1823.8  
Period   5 -1706.88  -1703.83  -1848.14  -1884.64  -1631.62  -1926.35  
SCENARIO 35
UNDS0
Period   0 1195.25  1924.56  1311.36  2036.31  1868.56  1823.67  
Period   1 1437.51  1496.72  1605.85  339.434  1297.19  2239.2  
Period   2 2171.09  1582.67  1046.15  2530.25  1599.05  2713.05  
Period   3 3248.22  4612.84  2086.56  3743.59  4805.37  3547.07  
Period   4 4377.76  3247.25  4736.73  5434.84  5650.1  2370.26  
Period   5 6236.84  3381.22  3727.32  3477.63  3930.12  4675.4  
UNDS1
Period   0 -1776.46  -1902.21  -1885.07  -1866.07  -1960.94  -1806.65  
Period   1 -2611.76  -2529.79  -2027.71  -2369.87  -2517.48  -1697.92  
Period   2 -1616.69  -1766.92  -1601.48  -1888.45  -1707.84  -1799.51  
Period   3 -1830.99  -1677.67  -1787.76  -1754.58  -1830.13  -1831.53  
Period   4 -1812.26  -1760.32  -1760.74  -1795.86  -1766.57  -1835.92  
Period   5 -1791.76  -1760.05  -1841.05  -1837.72  -1932.71  -1915.01  
SCENARIO 36
UNDS0
Period   0 1657.91  2107.39  1345.25  1454.86  1595.53  1522.16  
Period   1 1329.17  2790.76  3458.18  811.983  643.452  1908.73  
Period   2 2770.99  2127.44  4355.04  5260.06  1807.21  1225.66  
Period   3 2245.99  2227.28  3610.58  2604.24  1900.5  1532.7  
Period   4 3378.39  4689  3543.77  4316.01  2939.09  3565.74  
Period   5 3113.48  4532.97  2284.7  3424.84  5126.94  3954.69  
UNDS1
Period   0 -1980.19  -1911.54  -1875.09  -1992.46  -2016.07  -1533.28  
Period   1 -2315.48  -2256.47  -2468.54  -2206.24  -2455.55  -1917.28  
Period   2 -1570.69  -1575.13  -1592.59  -1729.44  -1685.13  -1585.86  
Period   3 -1694.28  -1765.35  -1754.14  -1838.61  -1690.12  -1838.34  
Period   4 -1655.79  -1808.45  -1856.14  -1785.02  -1834.3  -1864.72  
Period   5 -1806.93  -1784.25  -1733.04  -1974.23  -1879.2  -1913.64  
SCENARIO 37
UNDS0
Period   0 2425.53  3013.22  1247.01  2598.19  2095.43  1386.66  
Period   1 652.355  3031.61  1831.21  3463.33  3152.74  933.021  
Period   2 2028.62  1463.94  4022.42  2249.64  908.418  1824.61  
Period   3 2365.41  3449.53  4380.1  3993.31  2457.52  3509.56  
Period   4 5104.43  2641.14  3383.82  2889.69  2776.76  3220.8  
Period   5 5795.21  4678  2686.82  3971.86  2783.05  2001.7  
UNDS1
Period   0 -1920.33  -1770.65  -1963.97  -1912.79  -1889.92  -1831.49  
Period   1 -1998.56  -2419.97  -2397.59  -1828.81  -2212.4  -2187.67  
Period   2 -1448.56  -1547.41  -1755.62  -1697.83  -1592.46  -1543.36  
Period   3 -1707.98  -1803.03  -1736.83  -1664.09  -1794.7  -1782.31  
Period   4 -1841.76  -1774.24  -1681.9  -1841.3  -1628.59  -1751.51  
Period   5 -1800.76  -1945.22  -1912.4  -1793.19  -1884.8  -1727.88  
SCENARIO 38
UNDS0
Period   0 1539.81  1261.96  1928.76  1341.87  1708.43  2052.5  
Period   1 1305.98  2901.58  2537.4  1635.57  3134.87  1849.38  
Period   2 3348.02  2662.24  2606.15  1834.95  2666.16  2149.19  
Period   3 2971.77  3041.7  1901.43  3348.44  2951.76  2319.27  
Period   4 5230  5006.7  3605.66  5729.53  4494.62  2965.61  
Period   5 2653.33  2955.88  2792.25  2872.7  2393.45  3090.11  
UNDS1
Period   0 -1871.89  -1879.88  -2019.38  -1697.34  -1853.55  -1822.91  
Period   1 -2129.73  -2128.83  -2635.42  -2502.83  -2428.74  -1998.79  
Period   2 -1793.76  -1805.6  -1590.27  -1553.02  -1720.61  -1671.54  
Period   3 -1845.25  -1668.73  -1807.66  -1784.15  -1687.15  -1685.14  
Period   4 -1767.12  -1829.7  -1895.95  -1856.9  -1803.56  -1691.12  
Period   5 -1911.35  -1810.74  -1756.06  -1900.37  -1945.86  -1864.05  
SCENARIO 39
UNDS0
Period   0 2586.78  1511.43  1230.66  1664.81  2105.32  1835.41  
Period   1 1715.74  1485.23  3415.34  896.806  1134.71  2058.26  
Period   2 2992.32  2689  3780.14  3913.87  3723.81  1264.61  
Period   3 3728.19  3338.27  3264.28  2683.9  2241.91  3167.78  
Period   4 2275.53  2032.18  5616.47  3602.53  3389.91  4671.2  
Period   5 2631.95  2199.79  2682.72  5451.07  3227.91  3498.53  
UNDS1
Period   0 -1919.77  -1931.99  -1809.34  -1849.67  -1835.39  -1921.19  
Period   1 -2106.55  -2483.19  -2207.48  -2403.26  -2238.46  -2098.45  
Period   2 -1715.26  -1658.21  -1643.99  -1714.89  -1788.15  -1749.61  
Period   3 -1704.05  -1710.17  -1717.88  -1792.23  -1653.81  -1839.01  
Period   4 -1723.4  -1714.55  -1870.91  -1751.23  -1858.48  -1844.15  
Period   5 -1914.87  -1862.5  -1795.09  -1759.68  -1821.94  -1861.91  
SCENARIO 40
UNDS0
Period   0 1784.98  1880.9  2141.81  2945.93  1859.57  1369.44  
Period   1 2024.19  1575.1  956.703  2286.85  756.984  1830.61  
Period   2 3452.4  3081.98  3153.42  2235.55  1706.33  2415.52  
Period   3 3848.32  3443.99  4765.54  2221.38  3902.88  2903.33  
Period   4 2444.81  3232.7  3048.81  3277.07  4777.09  2551.13  
Period   5 4591.16  4062.11  2538.19  2094.48  3024.77  3994.85  
UNDS1
Period   0 -1943.66  -1932.38  -1938.2  -1973.18  -1798.51  -1673.35  
Period   1 -2021.38  -1841.55  -2273.17  -2419.15  -2138.22  -2416.12  
Period   2 -1732.92  -1557.95  -1773.81  -1896.12  -1774.61  -1586.33  
Period   3 -1797.98  -1807.75  -1765.15  -1661.82  -1699.3  -1753.44  
Period   4 -1847.71  -1724.14  -1774.27  -1811.99  -1815.29  -1792.62  
Period   5 -1864.66  -1713.27  -1931.64  -1961.41  -1874.12  -1916.48  
SCENARIO 41
UNDS0
Period   0 1790.19  1752.03  1830.47  2389.95  1826.86  2270.48  
Period   1 3264.78  2535.33  1448.07  2495.6  1762.74  569.814  
Period   2 1879.53  3353.89  2962.61  3869.81  4760.04  1076.15  
Period   3 2045.87  2384.85  2039.74  3687.06  2023.75  3613  
Period   4 2854.09  5315.14  4256.5  3765.98  2878.79  2986.24  
Period   5 2319.13  4885.7  2853.37  3164.67  3372.04  2944.17  
UNDS1
Period   0 -1676.77  -1912.48  -1883.71  -1891.31  -1881.68  -2017.04  
Period   1 -2656.8  -2096.71  -2506.32  -2549.26  -2261.32  -1623.93  
Period   2 -1506.05  -1709.91  -1737.71  -1743.85  -1670.13  -1613  
Period   3 -1806.32  -1825.94  -1724.58  -1737.16  -1830.94  -1728.81  
Period   4 -1841.07  -1862.24  -1719.42  -1698.67  -1721.56  -1721.96  
Period   5 -1814.82  -1761.35  -1939.77  -1758.77  -1690.83  -1859.04  
SCENARIO 42
UNDS0
Period   0 1798.09  1954.67  2291.63  1242.26  1671.86  2038.99  
Period   1 3881.6  1361.48  963.819  912.288  669.224  506.047  
Period   2 1915.22  4162.81  1516.29  2830.3  2833.78  1666.01  
Period   3 4349.62  2519.32  3376.34  3631.47  3294.55  2687.64  
Period   4 2497.15  2130.13  3367.89  3240.14  3085.51  3942.2  
Period   5 4168.25  3185.2  4486.45  3622.07  3307.73  3127.28  
UNDS1
Period   0 -2003.92  -1857.91  -1925.78  -1955.64  -1864.73  -1710.41  
Period   1 -2124.36  -2180.62  -2452.73  -2133.3  -2451.13  -2286.08  
Period   2 -1710.24  -1746.41  -1867.45  -1588.51  -1503.22  -1508.04  
Period   3 -1797.93  -1828.43  -1755.4  -1828.76  -1653.07  -1768.52  
Period   4 -1780.46  -1843.38  -1733.12  -1820.92  -1854.94  -1676.59  
Period   5 -1881.71  -1782.25  -1800.53  -1888.75  -1936.8  -1779.48  
SCENARIO 43
UNDS0
Period   0 1945.84  2423.71  2259.18  1342.53  1833.51  1717.28  
Period   1 2870.35  1217.34  1635.99  2301.47  257.745  939.181  
Period   2 2073.82  2043.05  2996.4  2915.42  1188.56  1377.49  
Period   3 4214.68  1718.4  4039.07  3089.55  2740.52  1861.05  
Period   4 3637.77  3916.67  3997.48  3162.06  2137.9  3611.93  
Period   5 4743.39  2227.19  2310.08  3072.55  4151.37  4601.32  
UNDS1
Period   0 -1863.24  -1882.79  -1906.25  -1979.49  -1858.85  -1869.78  
Period   1 -2624.84  -1754.8  -2169.06  -2435.16  -2000.1  -2648.52  
Period   2 -1670.73  -1755.24  -1754.4  -1568.83  -1585.45  -1593.32  
Period   3 -1722.1  -1813.92  -1591.52  -1687.8  -1849.58  -1733.61  
Period   4 -1868.01  -1854.56  -1889.46  -1819.71  -1705.92  -1746.5  
Period   5 -1687.58  -1797.62  -1923.9  -1870.7  -1779.6  -1755.86  
SCENARIO 44
UNDS0
Period   0 1822.04  2983.79  2652.52  1629.84  1782.2  1291.97  
Period   1 1055.88  2925.82  440.036  2253.61  2312.57  3265.11  
Period   2 1765.55  1788.67  1482.01  3359.15  2059.96  1385.77  
Period   3 2954.28  3554.62  2807.48  4692.86  4482.51  2631.91  
Period   4 3661.83  2402.27  3225.26  5903.12  4279.82  4466.01  
Period   5 3282.97  2786.71  2043.77  2698.66  3006.73  2622.61  
UNDS1
Period   0 -1846.1  -1957.96  -1784.39  -1903.29  -1903.73  -1979.57  
Period   1 -2192.32  -2606.8  -2560.92  -1818.07  -2490.41  -1848.95  
Period   2 -1718.16  -1741.43  -1595.06  -1786.1  -1627.3  -1703.33  
Period   3 -1797.51  -1759.56  -1706.34  -1646.73  -1830.16  -1768.4  
Period   4 -1797.57  -1742.75  -1795.9  -1818.68  -1822.85  -1743.33  
Period   5 -1883.92  -1795.01  -1693.91  -1976  -1954.42  -1889.4  
SCENARIO 45
UNDS0
Period   0 1299.54  1492.83  1282.27  1705.88  2032.71  2173.83  
Period   1 306.517  369.846  2512.45  3014.82  2095.37  2652.49  
Period   2 1841.98  1305.73  2514.75  1630.57  2597.26  2484.84  
Period   3 2039.48  2480.06  3299.53  4980.79  4013.78  2148.98  
Period   4 2805.32  3498.17  4822.87  3334.96  2520.4  4862.73  
Period   5 3680.82  2830.78  3543.01  3335.83  2937.52  3880.12  
UNDS1
Period   0 -1816.91  -1828.02  -1897.85  -1863.57  -1796.28  -1851.34  
Period   1 -2509.08  -2110.97  -2347.98  -2437.33  -2317.17  -1944.41  
Period   2 -1402.12  -1671.6  -1628.36  -1737.75  -1738.13  -1674.4  
Period   3 -1771.26  -1657.63  -1813.94  -1800.86  -1707.28  -1795.57  
Period   4 -1850.17  -1813.6  -1754.71  -1892.49  -1766.36  -1723.12  
Period   5 -1897.44  -1697.34  -1917.88  -1976.89  -1750.05  -1955.39  
SCENARIO 46
UNDS0
Period   0 2228.09  1575.49  2329.61  1508.96  1984.97  1365.8  
Period   1 2140.51  1865.89  2834.38  2738.46  873.593  2494.7  
Period   2 2630.74  1453.05  1489.75  2466.04  2876.63  1181.18  
Period   3 3123.15  6602.17  3380.15  5460.62  3460.73  3734.16  
Period   4 4389.54  2405.01  2594.05  4131.02  2654.73  2689.7  
Period   5 2917.32  2722.72  2556.64  4165.25  3168.41  4662.54  
UNDS1
Period   0 -1900.03  -1993.95  -1794.96  -1985.38  -1909.88  -1728.2  
Period   1 -2608.32  -2439.06  -2166.25  -2308.12  -2281.48  -1713.27  
Period   2 -1814.69  -1831.33  -1793.77  -1895.07  -1571.87  -1482.19  
Period   3 -1809.91  -1825.76  -1701.7  -1868.93  -1801.78  -1724.91  
Period   4 -1862.68  -1773.37  -1747.28  -1819.08  -1802.34  -1787.45  
Period   5 -1891.55  -1829.88  -1914.39  -1915.66  -1725.25  -1836.41  
SCENARIO 47
UNDS0
Period   0 2039.89  1594.48  2303.04  2560.65  1419.52  1597.88  
Period   1 730.206  2186.98  4014.48  473.895  1600.38  1156.94  
Period   2 4309.11  1897.7  1546.41  3319.26  1961.32  1110.91  
Period   3 2661.75  3673.64  3787.34  3075.22  2240.49  2789.69  
Period   4 5104.9  2748.02  3030.17  3592.13  3615.73  3160.8  
Period   5 3748.88  2164.08  4297.63  3082.06  1949.74  5839.09  
UNDS1
Period   0 -1818.73  -1822.65  -1924.09  -1880.78  -1861.2  -1797.36  
Period   1 -2385.31  -2376.07  -1969.01  -2465.17  -2225.15  -2187.21  
Period   2 -1628.44  -1881.82  -1730.72  -1546.7  -1504.94  -1743.35  
Period   3 -1783.36  -1725.98  -1785.89  -1737.8  -1841.39  -1735.16  
Period   4 -1822.16  -1694.77  -1744.44  -1721.96  -1750.75  -1791.8  
Period   5 -1915.65  -1772.56  -1915.95  -1867.72  -1624.8  -1906.48  
SCENARIO 48
UNDS0
Period   0 1495.52  2148.7  1634.46  2057.92  2818.38  1441.43  
Period   1 1888.85  1235.6  2363.02  2052.75  3197.75  360.152  
Period   2 1436.26  2429.6  1657.39  2640.02  1885.21  4267.01  
Period   3 3931.95  2026.56  4869.85  4325.25  3963.53  2732.41  
Period   4 3594.13  3746.84  4552.49  6246.19  2792.24  4574.38  
Period   5 5079.28  3206.76  3923.91  3085.34  4023.12  2822.14  
UNDS1
Period   0 -1949  -1797.54  -2017.33  -1753.66  -1949.94  -1856.76  
Period   1 -2609.01  -2417.69  -2150.22  -2422.54  -2232.46  -1946.84  
Period   2 -1820.34  -1809.01  -1735.4  -1467.34  -1667.75  -1446.83  
Period   3 -1732.11  -1686.1  -1694.72  -1788.09  -1847.12  -1833.91  
Period   4 -1844.01  -1710.13  -1718.94  -1837.88  -1747.44  -1712.35  
Period   5 -1790.93  -1830.37  -1921.6  -1767.09  -1792.78  -1976.16  
SCENARIO 49
UNDS0
Period   0 2169.89  1477.42  1363.51  1717.7  1862.31  1340.29  
Period   1 3125.76  2924.35  1716.18  1793.43  1399.04  526.996  
Period   2 953.009  3336.52  3611.07  2279.7  2871.16  3781.11  
Period   3 2155.24  2368.68  2380.3  2228.54  3165.29  4377.96  
Period   4 4902.56  5441.73  2867.94  4318.21  4553.64  4230.06  
Period   5 3120.6  1934  3521.61  2876.59  3559.05  3713.01  
UNDS1
Period   0 -1832.1  -1949.61  -1893.42  -2009.6  -1938.15  -1676.2  
Period   1 -2332.06  -2412.37  -2036.33  -1850.12  -2363.64  -1824.37  
Period   2 -1772.55  -1622.27  -1453.75  -1744.67  -1637.22  -1405.47  
Period   3 -1672.02  -1783.09  -1708.09  -1808.68  -1828.38  -1789.43  
Period   4 -1763.35  -1671.92  -1758  -1821.84  -1721.92  -1719.11  
Period   5 -1904.75  -1918.96  -1845.28  -1786.02  -1792.28  -1819.11  
SCENARIO 50
UNDS0
Period   0 2328.22  2102.83  1537.49  2065.01  1929.49  1827.91  
Period   1 1509.43  2902.55  3493.27  2870.86  2552.93  1016.24  
Period   2 2396.91  4147.97  1705.74  3259.4  3530.38  1480.48  
Period   3 4602.96  2607.69  3212.38  3306.09  5132.61  1722.12  
Period   4 2470.39  3082.44  2628.09  4949.8  3608.77  6327.35  
Period   5 3204.4  2784.25  2495.9  4122.13  3277.74  2976.66  
UNDS1
Period   0 -1987.4  -1860.59  -1987.2  -1937.06  -1950.91  -1630.81  
Period   1 -2359.42  -2014.41  -2418.09  -2518.39  -2210.64  -1919.42  
Period   2 -1688.68  -1772.85  -1585.27  -1804.32  -1794.92  -1574.52  
Period   3 -1615.17  -1817.69  -1818.83  -1790.28  -1863.26  -1751.63  
Period   4 -1766.89  -1823.48  -1769.56  -1749.5  -1804.48  -1838.14  
Period   5 -1904.03  -1722.45  -1856.48  -1815.53  -1894.16  -1921.9  
SCENARIO 51
UNDS0
Period   0 2403.7  1799.91  2471.72  2193.74  2334.88  2049.65  
Period   1 2952.09  3674.43  767.954  1760.73  586.816  1367.91  
Period   2 1020.81  1997.58  3055.36  3148.81  3121.81  1276.47  
Period   3 4646.46  2210.08  2233.95  3658.64  2996.67  2042.58  
Period   4 6062.94  2553.35  3391.65  4451.66  5892.5  4596.03  
Period   5 3616.39  2159.74  3011.99  2141.13  6407.71  4142.42  
UNDS1
Period   0 -1799.27  -2011.76  -1705.32  -1999.12  -1904.08  -1855.76  
Period   1 -2305.78  -2000.27  -1874.31  -2028.75  -2308.7  -2092.1  
Period   2 -1783.58  -1804.81  -1783.89  -1598.19  -1847.34  -1390.6  
Period   3 -1851.86  -1791.96  -1675.22  -1841.9  -1802.36  -1607.74  
Period   4 -1670.14  -1799.22  -1813.46  -1867.21  -1854.97  -1850.06  
Period   5 -1822.35  -1819.24  -1790.68  -1698.2  -1829.37  -1753.05  
SCENARIO 52
UNDS0
Period   0 2050.4  1269.99  2336.52  2326.55  1957.57  2048.84  
Period   1 1210.88  1235.96  1445.3  3251.2  524.88  2577.1  
Period   2 3707.01  2065.01  4301.7  3137.39  2264.94  3352.89  
Period   3 2233.58  2624.71  2641.05  2255.13  3073.79  3189.36  
Period   4 4667.18  3641.44  4912.35  5139.1  5458.45  4221.99  
Period   5 2421.99  4021.08  3573.68  3832.39  2606.54  3733.68  
UNDS1
Period   0 -1814.87  -1869.09  -1901.1  -1774.75  -1953.55  -1820.28  
Period   1 -2216.26  -2308.6  -2158.24  -2415.63  -1776.03  -1921.58  
Period   2 -1445.84  -1598.65  -1728.14  -1818.51  -1661.37  -1810.88  
Period   3 -1737.13  -1777.33  -1797.03  -1803.7  -1823.42  -1799.7  
Period   4 -1772.13  -1738.21  -1731.6  -1792.6  -1746.79  -1725.6  
Period   5 -1704.65  -1887.94  -1892.74  -1914.2  -1834.11  -1908.35  
SCENARIO 53
UNDS0
Period   0 2685.88  1987.7  3150.64  1756.79  2608.76  1241.64  
Period   1 1287.28  1559.77  4280.2  3747.92  2496.09  1291.12  
Period   2 2657.39  3863.54  2291.59  3723.97  2154.3  3855.47  
Period   3 2542.82  4818.47  4712.45  3425.52  2918.87  2893.55  
Period   4 5062.54  4926.79  2100.72  3014.04  4997.17  4065.27  
Period   5 2469.09  4243.82  3211.25  3129.63  3823.94  4118.58  
UNDS1
Period   0 -1898  -1900.09  -1834.64  -2022.35  -1842.14  -1758.68  
Period   1 -2392.25  -2230.16  -1985.34  -2502.52  -2566.48  -1895.03  
Period   2 -1458.65  -1536.72  -1791.58  -1508.68  -1584.08  -1793  
Period   3 -1763.87  -1723.61  -1787.85  -1734.76  -1842.06  -1638.98  
Period   4 -1725.25  -1813.15  -1890.29  -1755.83  -1855.48  -1848.85  
Period   5 -1744.76  -1772.27  -1717.2  -1958.78  -1822.94  -1901.71  
SCENARIO 54
UNDS0
Period   0 1422.73  2424.42  2825.37  2169.19  3078.13  2808.23  
Period   1 1461.56  1711.08  1632.06  2213.74  1316.55  891.02  
Period   2 2481.2  3559.24  3078.44  1953.17  2552.98  2872.09  
Period   3 3270.28  2136.14  2813.19  2439.28  3003.04  4137.92  
Period   4 4601.26  2422.79  5339.24  4588.67  3979.06  4677.55  
Period   5 2631.77  2135.93  3638.4  2276.57  2473.92  2774.13  
UNDS1
Period   0 -1995.83  -1728.22  -1809.09  -1809.44  -1902.1  -1660.09  
Period   1 -2511.09  -2226.15  -2143.39  -2605.56  -2534.61  -1672.91  
Period   2 -1518.71  -1617.49  -1644.31  -1551.5  -1704.02  -1816.02  
Period   3 -1719.9  -1828.26  -1814.94  -1786.24  -1770.52  -1791.17  
Period   4 -1658.35  -1868.58  -1830.94  -1782.9  -1745.41  -1837.92  
Period   5 -1894.95  -1711.14  -1826.68  -1888.86  -1966.8  -1899.41  
SCENARIO 55
UNDS0
Period   0 1818.27  2348.76  3021.76  3471.61  2962.82  2404.9  
Period   1 230.406  3341.97  1141.78  1595.33  2815.11  1202.85  
Period   2 1906.58  1911.99  3782.02  2800.01  2018.51  1194.35  
Period   3 1767.61  2947.9  4088.22  2063.18  4281.97  3790.86  
Period   4 3946.62  3096.67  3559.55  4029.31  4404.94  4648.14  
Period   5 2973.51  4082.72  3051.94  3010.9  5453.52  3275.16  
UNDS1
Period   0 -1943.74  -1736.13  -1721.05  -1887.38  -1980.72  -1880.16  
Period   1 -2382.37  -1844.78  -2287.29  -2501.03  -2448.14  -2059.11  
Period   2 -1604.81  -1531.35  -1766.15  -1883.97  -1554.87  -1586.59  
Period   3 -1620.44  -1743.24  -1843.84  -1733.98  -1775.46  -1703.9  
Period   4 -1789.44  -1747.58  -1850.41  -1747.22  -1783.78  -1708.31  
Period   5 -1825.45  -1934.12  -1904.67  -1810.57  -1678.84  -1857.25  
SCENARIO 56
UNDS0
Period   0 1780.87  2487.75  1222.29  1212.83  1767.23  2045.64  
Period   1 2607.51  2036.31  3188.33  3390.36  1094.01  3549.49  
Period   2 1639.45  2768.32  1654.28  2685.88  2560.53  2381.72  
Period   3 4129  3822.82  4254.12  2712.37  4143.05  5202.16  
Period   4 3518.45  4102.59  2894.87  3190.39  6675.94  3754.87  
Period   5 2924.58  3068.3  2494.61  2763.21  2343.11  4126.24  
UNDS1
Period   0 -1916.87  -1723.24  -2005.57  -1828.98  -1809.66  -1867.07  
Period   1 -2016.99  -2563.85  -1840.17  -2200.68  -2155.78  -2518.63  
Period   2 -1807.37  -1695.41  -1731.87  -1623.88  -1807.51  -1704.47  
Period   3 -1645.76  -1696.61  -1747.95  -1751.94  -1675.07  -1707.74  
Period   4 -1629.27  -1687.67  -1620.26  -1771.64  -1668.11  -1662.65  
Period   5 -1970.18  -1851.6  -1921.41  -1916.95  -1830.12  -1624.3  
SCENARIO 57
UNDS0
Period   0 1498.28  2603.52  1681.44  1812.09  1460.09  2931.11  
Period   1 647.681  966.672  1686.51  4063.8  1085.4  2723.12  
Period   2 3050.77  2973.94  1943.14  1089.69  3407.18  2285.25  
Period   3 2291.55  4509.19  1839.8  4554.75  4672.57  4336.81  
Period   4 2916.65  4241.94  4322.6  3927.27  5132.17  3361.94  
Period   5 3089.19  4024.17  2286.32  2675.99  5487.81  3078.28  
UNDS1
Period   0 -1749.09  -1749.61  -1906.09  -1954.38  -1932.58  -1906.35  
Period   1 -2675.1  -2478.72  -2319.75  -2596.68  -2445.91  -1337.18  
Period   2 -1553.87  -1376.27  -1806.32  -1733.22  -1727.37  -1526.59  
Period   3 -1809.93  -1716.9  -1821.2  -1752.35  -1808.15  -1771.74  
Period   4 -1804.56  -1766.68  -1865.42  -1798.79  -1804.99  -1621.54  
Period   5 -1884.12  -1944.39  -1858.41  -1725.28  -1754.43  -1851.96  
SCENARIO 58
UNDS0
Period   0 2627.24  1359.07  1381.31  1646.32  1825.5  1471.67  
Period   1 3908.45  431.814  1132.15  2790.27  1077.82  2128.94  
Period   2 2666.6  2135.5  2349.2  2442.15  1050.41  2982.58  
Period   3 3411.53  3874.83  3234.62  3171.66  4319.31  4027.31  
Period   4 2884.34  3456.14  2896.91  5950.78  4597.24  5913.08  
Period   5 2602.01  4027.97  2673.14  3044.59  5021.64  3353.84  
UNDS1
Period   0 -1974.34  -1830.66  -1710.03  -1829.02  -1898.19  -1884.69  
Period   1 -1921.23  -2193.13  -2303.99  -1930.53  -2088.54  -2408.28  
Period   2 -1846.25  -1578.69  -1644.53  -1688.42  -1719.89  -1630.96  
Period   3 -1833.38  -1848.89  -1852.04  -1760.41  -1797.78  -1655.09  
Period   4 -1687.32  -1881.82  -1869.94  -1878.11  -1835.18  -1723.02  
Period   5 -1880.48  -1805.2  -1935.1  -1728.56  -1684.53  -1759.62  
SCENARIO 59
UNDS0
Period   0 2232.64  2353.87  2384.86  1628.83  1145.54  1332.04  
Period   1 1989.7  3200.02  1551.47  3756.62  1268.84  2178.02  
Period   2 1671.79  901.221  3515.23  2861.03  3522.25  1178.4  
Period   3 4126.97  1885.6  2462.1  3631.48  3399.72  2451.75  
Period   4 2695.51  4256.8  4200.9  5450.93  3386.29  4284.17  
Period   5 6078.04  3450.56  3165.98  3551.26  3077.72  2746.22  
UNDS1
Period   0 -1998.04  -1965.22  -1897.81  -1913.84  -1892.25  -1682.53  
Period   1 -2444.15  -1833.89  -2583.49  -2495.31  -1718.89  -2129.5  
Period   2 -1728.56  -1364.86  -1684.98  -1709.51  -1589.35  -1703.23  
Period   3 -1832.68  -1626.16  -1658.87  -1632.8  -1726.66  -1828.29  
Period   4 -1830.94  -1678.03  -1705.68  -1757.52  -1857.54  -1795.94  
Period   5 -1771.59  -1798.62  -1922.86  -1930.45  -1825.34  -1877.63  
SCENARIO 60
UNDS0
Period   0 2652.48  2122.48  1667.39  2130.19  2107.49  2300.82  
Period   1 1494.02  1926.87  1619.61  738.222  2400.05  1371.26  
Period   2 2028.08  1471.7  3225.83  1612.13  2537.59  3943.23  
Period   3 2149.3  2639.24  3704.68  4310.05  4463.57  3344.67  
Period   4 5639.6  3264.69  5433.76  3267.21  4584.55  3709.23  
Period   5 2183.62  4016.34  4075.16  4715.24  3259.92  2707.39  
UNDS1
Period   0 -1952.44  -1921.58  -1687.64  -1981.28  -1793.5  -1856.3  
Period   1 -2495.33  -2563.48  -2290.41  -1897.76  -2101.41  -2254.04  
Period   2 -1772.92  -1796.94  -1847.95  -1624.27  -1469.74  -1766.42  
Period   3 -1725.69  -1756.21  -1795.23  -1805.43  -1836.28  -1674.11  
Period   4 -1834.34  -1771.61  -1878.39  -1811.35  -1694.18  -1697.86  
Period   5 -1767.98  -1722.4  -1926.69  -1834.56  -1876.75  -1792.47  
SCENARIO 61
UNDS0
Period   0 1323  1221.05  1817.65  1647.98  1306.63  1834.18  
Period   1 2230.54  2602.58  1524.32  2198.45  2998.27  1188.13  
Period   2 2266.26  2151.9  3418.89  3617.44  3729.57  2274.72  
Period   3 2332.45  3038.76  4785.07  2339.55  4600.05  4185.15  
Period   4 3407.39  3963.33  2757.02  4607.12  2537.39  3669.22  
Period   5 3248.2  2539.76  3434.44  4962.61  2894.05  4079.56  
UNDS1
Period   0 -1925.57  -1910.91  -1940.03  -1821.81  -1961.11  -1669.95  
Period   1 -2076.97  -1839.36  -2063.81  -2111.43  -2451.93  -2215.32  
Period   2 -1773.95  -1813.15  -1743.03  -1620.07  -1637.31  -1739.12  
Period   3 -1732.53  -1753.06  -1800.2  -1850.42  -1859.45  -1672.11  
Period   4 -1682.01  -1806.94  -1753.48  -1758.27  -1713.54  -1762.46  
Period   5 -1860.78  -1937.74  -1788.96  -1891.09  -1899.98  -1799.81  
SCENARIO 62
UNDS0
Period   0 1913.47  2027.32  1576.49  1907.75  1662.26  2610.26  
Period   1 2317.9  1359.84  3979.12  3515.02  2688.3  1268.85  
Period   2 1752.02  2475.61  2674.66  1690.62  1828.04  3120.85  
Period   3 3099.52  4172.67  3371.48  4921.71  2820.43  2505.93  
Period   4 3190.56  2916.84  5096.02  3448.3  2936.95  5810  
Period   5 4835.35  2480.46  4134.49  3295.02  3327.23  4003.4  
UNDS1
Period   0 -1824.18  -1938.55  -2037.1  -1699.21  -1599.93  -2019.69  
Period   1 -2533.86  -2223.96  -2508.11  -2437.49  -2297.09  -1602.24  
Period   2 -1744.26  -1776.99  -1600.93  -1819.91  -1753.73  -1730.88  
Period   3 -1667.19  -1848.68  -1821.97  -1839  -1709.88  -1747.35  
Period   4 -1871.32  -1811.75  -1719.59  -1791.34  -1813.3  -1761.66  
Period   5 -1858.82  -1909.1  -1907.34  -1860.71  -1945.49  -1810.76  
SCENARIO 63
UNDS0
Period   0 1812.74  1705.12  1480.44  2172.52  1665.29  2534.78  
Period   1 1796.82  921.813  2543.56  853.733  2571.5  1760.73  
Period   2 2679.18  3497.59  1820.79  3328.7  2234.87  3715.94  
Period   3 1598.33  2120.35  4058.67  3815.54  2851.19  2640.42  
Period   4 3115.13  4782.55  2850.91  3328.25  2147.37  2743.86  
Period   5 3430.85  3988.7  5024.7  2915.19  2891.15  2261.99  
UNDS1
Period   0 -1960.24  -1898.3  -1907.04  -1656.69  -1960.29  -1708.48  
Period   1 -2013.57  -2519.91  -2661.08  -2312.13  -2360.19  -1958.46  
Period   2 -1728.82  -1747.32  -1706.93  -1738.51  -1799.28  -1623  
Period   3 -1768.45  -1828.38  -1826.02  -1803.28  -1842.11  -1676.34  
Period   4 -1856.53  -1745.13  -1773.77  -1771.42  -1848.57  -1821.51  
Period   5 -1880.38  -1869.98  -1894.65  -1856.72  -1943.11  -1706.99  
SCENARIO 64
UNDS0
Period   0 1525.17  1463.73  1439.19  2187.66  1705.88  1203.36  
Period   1 1739.62  1869.29  714.779  1076.12  851.113  4268.31  
Period   2 1470.53  3536.69  1640.91  2538.53  2683.36  2035.43  
Period   3 2219.98  3247.58  2183.71  3339.21  2681.53  3510.89  
Period   4 3239.01  4712.69  2785.59  2934.95  1932.13  2350.63  
Period   5 5549.38  4582.02  3338.06  3827.05  3590.58  3596.06  
UNDS1
Period   0 -2016.87  -1839.57  -1739.37  -1693.09  -2014.24  -1786.01  
Period   1 -2517.23  -2627.3  -2007.57  -2114.49  -2506.36  -2029.48  
Period   2 -1840.62  -1640.09  -1775.45  -1780.1  -1617.14  -1397.33  
Period   3 -1836.8  -1832.64  -1650.59  -1813.62  -1794.74  -1788.58  
Period   4 -1679.48  -1839.16  -1822.02  -1818.06  -1754.29  -1784.54  
Period   5 -1725.43  -1947.09  -1979.74  -1806.45  -1802.49  -1890.12  
SCENARIO 65
UNDS0
Period   0 1723.88  2593.72  2340.63  1291.48  2065.65  2389.63  
Period   1 2569.07  1245.24  3173.64  2931.51  1108.44  884.18  
Period   2 2295.88  1829.71  1830.48  2515.43  2062.19  1823.05  
Period   3 3893.92  2852.58  3077.8  4282.86  2361.45  4093.4  
Period   4 3170.61  3896.1  2806.28  4365.53  2739.8  2425.58  
Period   5 2995.76  2739.56  2706.9  2870.97  4683.57  4087.1  
UNDS1
Period   0 -1952.17  -1904.24  -1882.56  -1860.77  -1770.63  -1880.61  
Period   1 -2562.57  -2245.92  -2289.16  -2578.96  -2278.67  -1599.28  
Period   2 -1705.21  -1534.86  -1812.37  -1827.57  -1642.08  -1567.02  
Period   3 -1853.12  -1792.79  -1645.38  -1834.8  -1667.03  -1832.58  
Period   4 -1887.87  -1798.79  -1619.76  -1771.99  -1860.92  -1733.97  
Period   5 -1892.97  -1801.82  -1907.77  -1776.96  -1688.64  -1880.71  
SCENARIO 66
UNDS0
Period   0 1722.21  3366.79  2159.9  1293.37  2042.13  1424.71  
Period   1 2146.68  3671.1  4451.41  1069.36  713.44  3866.29  
Period   2 2175.85  3253.5  3244.27  2836.42  1507.06  2603.21  
Period   3 2844.85  3133.14  3732.32  2947.28  2622.71  2332.79  
Period   4 3213.85  3717.02  4714.21  2976.76  3598.88  3674.61  
Period   5 3290.86  4187.25  3849.92  2376.62  3237.43  3955.59  
UNDS1
Period   0 -1907.52  -1815.79  -1995.46  -1952.5  -2010.16  -1646.36  
Period   1 -2046.54  -2241.71  -2226.94  -2677.14  -2262.15  -1927.81  
Period   2 -1650.46  -1754.55  -1851.93  -1741.36  -1635.37  -1465.97  
Period   3 -1616.26  -1811.84  -1827.22  -1628.67  -1794.41  -1705.64  
Period   4 -1806.45  -1833.79  -1694.64  -1780.52  -1855.44  -1825.27  
Period   5 -1945.31  -1901.03  -1779.56  -1963.05  -1789.04  -1943.81  
SCENARIO 67
UNDS0
Period   0 1645.13  1558.58  1178.99  1803.1  2019.27  1293.87  
Period   1 769.578  3946.13  5272.11  3240.89  730.447  1927.14  
Period   2 3100.53  1578.93  2292.52  2440.74  2408.11  2296.91  
Period   3 3600.2  2412.89  2587.43  1722.01  4809.58  3038.36  
Period   4 4647.59  2177.17  4594.11  3707.83  3431.07  5353.97  
Period   5 2690.07  3875.07  3337.82  3133.95  4590.51  4335.02  
UNDS1
Period   0 -1948.16  -1847.5  -1995.7  -1868.2  -1913.49  -1727.87  
Period   1 -1916.47  -2070.34  -2155.34  -2652.21  -1830.86  -1984.04  
Period   2 -1359.32  -1694.35  -1583.54  -1820.38  -1845.13  -1772.05  
Period   3 -1669.02  -1754.17  -1736.45  -1887  -1737.46  -1847.52  
Period   4 -1828.5  -1795.64  -1868.13  -1731.87  -1859.41  -1730.72  
Period   5 -1985.32  -1826.69  -1897.99  -1930.76  -1745.22  -1799.49  
SCENARIO 68
UNDS0
Period   0 1668.95  1372.29  2181.16  2143.38  1715.44  1816.94  
Period   1 3707.27  1236.77  2444.12  2479.76  1995.53  3008.47  
Period   2 1783.95  2224.2  2101.16  1235.14  4225.29  2769.14  
Period   3 2176.25  3132.24  2312.26  3459.99  2848.33  3575.04  
Period   4 3449  5955.26  2342.62  4557.68  3205.56  3161.98  
Period   5 3062.92  2051.09  3032.02  2423.85  4699.57  4222.89  
UNDS1
Period   0 -1697.02  -1817.33  -1677.98  -1930.79  -2011.69  -2006.82  
Period   1 -2466.68  -2347.17  -2527.09  -2352.33  -2451.25  -1510.78  
Period   2 -1804.3  -1736.85  -1750.51  -1687.74  -1644.91  -1550.23  
Period   3 -1749.49  -1816.35  -1684.87  -1821.85  -1835.81  -1702.06  
Period   4 -1683.73  -1776.3  -1763.84  -1732.65  -1872.34  -1850.88  
Period   5 -1701.93  -1822.4  -1835.79  -1805.31  -1886.71  -1901.69  
SCENARIO 69
UNDS0
Period   0 2572.36  2571.14  1910.2  2053.65  1712.19  1906.33  
Period   1 1836.37  3180.07  2234.92  2196.12  1583.81  1950.68  
Period   2 3135.27  1329.34  1149.27  4233.46  2445.38  1155.54  
Period   3 2070.87  2814.36  3136.26  4453.27  3140.37  2148.89  
Period   4 3583.62  7070.68  4067.7  5231.2  3204.32  4296.35  
Period   5 2050.56  3204.43  3728.09  2941.68  2565.18  4722.82  
UNDS1
Period   0 -1935.67  -1993.07  -1919.76  -1928.74  -1975.65  -1604.86  
Period   1 -2081.99  -2213.61  -1754.3  -2406.37  -2464.01  -1980.75  
Period   2 -1758.29  -1722.72  -1551.24  -1400.17  -1702.46  -1747.15  
Period   3 -1784.22  -1774.03  -1831.9  -1845.74  -1671.65  -1772.75  
Period   4 -1748.34  -1868.68  -1582.56  -1820.22  -1618.9  -1860.88  
Period   5 -1819  -1868.34  -1904.42  -1805.17  -1894.41  -1800.94  
SCENARIO 70
UNDS0
Period   0 2644.48  2079.53  2143.67  1696.99  1789.57  1498.14  
Period   1 379.179  2619.29  1159.65  1190.96  1880.3  2308.83  
Period   2 1649.88  2500.18  4196.06  3200.69  2678.14  1094.64  
Period   3 2503.92  2736.75  2769.64  2651.78  4814.99  2146.52  
Period   4 5394.53  4093.66  4728.62  3674.83  2911.33  5303.99  
Period   5 3395.29  2012.89  3757.25  4510.7  3911.66  2024.91  
UNDS1
Period   0 -1823.13  -1914.72  -1936.67  -1972.67  -1946.37  -1665.09  
Period   1 -2146.35  -2433.26  -2134.67  -2357.1  -1636.79  -2283.23  
Period   2 -1791.04  -1846.13  -1806.11  -1813.49  -1881.9  -1261.54  
Period   3 -1762.83  -1791.65  -1591.8  -1782.77  -1778.53  -1841.62  
Period   4 -1809.58  -1837.2  -1738.95  -1775.37  -1872.97  -1858.82  
Period   5 -1834.03  -1880.71  -1929.99  -1853.89  -1742.48  -1807.82  
SCENARIO 71
UNDS0
Period   0 2386.02  2282.8  2037.04  2093.68  1563.91  1979.18  
Period   1 1542.92  1314.69  2377.82  2147.18  2305.78  255.166  
Period   2 2366.28  3224.92  2471.92  2282.11  2121.41  1706.7  
Period   3 4943.17  3034.06  3437.21  2888.19  6024.77  2545.81  
Period   4 2899.67  2490.83  4920.91  2752.26  3304.43  5459.74  
Period   5 3630.76  4102.09  4500.38  3199.63  3994.36  3887.3  
UNDS1
Period   0 -1986.8  -1819.44  -1747.8  -1998.6  -1858.84  -1817.21  
Period   1 -2323.3  -2319  -2116.12  -2286.72  -2459.28  -2076.16  
Period   2 -1802.04  -1527.03  -1571.8  -1678.2  -1654.03  -1792.9  
Period   3 -1786.75  -1830.4  -1865.57  -1844.82  -1722.46  -1668.16  
Period   4 -1677.97  -1771.11  -1853.03  -1742.25  -1835.48  -1837.88  
Period   5 -1881.98  -1857.6  -1828.04  -1861.01  -1912.1  -1842.77  
SCENARIO 72
UNDS0
Period   0 1356.35  1600.64  1927.46  1734.11  2239.67  2871.71  
Period   1 645.666  1582.61  497.661  820.201  860.934  197.865  
Period   2 3994.47  1653.1  2422.16  2053.02  3130.91  1145.74  
Period   3 4129.62  3669.15  2071.01  2678.56  3102.41  2068.61  
Period   4 2192.67  4670.72  3969.63  2895.02  2700.67  3273.79  
Period   5 4004.79  3897.19  2959.03  3132.02  4366.29  2443.49  
UNDS1
Period   0 -1974.87  -1772.61  -1790.65  -1957.32  -1974.96  -1757.18  
Period   1 -2213.79  -2221.02  -2542.6  -2430.13  -2485.17  -1865.08  
Period   2 -1525.63  -1446.97  -1710.26  -1613.25  -1681.98  -1897.46  
Period   3 -1884.58  -1843.96  -1854.99  -1752.6  -1777.02  -1586.3  
Period   4 -1708.03  -1874.8  -1802.18  -1787.67  -1690.65  -1861.89  
Period   5 -1920.76  -1940.69  -1932.31  -1910.81  -1891.69  -1733.46  
SCENARIO 73
UNDS0
Period   0 1375.97  1555.68  1278.97  1255.71  3090.14  2253.61  
Period   1 607.91  2145.64  1602  1176.39  717.684  220.358  
Period   2 4299.07  2833.69  2037.33  2075.96  2377.44  3160.28  
Period   3 2818.15  3116.66  1797.05  2145.49  2960.28  2235.42  
Period   4 3273.35  3682.14  3881.92  2290.91  2685.85  2436.19  
Period   5 6356.24  2659.86  2594.04  3037.53  3466.27  3646.91  
UNDS1
Period   0 -1784.63  -1864.97  -1907.96  -1710.86  -1846.14  -1966.09  
Period   1 -2251.78  -2536.74  -2457.36  -2324.97  -2180.06  -1979.03  
Period   2 -1650.19  -1877.55  -1787.16  -1779.43  -1572.1  -1628.64  
Period   3 -1819.19  -1759.23  -1688.81  -1796.29  -1791.71  -1645.49  
Period   4 -1737.85  -1711.72  -1761.66  -1783.23  -1840.2  -1802.8  
Period   5 -1817.27  -1792.79  -1789.37  -1965.51  -1822.65  -1739.34  
SCENARIO 74
UNDS0
Period   0 1319.64  1416.65  2063.7  2138.42  2613.16  2350.6  
Period   1 1702.75  1368.12  1883.04  607.954  2304.57  2229.72  
Period   2 1548.73  2866.48  3264.08  2872.45  2334.67  3312.24  
Period   3 5268.07  3949.95  3841.23  4827.75  1920.13  3456.43  
Period   4 4518.63  2110.18  4030.97  3286.41  4107.87  4631.38  
Period   5 3576.6  3241.87  2803.67  2190.1  4129.73  2437.16  
UNDS1
Period   0 -1745.1  -1991.25  -1863.35  -1773.04  -1848.36  -1993.04  
Period   1 -2221.99  -1958.11  -2432.91  -2368.22  -2091.07  -2014.88  
Period   2 -1858.2  -1660.54  -1794.29  -1873.6  -1853.19  -1265.49  
Period   3 -1880.56  -1847.64  -1829.28  -1819.87  -1799.67  -1560.94  
Period   4 -1733.69  -1768.11  -1638.15  -1854.26  -1792.88  -1807.08  
Period   5 -1770.29  -1891.7  -1823.06  -1886.13  -1945.44  -1914.26  
SCENARIO 75
UNDS0
Period   0 2570.46  1651.41  1372.93  1497.42  2680.13  1457.71  
Period   1 1173.94  3298.91  2231.61  2510.17  2591.72  2230.31  
Period   2 1474.03  1836.51  3016.7  1383.77  3258.98  3602.69  
Period   3 2431.1  3506.77  3861.72  2458.1  2616.76  3384.39  
Period   4 2752.49  2788.98  3054.9  4540.73  2711.67  4119.29  
Period   5 3071.98  3437.63  2035.99  3564.18  2992.7  2286.7  
UNDS1
Period   0 -1888.85  -1968.94  -1966.04  -1936.26  -1983.13  -1579.01  
Period   1 -2053.42  -1884.51  -2529.14  -2283.75  -2120.2  -1938.22  
Period   2 -1670.31  -1793.87  -1549.42  -1610.33  -1800.16  -1812.64  
Period   3 -1778.75  -1790.1  -1795.3  -1872.32  -1756.4  -1724.95  
Period   4 -1656.81  -1739.33  -1846.65  -1782.34  -1703.09  -1667.74  
Period   5 -1679.61  -1960.64  -1846.13  -1749.75  -1891.7  -1933  
SCENARIO 76
UNDS0
Period   0 3333.1  2299.14  2348.63  2773  3387.33  1815.44  
Period   1 3307.81  3231.78  3132.09  2552.09  2309.23  2938.72  
Period   2 3750.7  1844.58  2685.52  2886  2062.43  1295.84  
Period   3 3102.13  2823.07  5256.6  3367.42  2328.03  3141.03  
Period   4 6093.22  3511.4  3969.4  3223.93  3329.77  3907.64  
Period   5 2427.47  3413.12  3389.34  3099.09  2955.19  2780.89  
UNDS1
Period   0 -1774.88  -1903.09  -1863.41  -1792.35  -1858.11  -2000.68  
Period   1 -1651.87  -2460.72  -2427.82  -2448.81  -2557.41  -1822.13  
Period   2 -1734.28  -1760.28  -1638.02  -1823.27  -1686.71  -1557.07  
Period   3 -1628.91  -1808.83  -1803.9  -1789.54  -1823.38  -1696.19  
Period   4 -1702.06  -1834.34  -1838.06  -1865.3  -1839.95  -1743.07  
Period   5 -1702.76  -1880.18  -1822.27  -1937.85  -1885.78  -1821.84  
SCENARIO 77
UNDS0
Period   0 2494.47  1965.3  1731.57  1313.75  2491.89  2182.74  
Period   1 1889.37  1690.66  2386.42  2744.56  1806.14  2022.45  
Period   2 3565.08  2920.41  2034.52  2459.39  1948.79  3227.35  
Period   3 2402.46  2254.19  2572.96  5847.51  2904.34  3457.01  
Period   4 3914.52  2594.3  4089.57  4230.62  3054.09  3157  
Period   5 4181.13  4484.93  2831.98  2128.31  2701.89  4674.53  
UNDS1
Period   0 -1885.64  -1858.47  -1949.24  -1944.82  -1745.21  -1927.11  
Period   1 -1949.89  -2115.94  -1979.55  -2527.4  -2138.57  -2477.28  
Period   2 -1802.26  -1661.49  -1644.47  -1471.24  -1553.46  -1626.05  
Period   3 -1835.69  -1791.02  -1638.96  -1843.3  -1851.34  -1628.19  
Period   4 -1880.93  -1856.17  -1876.96  -1806.65  -1821.61  -1630.85  
Period   5 -1985.76  -1956.58  -1697.13  -1792.72  -1880.12  -1936.37  
SCENARIO 78
UNDS0
Period   0 1185.91  1918.42  1627.69  1667.04  1805.46  2811.68  
Period   1 3007.33  1673.59  1952.06  640.762  2576.67  1644.28  
Period   2 1839.95  2047.45  2182.68  3710.86  1558.23  1830.33  
Period   3 2503.71  1896.27  6238.12  3535.36  3326.93  4081.09  
Period   4 2643.88  6430.28  3725.04  2291.07  5373.52  2993.19  
Period   5 4182.01  2019.11  3224.09  2439.42  2626.79  2642.71  
UNDS1
Period   0 -1759.82  -1857.14  -1799.08  -1888.67  -1973.18  -1918.12  
Period   1 -2222.04  -2375.15  -2632.93  -1852.19  -2298.02  -1804.52  
Period   2 -1818.57  -1608.07  -1614.38  -1563.59  -1779.41  -1734.47  
Period   3 -1831.75  -1660.19  -1815.9  -1801.77  -1841.16  -1660.43  
Period   4 -1796.55  -1793.21  -1762.03  -1821.82  -1792.77  -1754.43  
Period   5 -1863.11  -1625.75  -1895.33  -1943.29  -1798.46  -1762.07  
SCENARIO 79
UNDS0
Period   0 2181.35  2172.57  1849.61  2252.65  1299.65  2183.64  
Period   1 2361.63  2697  1845.37  370.545  1261.11  1926.89  
Period   2 1596.1  3746.16  4767.69  1798.51  1811.37  1220.21  
Period   3 4903.46  1621.19  3733.94  3632.17  4441.07  3474.37  
Period   4 3743.19  3145.7  2773.6  2982.31  3482.33  2873.34  
Period   5 3543.4  4199.78  3531.21  4916.54  3849.67  3354.79  
UNDS1
Period   0 -1785.11  -1992.24  -1994.2  -1968.32  -1872.96  -1650.02  
Period   1 -2199.63  -2104.43  -2465.71  -2330.46  -2364.25  -2141.84  
Period   2 -1669.35  -1760.51  -1785  -1794.79  -1848.38  -1448.52  
Period   3 -1822.63  -1807.65  -1657  -1757.73  -1817.98  -1830.52  
Period   4 -1625.97  -1832.11  -1748.19  -1815.61  -1862.76  -1825.62  
Period   5 -1952.71  -1727.08  -1820.31  -1948.18  -1878.96  -1764.54  
SCENARIO 80
UNDS0
Period   0 1465.92  1951.74  2154.25  2889.81  1577.86  2176.3  
Period   1 1791.62  1669.65  2881.18  4180.14  35.517  2069.06  
Period   2 4712.24  2685.84  1757.53  2931.3  1416.39  1806.94  
Period   3 5613.1  4295.3  3179.79  4463.76  4241.69  3481.94  
Period   4 3626.6  5081.98  3076.36  2574.41  6764.46  3903.59  
Period   5 3500.8  3402.38  3310.75  2395.91  3071.09  4226.63  
UNDS1
Period   0 -1790.67  -1937.36  -2000.2  -1883.98  -1905.77  -1680.76  
Period   1 -2153.96  -2064.63  -2447.17  -2185.57  -2557.97  -2100.11  
Period   2 -1737.9  -1765.42  -1758.95  -1822.06  -1592.78  -1641.6  
Period   3 -1643.36  -1813.29  -1774.13  -1660.67  -1589.89  -1702.22  
Period   4 -1786.16  -1858.72  -1848.98  -1839.79  -1641.19  -1854.08  
Period   5 -1920.3  -1848.33  -1954.87  -1873.89  -1715.71  -1829.63  
SCENARIO 81
UNDS0
Period   0 2334.8  1654.07  1739.8  2897.46  1845.08  1719.39  
Period   1 545.392  2300.12  1405.74  1016.09  1442.87  1316.06  
Period   2 2036.49  2152.76  3069.96  1544.49  2411.77  3495.04  
Period   3 3906.93  3761.27  4376.3  1821.62  4257.38  3769.61  
Period   4 2802.59  2758.39  4092.02  3173.09  3598.32  4644.93  
Period   5 4433.57  3434.3  2193.02  2116.26  2443.77  4396.9  
UNDS1
Period   0 -1831.18  -1926.24  -1763.91  -1933.33  -1965.45  -1895.38  
Period   1 -2459.5  -2599.42  -2465.39  -2578.12  -2515.12  -1248.55  
Period   2 -1583.62  -1681.09  -1833.96  -1698.45  -1803.07  -1462.54  
Period   3 -1798.35  -1589.64  -1761.89  -1750.2  -1749.45  -1699.16  
Period   4 -1779.79  -1662.97  -1868.39  -1679.42  -1768.29  -1856.06  
Period   5 -1916.25  -1872.57  -1944  -1895.87  -1861.88  -1806.88  
SCENARIO 82
UNDS0
Period   0 1521.75  2664.7  2478.37  2838.79  1752.32  1690.11  
Period   1 2026.24  2787.96  843.655  2687.13  187.251  3881.25  
Period   2 4014.65  3384.09  2020.8  2260.77  2359.51  3032.82  
Period   3 2533.94  1923.31  3663.33  1847.04  5495.13  2127.91  
Period   4 2922.8  3072.37  2928.87  5211.69  3901.66  2335.84  
Period   5 2917.85  3884.68  3388.62  2889.08  2445.25  3488.46  
UNDS1
Period   0 -1802.05  -1818.53  -1857.64  -1739.44  -1885.82  -2009.1  
Period   1 -2323.52  -2340.27  -2157.47  -2357.95  -2586.08  -1601.14  
Period   2 -1711.74  -1759.61  -1560.06  -1572.13  -1798.52  -1530.64  
Period   3 -1699.32  -1798.76  -1726.16  -1813.98  -1867.58  -1644.34  
Period   4 -1871.53  -1796.21  -1830.8  -1743.64  -1774.82  -1876.09  
Period   5 -1964.28  -1684.85  -1773.52  -1708.51  -1682.64  -1919.32  
SCENARIO 83
UNDS0
Period   0 1777.87  2255.07  1628.88  1571.31  1275.34  2197.75  
Period   1 222.578  2063.71  2045.42  1540.96  2406.83  1510.79  
Period   2 1353.24  3293.6  4393.26  2400.74  1851.94  1820.71  
Period   3 1995.5  2741.82  4294.76  3517.47  2306.22  3372.24  
Period   4 2767.68  4902.43  2182.12  4309.24  5465.99  4252.96  
Period   5 2701.39  2055.34  3073.73  4343.68  3566.08  5825.68  
UNDS1
Period   0 -1939.88  -1931.07  -1930.4  -1773.84  -1861.12  -1827.22  
Period   1 -2425.95  -2419.55  -2143.39  -2418.06  -2473.03  -1917  
Period   2 -1632.72  -1848.35  -1674.2  -1713.09  -1745.15  -1583.01  
Period   3 -1710.88  -1778.52  -1767.84  -1819.75  -1717.24  -1830.29  
Period   4 -1787.58  -1778.13  -1862.59  -1860.83  -1867.46  -1672.41  
Period   5 -1867.83  -1885.03  -1956.39  -1909.39  -1730.41  -1891.31  
SCENARIO 84
UNDS0
Period   0 1587.51  1864.07  1554.96  1599.56  1725.83  2689.33  
Period   1 1579.28  1547.41  2705.81  1171.47  1247.33  2550.86  
Period   2 2347.47  2285.74  3971.85  3954.91  1823.62  1273.59  
Period   3 1854.73  4028.31  3426.63  3052.71  2394.14  2959.42  
Period   4 2907.89  4034.64  3422.7  2727.18  3810.53  3063.8  
Period   5 2611.71  2638.23  3735  3622.46  3608.37  5165.7  
UNDS1
Period   0 -1962.35  -1659.56  -1932.06  -1979.2  -2030.79  -1744.09  
Period   1 -2311.23  -2412.59  -2252.77  -2328.1  -1878.86  -2099.57  
Period   2 -1457.43  -1568.9  -1586.83  -1404.26  -1850.57  -1608.14  
Period   3 -1761.09  -1816.93  -1725.35  -1811.36  -1847.42  -1708.76  
Period   4 -1870.59  -1889.48  -1855.52  -1812.38  -1621.56  -1875.24  
Period   5 -1808.3  -1955.83  -1937.28  -1958.97  -1888.35  -1603.26  
SCENARIO 85
UNDS0
Period   0 2483.13  1769.12  1427.51  2529.34  1758.67  1398.32  
Period   1 3898.9  1543.59  3501.91  520.932  1862.94  467.71  
Period   2 2557.4  940.973  1836.17  3176.75  3529.75  2011.58  
Period   3 2063.75  4524.18  2831.34  3784.64  1887.25  2034.73  
Period   4 3518.47  2321.91  1987.07  2471.9  2899.79  3229.42  
Period   5 2263.36  2540.41  2235.82  3496.45  4110.44  2802.71  
UNDS1
Period   0 -1923.17  -1984.46  -1771  -2013.18  -1802.95  -1810.81  
Period   1 -2133.21  -1974.12  -2498.8  -2543.21  -2339.79  -2018.05  
Period   2 -1765.56  -1801.81  -1501.7  -1893.45  -1808.83  -1586.6  
Period   3 -1785.99  -1803.4  -1840.29  -1789.89  -1809.67  -1659.13  
Period   4 -1816.34  -1842.44  -1596.91  -1745.46  -1757.28  -1800.42  
Period   5 -1781.88  -1788.7  -1819.87  -1958.97  -1846.86  -1976.52  
SCENARIO 86
UNDS0
Period   0 1211.12  3346.22  1192.4  1749.03  1734.9  2672.74  
Period   1 1281.6  1749.64  4038.32  594.28  1609.87  3392.14  
Period   2 1402.94  2603.51  1583.16  2792.37  1514.5  2491.49  
Period   3 2349.31  2775.35  3119.74  4088.83  2117.96  3097.23  
Period   4 4659.61  2609.98  4459.95  3702.13  3235.3  4568.56  
Period   5 2714.85  4168.91  3028.53  5133.13  2722.4  3587.18  
UNDS1
Period   0 -1761.48  -1798.09  -1968.12  -1988.71  -1888.95  -1901.18  
Period   1 -1986.09  -2531.45  -2375.05  -2452.86  -2601.48  -1705.09  
Period   2 -1742.61  -1724.26  -1736.79  -1710.34  -1789.4  -1598.55  
Period   3 -1776.51  -1872.3  -1842.18  -1752.64  -1823.36  -1640.49  
Period   4 -1768.14  -1724.33  -1804.18  -1852.34  -1765.43  -1742.05  
Period   5 -1767.5  -1728.98  -1966.68  -1877.12  -1901.71  -1948.38  
SCENARIO 87
UNDS0
Period   0 1767.2  1506.8  2492.79  1398.79  1724.54  1219.2  
Period   1 2858.9  1281.24  1787.14  1656.63  2360.49  3353.1  
Period   2 4064.14  3378.28  1931.83  1440.85  1758.16  1837.56  
Period   3 3981.81  1734.43  3292.36  2664.87  3176.08  2343.72  
Period   4 2560.78  4160.2  3470.48  3435.67  6621.18  5875.75  
Period   5 3268.88  4012.18  4426.62  3443.71  3805.3  4855.05  
UNDS1
Period   0 -1891.69  -1780.26  -1950.56  -1694.8  -1814.19  -1933.53  
Period   1 -2565.85  -2067.78  -2496.48  -1762.93  -2285.45  -2344.77  
Period   2 -1518.63  -1835.98  -1872.2  -1612.95  -1574.42  -1439.56  
Period   3 -1740.57  -1778.03  -1692.27  -1719.72  -1697.25  -1848.67  
Period   4 -1870.55  -1830.21  -1739.36  -1762.25  -1842.57  -1847.93  
Period   5 -1856.11  -1760.42  -1774.38  -1949.47  -1748.54  -1618.06  
SCENARIO 88
UNDS0
Period   0 1760.91  2152.96  1402.36  1749.05  2132.63  1838.44  
Period   1 1229.08  1028.24  3502.76  2460.74  2042.12  685.12  
Period   2 2676.97  1335.54  1573.13  4361.29  2543.01  3728.62  
Period   3 3983.94  3504.16  3503.56  3088.07  3000.91  2812.33  
Period   4 3540.18  5406.36  3381.35  4568.97  6181.23  3227.5  
Period   5 4675.25  2129.81  3963.66  2087.33  2415.77  3946.1  
UNDS1
Period   0 -1943.79  -1752.08  -2006.58  -1819.89  -2005.71  -1754.29  
Period   1 -2589.05  -1959.69  -2326.02  -2629.67  -2633.74  -1609.8  
Period   2 -1801.73  -1382.84  -1669.59  -1589.53  -1824.76  -1529.56  
Period   3 -1829.69  -1811.03  -1769.14  -1768.07  -1756.89  -1735.19  
Period   4 -1749.9  -1677.24  -1699.06  -1748.43  -1819.11  -1824.32  
Period   5 -1782.4  -1855.48  -1751.08  -1853.09  -1895.86  -1792.64  
SCENARIO 89
UNDS0
Period   0 2553.38  2267.93  2343.16  2182.36  3127.47  1485.08  
Period   1 1239.36  968.956  610.214  1448.2  3559.67  4941.89  
Period   2 1747.45  1427.62  1900.09  1962.46  1181.56  1572.77  
Period   3 2086.97  2018.22  3716.24  2283.58  2528.38  3171.61  
Period   4 2624.02  4625.07  2323.4  3985.23  3009.77  4106.35  
Period   5 2751.41  2556.5  3022.49  2559.63  3683.9  2169.76  
UNDS1
Period   0 -1998.02  -1641.81  -1840.25  -1862.32  -1944.07  -1994.62  
Period   1 -2086.39  -2046.23  -2079.37  -1911.9  -2466.63  -2470.31  
Period   2 -1865.36  -1752.14  -1804.7  -1708.06  -1849.66  -1395.4  
Period   3 -1756.61  -1701.62  -1813.46  -1886.91  -1810.11  -1739.03  
Period   4 -1798.13  -1765.07  -1797.7  -1868.08  -1754.77  -1787.98  
Period   5 -1683.47  -1660.68  -1740.88  -1808.25  -1882.75  -1930.55  
SCENARIO 90
UNDS0
Period   0 1336.93  1437.17  1283.11  3188.09  2176.89  1880.94  
Period   1 4043.8  1003.88  346.884  969.99  879.516  1671.66  
Period   2 3158.39  1907.3  1288.95  1822.07  1189.43  2846.7  
Period   3 4852.44  3013.45  2671.45  6165.73  2197.56  3698.56  
Period   4 3556.61  4271.98  3759.46  4103.03  2754.16  5333.39  
Period   5 4649.55  3907.83  2467.16  3790.98  2582.42  2865  
UNDS1
Period   0 -1955.84  -1841.84  -1894.26  -1847.36  -1944.87  -1694.23  
Period   1 -2136.23  -2604.6  -2152.58  -2132.09  -2239.72  -2427.58  
Period   2 -1844.44  -1543.41  -1761.88  -1828.25  -1631.68  -1536.38  
Period   3 -1820.56  -1885.12  -1845.54  -1733.59  -1848.32  -1610.47  
Period   4 -1729.08  -1620.14  -1877.33  -1711.14  -1692.33  -1737.54  
Period   5 -1889.86  -1848.98  -1894.97  -1967.13  -1748.9  -1872.75  
SCENARIO 91
UNDS0
Period   0 1949.5  1801.89  1669.27  1933.33  1580.67  1607.66  
Period   1 728.328  768.371  211.464  724.961  1015.77  881.74  
Period   2 1914.96  4212.13  4123.69  2623.61  4075.79  987.193  
Period   3 3952.97  5086.52  3776.48  3107.82  3836.22  2933.2  
Period   4 2643.37  3340.11  3064.27  2746.91  2864.99  2737.07  
Period   5 3491.24  2705.03  2949.6  4393.85  3880.7  4167.95  
UNDS1
Period   0 -1961.75  -1858.87  -1946.25  -1677.56  -2007.85  -1873.75  
Period   1 -2455.7  -2256.24  -2441.37  -2051.38  -2037.27  -1990.11  
Period   2 -1558.48  -1782.03  -1784.44  -1856.29  -1523.21  -1754.86  
Period   3 -1752.63  -1685.9  -1616.28  -1755.19  -1753.08  -1833.24  
Period   4 -1806.12  -1713.36  -1746.59  -1774.59  -1823.24  -1867.02  
Period   5 -1811.49  -1883.73  -1963.27  -1890  -1837.78  -1890.56  
SCENARIO 92
UNDS0
Period   0 2435.3  2183.04  1776.43  1615.53  1845.59  1580.49  
Period   1 2694.21  2494.9  1592.91  188.2  1119.2  1291.65  
Period   2 1119.36  1305.16  4641.4  2678.9  2289.69  3455.21  
Period   3 4382.19  3339.31  4026.1  2413.9  2074.65  2104.85  
Period   4 5775.37  3507.94  3638.32  1968.93  2723.22  4744.44  
Period   5 4153.33  3099.75  4399.64  2293.53  4482.63  2999.59  
UNDS1
Period   0 -1940.99  -1997.15  -1845.11  -2010.29  -1936.7  -1593.37  
Period   1 -2417.59  -2240.47  -1737.18  -1733.29  -2242.24  -2130.52  
Period   2 -1767.65  -1792.86  -1626.67  -1847.44  -1608.5  -1599.54  
Period   3 -1836.53  -1678.28  -1712.65  -1828.19  -1650.5  -1745.05  
Period   4 -1842.41  -1802.14  -1877.76  -1881.19  -1782.11  -1719.23  
Period   5 -1914.64  -1667.22  -1948.46  -1752.54  -1698.94  -1913.87  
SCENARIO 93
UNDS0
Period   0 1739.58  1396.8  2261.84  1326.63  1616.13  1472.38  
Period   1 362.19  578.343  1858.55  829.784  1393.72  1784.03  
Period   2 2951.86  2156.86  1397.61  3408.34  2670.31  2374.66  
Period   3 3348.57  2593.44  2058.56  3727.1  2002.49  3293.6  
Period   4 5055.01  5702.85  2363.71  5982.62  3418.96  3838.19  
Period   5 3084.9  3180.77  3726.35  5035.74  3879.32  3974.41  
UNDS1
Period   0 -1965.04  -1852.54  -1918.79  -1741.72  -1639.67  -1951.8  
Period   1 -2599.59  -2039.36  -2487.69  -1967.17  -2076.99  -2354.46  
Period   2 -1780.45  -1649.92  -1786.86  -1534.8  -1650.67  -1710.11  
Period   3 -1532.12  -1868.19  -1830.22  -1839.44  -1818.34  -1734.99  
Period   4 -1780.85  -1831.05  -1777.45  -1807.82  -1790.21  -1787.19  
Period   5 -1827.16  -1852.43  -1833.26  -1728.25  -1822.77  -1808.56  
SCENARIO 94
UNDS0
Period   0 1211.32  1667.01  1293.37  1762.79  2319.99  1862.18  
Period   1 3095.13  1846.44  1804.53  1135.97  3328.22  835.652  
Period   2 1833.66  3142.24  2735.61  2322.46  2489.55  1420.04  
Period   3 3091.64  4575.39  1648.65  2466.07  3289.99  2986.38  
Period   4 2977.57  4331.28  3727.03  5338.6  3183.94  4665.85  
Period   5 3644.89  4166.49  4669.43  4213.63  4150.85  4951.97  
UNDS1
Period   0 -1853.27  -1945.29  -1785.19  -1962.37  -1797.38  -1871.02  
Period   1 -2304.64  -2338.53  -2465.7  -2193.93  -2404.97  -1770.51  
Period   2 -1841.83  -1654.33  -1788.7  -1756.39  -1845.5  -1363.68  
Period   3 -1835.16  -1723.65  -1769.58  -1731.83  -1713.29  -1676.64  
Period   4 -1761.66  -1803.4  -1874.78  -1825.73  -1807.3  -1812.3  
Period   5 -1787.2  -1781.51  -1952.32  -1872.66  -1778.74  -1840.02  
SCENARIO 95
UNDS0
Period   0 1496.42  1380.5  1276.6  1778.32  2547.8  1806.92  
Period   1 615.745  3168.5  2781.79  604.394  1127.79  619.644  
Period   2 2838.53  999.294  2918.25  2487.85  2509.86  2225.94  
Period   3 4179.75  3494.66  2876.52  5135.54  2525.63  3918.83  
Period   4 2256.62  3357.64  2457.98  2070.81  5414.13  2647.78  
Period   5 4011.73  2522.46  3591.85  4127.07  4712.08  4119.09  
UNDS1
Period   0 -1926.12  -1813.4  -1953.05  -1874.16  -1611.04  -1914.03  
Period   1 -2498.04  -2180.34  -2148.57  -2343.12  -2548.64  -1897.79  
Period   2 -1666.19  -1595.38  -1697.54  -1722.37  -1593.42  -1474.34  
Period   3 -1813.57  -1892.37  -1802.66  -1810.4  -1771.5  -1643.59  
Period   4 -1866.06  -1767.78  -1706.72  -1776.14  -1664.08  -1840.09  
Period   5 -1955.11  -1826.35  -1915.64  -1797.79  -1958.58  -1869.83  
SCENARIO 96
UNDS0
Period   0 2034.67  2487.49  1627.76  2244.6  2051.86  1929.49  
Period   1 1227.42  1550.83  1277.08  2987.09  2728.63  3095.12  
Period   2 2291.59  3092.45  2620.67  1720.23  2977.78  2063.1  
Period   3 4024.53  5450.46  3745.8  3250.06  1836.24  3213.29  
Period   4 3109.28  3753.42  4432.29  3118.08  3631.65  3308.3  
Period   5 4636  5241.98  2693.92  3444.18  3450.59  3232.34  
UNDS1
Period   0 -1925.26  -1858.45  -1762.64  -1843.79  -1984.21  -1850.67  
Period   1 -2094.53  -2561.62  -2473.76  -2122.32  -2616.13  -1871.82  
Period   2 -1845.96  -1743.86  -1577.59  -1555.96  -1797.47  -1862.49  
Period   3 -1680.41  -1671.1  -1736.17  -1719.13  -1722.3  -1761.2  
Period   4 -1850.77  -1699.01  -1735.68  -1868.32  -1791.04  -1781.68  
Period   5 -1784.75  -1785.64  -1832.71  -1860.69  -1923.68  -1890.36  
SCENARIO 97
UNDS0
Period   0 1177.77  1745.04  3819.28  2043.61  2034.07  1969.96  
Period   1 718.706  900.548  1723.76  2038.12  1538.82  970.277  
Period   2 2874.32  2011.26  3154.35  2369.24  2539.24  1219.09  
Period   3 3066.05  6143.76  3293.13  3052.7  2721.34  2134.94  
Period   4 2421.83  3819.58  3297.71  4502.48  4850.67  4085.52  
Period   5 2778.16  2301.93  3976.7  4258.11  3103.06  4374  
UNDS1
Period   0 -1945.03  -1788.41  -1955.21  -1880.12  -2015.03  -1714.24  
Period   1 -1969.24  -2047.73  -2376.9  -2330.56  -2614.08  -2024.96  
Period   2 -1662.85  -1371.27  -1743.47  -1855.27  -1653.28  -1471.19  
Period   3 -1752.25  -1762.32  -1744.68  -1774.52  -1732.5  -1836.96  
Period   4 -1616.91  -1806.03  -1773.88  -1858.51  -1842.29  -1836.79  
Period   5 -1942.07  -1879.26  -1733.86  -1892.07  -1755.9  -1860.65  
SCENARIO 98
UNDS0
Period   0 1889.63  1669.97  1990.72  2009.03  1635.46  1525.18  
Period   1 1383.28  1040.27  445.375  2032.16  1499.91  803.902  
Period   2 3145.59  1814.02  3372.72  2480.45  1561.4  2821.81  
Period   3 3343.84  2194.6  3745.97  4665.86  5413.09  3091.18  
Period   4 4816.15  3380.9  4481.6  3070.93  5035.19  3298.99  
Period   5 2617.13  3148.39  2236.88  2782.93  3328.92  2513.56  
UNDS1
Period   0 -1916.59  -2001.33  -1888.48  -1940.51  -1789.12  -1659.71  
Period   1 -2380.74  -2354.3  -2137.47  -1997.26  -2219.46  -2512.73  
Period   2 -1766.57  -1681.42  -1687.11  -1677.26  -1789.31  -1610.21  
Period   3 -1749.04  -1766.09  -1593.17  -1819.53  -1797.41  -1689.75  
Period   4 -1766.76  -1794.87  -1844.43  -1737.24  -1755.12  -1796.43  
Period   5 -1736.28  -1958.73  -1683.85  -1923.83  -1669.68  -1822.28  
SCENARIO 99
UNDS0
Period   0 1643.79  1605.6  1499.9  1789.46  1858.99  1393.8  
Period   1 2162.66  489.204  2575.36  2872.75  3828.36  267.968  
Period   2 1406.9  2786.52  3053.2  2295.77  2951.77  3795.34  
Period   3 2534.28  2723.48  3119  2734.77  3490.64  2247.71  
Period   4 5876.86  2055.32  4119.35  4486.23  4418.75  2480.2  
Period   5 2383.05  3691.57  2949.79  3071.54  2766.42  2409.98  
UNDS1
Period   0 -1892.9  -1688.33  -1722.16  -1967.43  -1957.93  -1887.81  
Period   1 -1976.52  -2448.55  -2420.02  -2232.26  -2470.59  -2049.47  
Period   2 -1624.75  -1801.13  -1381.62  -1613.84  -1630  -1844.38  
Period   3 -1546.23  -1803.12  -1825.34  -1868.76  -1653.77  -1831.17  
Period   4 -1795.54  -1741.7  -1838.17  -1766.86  -1842.64  -1738.57  
Period   5 -1777.85  -1848.27  -1866.42  -1882.11  -1858.86  -1862.85  

