Instance	6	6
Horizon     6
Period	0	6	48	
Period	1	6	48	
Period	2	6	48	
Period	3	6	48	
Period	4	6	48	
Period	5	6	48	
Contract	0	6.6	31	5000	7200	0	1200	
Contract	0	7.4	33	4000	9000	102	1500	
Contract	0	87.5342466	6.017	15300	18000	0	3000	
Contract	0	64.3835616	6.893	15300	18000	0	3000	
Contract	0	50.9589042	8.035	10000	18000	0	3000	
Contract	0	35.7534246	10.114	0	15000	0	3000	
Contract	0	175.0684932	6.017	30600	36000	0	6000	
Contract	0	128.7671232	6.893	30600	36000	0	6000	
Contract	0	101.9178082	8.035	20000	36000	0	6000	
Contract	0	71.5068494	10.114	0	30000	0	6000	
Contract	0	262.6027398	6.017	45900	54000	0	9000	
Contract	0	193.150685	6.893	45900	54000	0	9000	
Contract	0	152.8767124	8.035	30000	54000	0	9000	
Contract	0	107.260274	10.114	0	45000	0	9000	
Contract	0	350.1369864	6.017	61200	72000	0	12000	
Contract	0	257.5342466	6.893	61200	72000	0	12000	
Contract	0	203.8356164	8.035	40000	72000	0	12000	
Contract	0	143.0136986	10.114	0	60000	0	12000	
Contract	0	6.6	31	5000	7200	0	1200	
Contract	0	7.4	33	4000	9000	102	1500	
Contract	1	87.5342466	6.017	15300	18000	0	3000	
Contract	1	64.3835616	6.893	15300	18000	0	3000	
Contract	1	50.9589042	8.035	10000	18000	0	3000	
Contract	1	35.7534246	10.114	0	15000	0	3000	
Contract	1	175.0684932	6.017	30600	36000	0	6000	
Contract	1	128.7671232	6.893	30600	36000	0	6000	
Contract	1	101.9178082	8.035	20000	36000	0	6000	
Contract	1	71.5068494	10.114	0	30000	0	6000	
Contract	1	262.6027398	6.017	45900	54000	0	9000	
Contract	1	193.150685	6.893	45900	54000	0	9000	
Contract	1	152.8767124	8.035	30000	54000	0	9000	
Contract	1	107.260274	10.114	0	45000	0	9000	
Contract	1	350.1369864	6.017	61200	72000	0	12000	
Contract	1	257.5342466	6.893	61200	72000	0	12000	
Contract	1	203.8356164	8.035	40000	72000	0	12000	
Contract	1	143.0136986	10.114	0	60000	0	12000	
Contract	1	6.6	31	5000	7200	0	1200	
Contract	1	7.4	33	4000	9000	102	1500	
Contract	1	87.5342466	6.017	15300	18000	0	3000	
Contract	1	64.3835616	6.893	15300	18000	0	3000	
Contract	2	50.9589042	8.035	10000	18000	0	3000	
Contract	2	35.7534246	10.114	0	15000	0	3000	
Contract	2	175.0684932	6.017	30600	36000	0	6000	
Contract	2	128.7671232	6.893	30600	36000	0	6000	
Contract	2	101.9178082	8.035	20000	36000	0	6000	
Contract	2	71.5068494	10.114	0	30000	0	6000	
Contract	2	262.6027398	6.017	45900	54000	0	9000	
Contract	2	193.150685	6.893	45900	54000	0	9000	
Contract	2	152.8767124	8.035	30000	54000	0	9000	
Contract	2	107.260274	10.114	0	45000	0	9000	
Contract	2	350.1369864	6.017	61200	72000	0	12000	
Contract	2	257.5342466	6.893	61200	72000	0	12000	
Contract	2	203.8356164	8.035	40000	72000	0	12000	
Contract	2	143.0136986	10.114	0	60000	0	12000	
Contract	2	6.6	31	5000	7200	0	1200	
Contract	2	7.4	33	4000	9000	102	1500	
Contract	2	87.5342466	6.017	15300	18000	0	3000	
Contract	2	64.3835616	6.893	15300	18000	0	3000	
Contract	2	50.9589042	8.035	10000	18000	0	3000	
Contract	2	35.7534246	10.114	0	15000	0	3000	
Contract	3	175.0684932	6.017	30600	36000	0	6000	
Contract	3	128.7671232	6.893	30600	36000	0	6000	
Contract	3	101.9178082	8.035	20000	36000	0	6000	
Contract	3	71.5068494	10.114	0	30000	0	6000	
Contract	3	262.6027398	6.017	45900	54000	0	9000	
Contract	3	193.150685	6.893	45900	54000	0	9000	
Contract	3	152.8767124	8.035	30000	54000	0	9000	
Contract	3	107.260274	10.114	0	45000	0	9000	
Contract	3	350.1369864	6.017	61200	72000	0	12000	
Contract	3	257.5342466	6.893	61200	72000	0	12000	
Contract	3	203.8356164	8.035	40000	72000	0	12000	
Contract	3	143.0136986	10.114	0	60000	0	12000	
Contract	3	6.6	31	5000	7200	0	1200	
Contract	3	7.4	33	4000	9000	102	1500	
Contract	3	87.5342466	6.017	15300	18000	0	3000	
Contract	3	64.3835616	6.893	15300	18000	0	3000	
Contract	3	50.9589042	8.035	10000	18000	0	3000	
Contract	3	35.7534246	10.114	0	15000	0	3000	
Contract	3	175.0684932	6.017	30600	36000	0	6000	
Contract	3	128.7671232	6.893	30600	36000	0	6000	
Contract	4	101.9178082	8.035	20000	36000	0	6000	
Contract	4	71.5068494	10.114	0	30000	0	6000	
Contract	4	262.6027398	6.017	45900	54000	0	9000	
Contract	4	193.150685	6.893	45900	54000	0	9000	
Contract	4	152.8767124	8.035	30000	54000	0	9000	
Contract	4	107.260274	10.114	0	45000	0	9000	
Contract	4	350.1369864	6.017	61200	72000	0	12000	
Contract	4	257.5342466	6.893	61200	72000	0	12000	
Contract	4	203.8356164	8.035	40000	72000	0	12000	
Contract	4	143.0136986	10.114	0	60000	0	12000	
Contract	4	7.4	41	1000	7000	0	1500	
Contract	4	8.2	44	7000	10800	0	1800	
Contract	4	8.2	43	5000	10800	300	1800	
Contract	4	25	44	7000	12000	696	3600	
Contract	4	87.5342466	7.396	15300	18000	0	3000	
Contract	4	64.3835616	10.774	15300	18000	0	3000	
Contract	4	50.9589042	14.692	10000	18000	0	3000	
Contract	4	35.7534246	22.112	0	15000	0	3000	
Contract	4	175.0684932	7.396	30600	36000	0	6000	
Contract	4	128.7671232	10.774	30600	36000	0	6000	
Contract	5	101.9178082	14.692	20000	36000	0	6000	
Contract	5	71.5068494	22.112	0	30000	0	6000	
Contract	5	262.6027398	7.396	45900	54000	0	9000	
Contract	5	193.150685	10.774	45900	54000	0	9000	
Contract	5	152.8767124	14.692	30000	54000	0	9000	
Contract	5	107.260274	22.112	0	45000	0	9000	
Contract	5	350.1369864	7.396	61200	72000	0	12000	
Contract	5	257.5342466	10.774	61200	72000	0	12000	
Contract	5	203.8356164	14.692	40000	72000	0	12000	
Contract	5	143.0136986	22.112	0	60000	0	12000	
Contract	5	7.4	41	1000	7000	0	1500	
Contract	5	8.2	44	7000	10800	0	1800	
Contract	5	8.2	43	5000	10800	300	1800	
Contract	5	25	44	7000	12000	696	3600	
Contract	5	87.5342466	7.396	15300	18000	0	3000	
Contract	5	64.3835616	10.774	15300	18000	0	3000	
Contract	5	50.9589042	14.692	10000	18000	0	3000	
Contract	5	35.7534246	22.112	0	15000	0	3000	
Contract	5	175.0684932	7.396	30600	36000	0	6000	
Contract	5	128.7671232	10.774	30600	36000	0	6000	
DrivableS	DS0	0
P	-2280	-2280	-2280	-2280	-2280	-2280	
Pmin	0	0	0	0	0	-6000	
Pmax	-6000	0	0	0	0	-15000	
DrivableS	DS1	6
P	2667	2667	2667	2667	2667	2667	
Pmin	0	0	0	0	0	0	
Pmax	2667	2667	2667	2667	2667	2667	
NDrivableS	NDS0	0																							
P	-80289	-72516	-73166	-78921	-80295	-80862
Storage	STOR0	0.3	0	36480	10000	0	1280	1280																	
UNDS	UNDS0	0																							
Pmin	6800	500	5300	9500	11400	11400
Pmax	17400	30600	20100	36700	37300	33700
Pdt_min	1100	0	800	1500	1900	1900
Pdt_max	4200	6400	6700	7700	8300	7100
UNDS	UNDS1	0
Pmin	-22805.13622	-27739.65778	-20889.5634	-21523.12542	-21905.9726	-22728.7646
Pmax	-19473.324758	-18915.493264	-16520.582642	-18927.790322	-19386.130404	-19781.120858
Pdt_min	-4084.320876	-5375.492472	-3808.949344	-3788.281594	-3814.186	-3977.632236
Pdt_max	-2973.717056	-2434.104298	-2352.622422	-2923.169898	-2974.2386	-2995.084326
NBScenarios 100
SCENARIO 0
UNDS0
Period   0 3512.88  3895.65  3241.8  3302.45  1985.36  1441.1  
Period   1 4646.68  4609.84  5684.06  4256.18  5662.96  4810.95  
Period   2 4468.01  4978.86  4113.48  4730.66  980.783  822.433  
Period   3 5028  7285.68  5835.67  4150.52  5688.65  6343.86  
Period   4 6826.33  6210.95  7453.34  7092.9  4544.69  4992.57  
Period   5 5139.88  5154.83  6587.56  4820.26  4273.24  4972.35  
UNDS1
Period   0 -3340.85  -2989.79  -3386.63  -3550.79  -3289.41  -3495.41  
Period   1 -2913.3  -3981.88  -3888.9  -2903.26  -2713.31  -3079.16  
Period   2 -2704.2  -2904.89  -2665.84  -2551.02  -2639.52  -3231.95  
Period   3 -3175.15  -3262.87  -3235.58  -3007.71  -3124.27  -3406.02  
Period   4 -3231.59  -3217.5  -3345.67  -3088.36  -3276.64  -3251.47  
Period   5 -3243.6  -3147.18  -3117.75  -3584.55  -3108.77  -3638.76  
SCENARIO 1
UNDS0
Period   0 3990.05  3359.34  3395.66  3985.36  1406.43  1247.95  
Period   1 5268.97  2794.08  5263.81  3493.4  4750.83  4904.49  
Period   2 4769.02  4220.37  4987.47  3742.31  1452.84  918.48  
Period   3 7020.73  6858.98  4618.6  5657.98  4640.92  5584.05  
Period   4 7323.74  6425.83  7287.51  6530.94  4640.38  3601.44  
Period   5 5562.89  5281.1  5494.54  6036.81  5108.83  5847.09  
UNDS1
Period   0 -3306.34  -3004.6  -3780.74  -3102.24  -3140.84  -3624.8  
Period   1 -3128.51  -2794.68  -3814.3  -3017.95  -3451.87  -3564.2  
Period   2 -2921.26  -3283.32  -2512.91  -3045.41  -2567.32  -2576.53  
Period   3 -2990.52  -3015.65  -3358.84  -3141.51  -3097.15  -3518.34  
Period   4 -3254.9  -3032.18  -3230.08  -3399.54  -3285.17  -3389.07  
Period   5 -3235.72  -3143.98  -3786.03  -3272.35  -3497.59  -3539.43  
SCENARIO 2
UNDS0
Period   0 3406.53  3807.53  3266.43  2903.94  2800.77  1192.17  
Period   1 5603.93  5344.8  4385.9  4752.35  4470.42  3087.16  
Period   2 4475.7  4949.68  5523.57  2544.46  1460.88  979.464  
Period   3 4512.55  4727.44  5114.73  5498.1  5911.06  6433.08  
Period   4 5929.03  7640.63  8000.16  7725.7  5463.16  2455.95  
Period   5 6471.71  3766.86  5935.2  6848.9  5853.47  4140.55  
UNDS1
Period   0 -3177.59  -3566.69  -3174.1  -3219.68  -3347.83  -3405.98  
Period   1 -3212.03  -2495.66  -3936.87  -2926.93  -3170.61  -3424.69  
Period   2 -2564.98  -3352.22  -2526.86  -2898.98  -2615.58  -3065.97  
Period   3 -3008.04  -3362.57  -3133.24  -3089.55  -3021.21  -3658.44  
Period   4 -3523.2  -3513.1  -3196.72  -3011.2  -3536.95  -2998.4  
Period   5 -3223.53  -3450.98  -3260.46  -3686.83  -3047.74  -3212.08  
SCENARIO 3
UNDS0
Period   0 2970.24  3689.42  3874.09  3880.23  1678.8  1283.99  
Period   1 6188.82  3740.63  5955.42  2469.59  3202.63  5268.97  
Period   2 5925.78  5829  4151.09  2202.43  1041.67  875.447  
Period   3 7502.23  5608.19  4903.84  6623.36  6376.3  4014.15  
Period   4 7526.47  6830.85  5685.7  6263.01  6248.93  4235.31  
Period   5 5912.6  5527.56  4753.9  5037.03  5951.66  4605.63  
UNDS1
Period   0 -3217.88  -3150.58  -3192.78  -3344.05  -3301.23  -3520.11  
Period   1 -3722.88  -3093.79  -3337.15  -2864.68  -2894.07  -3723.87  
Period   2 -2880.52  -2993.03  -2709.79  -2900.74  -2584.5  -2566.63  
Period   3 -3260.23  -3097.25  -3030.5  -3132.74  -3058.12  -3420.81  
Period   4 -3254.83  -3147.81  -3075.16  -3518.52  -3147.17  -3352.39  
Period   5 -3281.41  -3292.47  -3395.96  -3154.65  -3569.32  -3562.21  
SCENARIO 4
UNDS0
Period   0 2939.57  3446  3466.43  3293.5  2541.28  1418.35  
Period   1 4759.02  3686.36  5279.53  6056.09  2722.21  5386.54  
Period   2 6509.29  5439.8  3693.37  1945.44  1575.62  879.095  
Period   3 5016.52  5132.77  3901.43  5684.24  6167.33  5956.78  
Period   4 5472.5  5541.55  5992.38  7023.85  6633.73  5896.96  
Period   5 5587.92  5897.38  6223.73  3438.57  4643.05  6261.27  
UNDS1
Period   0 -3069.07  -3309.03  -3130.12  -3335.38  -3419.47  -3412.54  
Period   1 -3297.51  -3104.55  -2694.37  -3893.94  -3283.88  -3134.83  
Period   2 -2779.55  -3112.63  -3167.36  -2623  -2491.63  -2409.18  
Period   3 -3170.12  -3144.57  -3102.35  -3040.22  -3173.49  -3510.11  
Period   4 -3034.37  -3498.44  -3431.91  -3043.76  -3241.95  -3388.63  
Period   5 -3209.58  -3034.9  -3535.15  -3148.79  -3698.73  -3387.31  
SCENARIO 5
UNDS0
Period   0 2718.55  4045.97  2554.17  3314.49  2885.65  1747.1  
Period   1 5319.18  5450.36  5781.04  4641.01  4941.19  3496.74  
Period   2 5999.56  4936.89  4247.67  2205.58  1577.37  983.69  
Period   3 3911.28  5289.37  4981.43  6166.05  3390  5473.28  
Period   4 5358.71  4872.42  5523.48  4728.48  4990.73  7693.84  
Period   5 3022.37  5015.19  6805.37  6316.1  6441.93  4520.91  
UNDS1
Period   0 -3313.92  -3469.87  -3563.6  -3534.13  -3412.65  -2997.13  
Period   1 -3483.7  -4022.93  -2971.79  -2789.91  -3801.75  -3018.03  
Period   2 -2655.66  -2479.63  -2802.6  -3108.15  -2731.89  -3017.5  
Period   3 -3181.99  -3269.45  -3275.27  -2986.46  -3148.37  -3167.51  
Period   4 -3035.96  -3093.22  -3268.5  -3134.9  -3183.35  -3714  
Period   5 -3113.28  -3287.02  -3458.18  -3353.69  -3703.21  -3000.44  
SCENARIO 6
UNDS0
Period   0 4046.77  2813.02  3365.85  3271.51  2667.57  1216.65  
Period   1 3494.52  3401.18  1868.81  3351.84  2814.37  5600.96  
Period   2 5208.92  6453.38  4811.37  1907.73  890.188  825.81  
Period   3 3367.06  6216.25  6075.46  5029.65  6322.95  6605.62  
Period   4 5526.2  6045.23  7832.05  5138.55  3330.12  3323.29  
Period   5 6153.23  5935.05  3979.43  4277.56  4012.01  6593.04  
UNDS1
Period   0 -3231.85  -3271.69  -3232.82  -3808.98  -3376.06  -3267.82  
Period   1 -3347.71  -3291.33  -4472.16  -3307.23  -3702  -2610.28  
Period   2 -2762.68  -2449.23  -2807.14  -2493.1  -2584.99  -3544.12  
Period   3 -3330.14  -3080.64  -3226.53  -2990.75  -3293.41  -3344.45  
Period   4 -3304.2  -3042.83  -3103.34  -3374.23  -3404.68  -3528.81  
Period   5 -3681.83  -3144.29  -3260.52  -3278.11  -3121.69  -3546.87  
SCENARIO 7
UNDS0
Period   0 3696.32  3082.67  3565.81  3858.53  1963.82  1180.29  
Period   1 4070.11  2598.38  4885.48  4728.3  5521.16  5167.42  
Period   2 4298.03  4465.58  5385.08  4068.06  943.259  910.696  
Period   3 5290.88  5255.76  5787.46  6263.62  7063.32  4583.31  
Period   4 4925.63  4869.73  5415.79  7518.45  4956.04  7084.32  
Period   5 5892.68  4458.71  6456.25  6195.76  6449.01  2934.5  
UNDS1
Period   0 -3432.14  -3563.54  -3068.78  -3503.42  -3037.67  -3046.07  
Period   1 -2528.23  -2836.44  -3695.59  -2625.29  -3089.07  -4422.61  
Period   2 -3191.36  -3078.91  -2928.91  -2514.16  -3148.87  -2614.2  
Period   3 -3039.65  -3059.04  -3030.23  -3346.25  -3196.08  -3331.76  
Period   4 -3251.5  -3464.37  -3060.86  -3550.94  -3140.41  -3021.22  
Period   5 -3031.9  -3255.39  -3083.81  -3527.23  -3228.36  -3774.99  
SCENARIO 8
UNDS0
Period   0 2997.91  3295.79  2061.65  4082.4  3506.69  1361.5  
Period   1 6254.53  5806.42  4580.01  4853.18  4860.58  3300.63  
Period   2 5159.68  4029.48  5442.34  3154.12  1464.81  833.835  
Period   3 5896.02  6044.41  6176.7  4937.61  7212.88  5852.68  
Period   4 5405.72  5965.36  6721.54  7401.96  7456.09  3492.84  
Period   5 4897.07  6391.71  6090.89  4100.23  5262.22  5863.82  
UNDS1
Period   0 -3042.64  -3116.89  -3148  -3151.35  -3364.14  -3714.22  
Period   1 -2817.59  -3511.79  -3321.84  -3443.17  -3216.46  -2960.04  
Period   2 -2592.88  -2729.31  -2784.3  -2978.54  -2622.96  -3054.43  
Period   3 -3126.83  -3122.78  -3241.81  -3042.94  -3144.29  -3443.87  
Period   4 -3354.57  -3074.99  -3196.8  -3434.26  -3160.58  -3322.28  
Period   5 -3368.42  -3132.73  -3545.16  -3244.76  -3462.69  -3150.87  
SCENARIO 9
UNDS0
Period   0 3687.8  2875.12  3357.06  3242.27  2875.9  1233.76  
Period   1 3470.36  6186.33  5714.92  5284.65  5659.9  2761.14  
Period   2 5337.85  5823.83  5778.67  1390.46  861.424  843.273  
Period   3 7038.01  4509.35  6749.29  5106.9  7057.52  4984.65  
Period   4 6951.12  5715.1  6667.21  7316.12  4957.21  5086.28  
Period   5 4790.32  6971.18  3834.36  4939.06  6488.44  6137.73  
UNDS1
Period   0 -3442.36  -3262.24  -3548.89  -3245.39  -3122.25  -3125.4  
Period   1 -2913.44  -3850.85  -2650.33  -2753.63  -3046.81  -4484.01  
Period   2 -2485.11  -3262.02  -2466.75  -3158.15  -2473.96  -2684.04  
Period   3 -3099.54  -3059.03  -3292.39  -3015.54  -3262.03  -3476.33  
Period   4 -3121.94  -3217.77  -3481.63  -3282.37  -3099.39  -3399.18  
Period   5 -3139.5  -3472.67  -3317.27  -3190.26  -3327.49  -3484.85  
SCENARIO 10
UNDS0
Period   0 3524.09  3749.66  2951.35  3456.29  2429.51  1268.3  
Period   1 5867.97  3673.35  4976.16  3720.74  4240.7  4292.2  
Period   2 4631.17  4029.66  5620.61  4127.94  872.906  816.306  
Period   3 6839.76  6006.4  6641.87  4830.54  4162.85  5576.67  
Period   4 7191.12  7793.98  7262.29  6778.88  5854.63  2105.8  
Period   5 6670.14  5111.58  6717.04  5131.45  4991.43  2857.09  
UNDS1
Period   0 -3409.37  -3377.84  -3299.15  -3627.63  -3132.49  -3529.58  
Period   1 -3348.81  -3687.18  -3170.42  -3606.78  -3032.53  -2995.08  
Period   2 -2947.22  -2569.08  -2927.07  -2477.84  -3026.63  -2905.86  
Period   3 -2958.63  -3069.09  -3202.4  -3162.34  -3497.98  -3227.68  
Period   4 -3050.32  -3540.8  -3271.9  -3091.78  -3152.1  -3347.48  
Period   5 -3471.91  -3433.89  -3143.09  -3341.54  -3183.91  -3557.26  
SCENARIO 11
UNDS0
Period   0 3879.59  3138.99  4123.6  3538.18  1597.04  1120.23  
Period   1 4225.9  6130.57  2560.95  5841.96  3894.49  5308.11  
Period   2 4309.14  6497.4  5242.79  2292.92  953.196  800.898  
Period   3 6478.94  6763.67  6731.29  7557.69  7570.46  1590.81  
Period   4 3984.87  5430.89  6744.43  6932.19  6461.03  5768.34  
Period   5 3909.55  5534.99  5038.91  5752.91  5921.29  4948.09  
UNDS1
Period   0 -3057.16  -3385.33  -3659.24  -3253  -3165.47  -3238.65  
Period   1 -3184.79  -3440.28  -2865.12  -3796.54  -3174.42  -2941.71  
Period   2 -2476.27  -2645.19  -2651.49  -3201.29  -2665.38  -3134.36  
Period   3 -3079.09  -2979.4  -3012.4  -3014.66  -3304.88  -3698.6  
Period   4 -3240.54  -3162.46  -3191.42  -3078.74  -3094.12  -3677.3  
Period   5 -3223.3  -3115.21  -3655.4  -3313.11  -3129.54  -3539.82  
SCENARIO 12
UNDS0
Period   0 3475.21  3585.09  3210.21  2971.83  2653.4  1382.93  
Period   1 4147.63  3137.09  2865  5139.89  4890.87  4581.71  
Period   2 6169.32  4215.06  5226.14  2483.47  986.209  968.173  
Period   3 6572.26  7367.33  6956.05  6750.91  7412.23  1603.64  
Period   4 7923.72  4684.22  6642.03  7323.36  5899.09  4151.41  
Period   5 4401.65  6143.49  4521.63  6422.53  6490.26  5375.72  
UNDS1
Period   0 -3133.82  -3234.9  -3637.93  -3713.98  -3167.21  -3804.46  
Period   1 -2706.2  -2804.97  -2698.5  -3200.66  -3122.81  -4552.98  
Period   2 -2900.72  -3175.87  -2548.67  -2634.2  -2643.82  -2702.4  
Period   3 -3171.44  -3011.53  -3101.75  -3233.87  -3163.53  -3492.93  
Period   4 -3282.23  -3158.43  -3233.59  -3047.61  -3245.88  -3509.95  
Period   5 -3213.29  -3261.38  -3146.1  -3566.7  -3466.03  -3425.41  
SCENARIO 13
UNDS0
Period   0 2335.75  3313.69  3228.35  3269.02  4133.97  1117.51  
Period   1 5993.16  4809.13  3426.7  3174.27  5066.12  3930.86  
Period   2 5601.5  5814.3  2467.88  1699.75  2948.64  1312.02  
Period   3 3481.87  7160.02  7052.15  5873.8  5064.96  3988.2  
Period   4 5780.07  5884.16  5793.61  6788.35  7060.26  5017.25  
Period   5 4130.94  4746.4  5604.87  4774.18  5578.19  5291.37  
UNDS1
Period   0 -3800.41  -3179.82  -3567.14  -3291.68  -3148.98  -3630.2  
Period   1 -3087.31  -2986.26  -3170.69  -3915.6  -4063.74  -4130.1  
Period   2 -2615.91  -3227  -2414.63  -2590.31  -2961.64  -3104.43  
Period   3 -3086.61  -2989.74  -2935.45  -2949.48  -3492.49  -3586.75  
Period   4 -3055.22  -3057.82  -3233.87  -3414.97  -3093.85  -3659.49  
Period   5 -3499.12  -3239.36  -3375.47  -3113.37  -3563.87  -3090.96  
SCENARIO 14
UNDS0
Period   0 3325.6  3321.49  3169.37  2357.49  3767.63  1394.5  
Period   1 4200.15  4507.44  4689.5  5572.13  4582.43  6044.52  
Period   2 5116.83  6316.58  5440.06  1452.24  964.453  808.604  
Period   3 7467.49  5313.86  5398.51  2727.66  5154  6017.01  
Period   4 4870.53  6938.93  6423.51  7267.3  7752.57  3843.29  
Period   5 5640.51  6523.9  6568.64  4844.99  5578.4  3168.18  
UNDS1
Period   0 -3137.17  -3166.36  -3266.27  -3553.93  -3288.31  -3404.1  
Period   1 -2616.49  -3793.02  -3041.12  -3549.55  -2849.64  -3654.36  
Period   2 -2616.19  -2766.04  -3077.58  -2932.64  -3168.56  -2620.21  
Period   3 -3185.46  -3215.64  -2989.07  -3082.52  -3158.67  -3494.36  
Period   4 -3359.07  -3128.19  -3266.53  -3239.56  -3219.89  -3431.88  
Period   5 -3199.71  -3121.96  -3433.18  -3054.05  -3217.57  -3791.71  
SCENARIO 15
UNDS0
Period   0 3897.32  3394.35  3826.64  3015.05  1616.5  1552.23  
Period   1 4604.26  3437.19  4994.42  5777.78  3670.67  3108.69  
Period   2 5490.06  5645.81  4915.17  1971.85  1181.51  823.882  
Period   3 7407.67  4488.19  7158.44  5393.51  4262.86  6230.64  
Period   4 5548.45  6077.29  7715.68  5403.71  7580.9  4223.51  
Period   5 6511.69  6074.5  4903.95  3934.11  5255.62  4927.94  
UNDS1
Period   0 -3077.03  -3449.56  -3157.32  -3304.61  -3161.77  -3626.38  
Period   1 -2985.29  -2464.42  -2743.19  -2915.44  -3547.82  -4375.38  
Period   2 -2925.13  -2565.3  -2731.12  -3148.79  -2916.69  -2759.43  
Period   3 -3033.51  -3388.08  -3019.63  -3470.48  -2964.07  -3432.89  
Period   4 -3259.43  -3329.9  -3243.05  -3095.94  -3277.77  -3233.51  
Period   5 -3102.49  -3138.72  -3330.1  -3229.49  -3365.29  -3744.85  
SCENARIO 16
UNDS0
Period   0 2641.97  3017.94  3627.06  3139.25  2968.15  1850.68  
Period   1 4092.71  2801.38  4556.99  3588.11  4551.76  4932.86  
Period   2 3815.84  4039.27  3914.71  4289.37  2742.29  1268.48  
Period   3 5716.22  7104.62  6081.35  5078.93  5874.24  4337.82  
Period   4 5515.77  5265.47  6161.03  8149.11  5055.92  5882.91  
Period   5 6332.7  6769.25  6949.08  4875.19  4473.31  3789.03  
UNDS1
Period   0 -3296.08  -3265.35  -3325.23  -3400.96  -3284.55  -3326.55  
Period   1 -3614.62  -2619.21  -3438.97  -2608.04  -2724.78  -4593.88  
Period   2 -2781.86  -2688.65  -2512.06  -2776.97  -2468.91  -3332.73  
Period   3 -3119.17  -3493.67  -2991.48  -3220.74  -2988.27  -3345.23  
Period   4 -3028.19  -3402.4  -3298.69  -3241.83  -3225.65  -3355.31  
Period   5 -3318.63  -3362.43  -3274.29  -3202.88  -3374.98  -3563.52  
SCENARIO 17
UNDS0
Period   0 2383.33  3172.58  3607.09  2999.66  3598.7  1541.5  
Period   1 6144.38  3276.87  5092.07  3173.42  5306.13  4291.01  
Period   2 6058  5254.76  4995.3  2010.14  955.974  823.909  
Period   3 7056.77  7424.02  5747.43  5064.34  6693.93  4100.65  
Period   4 6820.91  6349.29  6268.6  4916.71  7095.38  4955.92  
Period   5 5736.82  4934.5  4680.65  5397.22  4898.3  5482.93  
UNDS1
Period   0 -3233.12  -3156.22  -3251.36  -3682.31  -3369.71  -3449.91  
Period   1 -2799.53  -4044.67  -3536.66  -3103.42  -2923.58  -4558.51  
Period   2 -2798.31  -2794.02  -2539.43  -2944.78  -2811.76  -2847.46  
Period   3 -3067.28  -3147.7  -3109.99  -3083.29  -3054.78  -3507.01  
Period   4 -3307.03  -3175.4  -3215.79  -3389.86  -3283.85  -3536.93  
Period   5 -3343.1  -3328.06  -3232.38  -3218.84  -3262.2  -3756.06  
SCENARIO 18
UNDS0
Period   0 2297.29  2417.52  4127.17  1790.2  3496.26  2249.19  
Period   1 5710.32  5791.99  5540.15  5655.26  4848.31  2343.33  
Period   2 6358.24  4203.6  5126.19  1974.29  1469.36  913.902  
Period   3 5559.98  7601.26  5883.83  7135.77  4064.37  6237.29  
Period   4 5042.34  6644.35  6591.44  5783.36  7606.53  5121.33  
Period   5 5118.2  5284.46  3472.49  5436.21  5325.86  6393.45  
UNDS1
Period   0 -3292.79  -3397.35  -3017.77  -3156.81  -3416.99  -3227.96  
Period   1 -4073.04  -3078.84  -3335.4  -2909.67  -3100  -3517.9  
Period   2 -2826.91  -2967  -2832.68  -2470.48  -3137.57  -2807.23  
Period   3 -3256.8  -3287.4  -3248.25  -3181.23  -3226.8  -3341.84  
Period   4 -3151.37  -3127.03  -3131.37  -3246.91  -3215.61  -3553.03  
Period   5 -3375.95  -3439.12  -3583.15  -3089.86  -3127.02  -3179.81  
SCENARIO 19
UNDS0
Period   0 3694.67  3816.78  3654.06  2774.85  1914.28  1472.78  
Period   1 6016.54  4401.89  4945.77  5194.89  2286.41  4765.23  
Period   2 5885.98  3971.33  3695.35  4154.48  1409.99  966.82  
Period   3 4588.16  4158.03  6697.6  6634.06  6123.75  4898.63  
Period   4 6328.24  7625.56  3906.52  6973.76  6550.51  4065.11  
Period   5 6326.6  6736.94  5306.73  6153.51  5606.34  3433.05  
UNDS1
Period   0 -3149.42  -3173.37  -3318.83  -3386.64  -3412.18  -3081.85  
Period   1 -2848.15  -3763.16  -3406.31  -2951.86  -4114.96  -3161.59  
Period   2 -2633.26  -2726.6  -2752.59  -2562.87  -2661.7  -3391.01  
Period   3 -3406.25  -3203.31  -3298.74  -3081.8  -3024.07  -3324.92  
Period   4 -3339.15  -3015.88  -3071.2  -3301.88  -3306.87  -3469.68  
Period   5 -3127.24  -3287.91  -3117.94  -3332.99  -3482.32  -3503.64  
SCENARIO 20
UNDS0
Period   0 3391.26  3726.76  3781.39  3747.31  1278.77  1464.37  
Period   1 5481.87  4003.36  5184.36  4747.54  4632.19  5482.84  
Period   2 6087.17  5989.69  4433.02  1719.59  974.071  850.062  
Period   3 6149.71  6832.8  4085.9  6280.15  3893.69  6871.15  
Period   4 5567.16  7589.35  6712.17  6195.88  6521.65  4409.16  
Period   5 6430.23  4951.8  6450.42  6097.3  5980.2  2888.59  
UNDS1
Period   0 -3023.24  -3109.1  -3155.91  -3198.93  -3112.73  -3961.91  
Period   1 -4414.48  -3272.04  -3771.8  -3359.7  -3625.4  -2972.19  
Period   2 -2467.04  -2444.78  -2756.81  -2992.95  -2427.73  -3601.15  
Period   3 -3209.14  -3040.52  -3128.72  -2948.37  -2970.24  -3633.05  
Period   4 -3025.68  -3325.95  -3216.84  -3196.14  -3269.76  -3469.22  
Period   5 -3596.35  -3048.15  -3285.73  -3308.64  -3348.73  -3351.04  
SCENARIO 21
UNDS0
Period   0 4183.15  3527.81  2289.75  3375.08  2296.5  1541.32  
Period   1 4801.62  5667.51  6291.42  3361.72  6176.63  3190.1  
Period   2 5863.62  4522.6  3515.05  3372.37  1405.17  1331.51  
Period   3 7218.82  6146.88  6193.49  6756.01  5705.88  3079.91  
Period   4 6679.87  8129.44  7372.47  5926.2  6154.65  2803.79  
Period   5 6325.31  5915.66  5464.4  6277.02  6159.4  2586.72  
UNDS1
Period   0 -3260.19  -3511.14  -3145.85  -3303.94  -3484.59  -3199.16  
Period   1 -3721.52  -3091.56  -4543.03  -2821.18  -3001.64  -2623.65  
Period   2 -2650.7  -2555.73  -2634.76  -2461.16  -3124.48  -3372.84  
Period   3 -3040.92  -3164.17  -3320.09  -3131  -3278.87  -3373.76  
Period   4 -3422.12  -3338.12  -3244.57  -3248.48  -3339.78  -3300.11  
Period   5 -3610.41  -3155.55  -3230.61  -3693.26  -3529.13  -3168  
SCENARIO 22
UNDS0
Period   0 3306.48  3004.67  3022.37  3339.32  3485.71  1219.18  
Period   1 2762.92  5267.05  5398.81  5780.78  5631.45  4502.98  
Period   2 4875.44  6403.41  4980.56  1631.1  1264.87  893.793  
Period   3 5111.5  6687.72  5296.73  4836.88  5053  5367.02  
Period   4 8032.8  7694.04  7451.9  7440.2  3835.9  2789.72  
Period   5 4613.29  6258.11  6520.7  4584.82  4375.42  6194.22  
UNDS1
Period   0 -3614.65  -3569.91  -3495.53  -3223.98  -3601.06  -3066.79  
Period   1 -2815.68  -3063.18  -3760.01  -2978.48  -2727.38  -4257.56  
Period   2 -2957.56  -2476.49  -2858.18  -2474.32  -2515.24  -3334.96  
Period   3 -3215.3  -3239.58  -3370.1  -3451.06  -3077.59  -3128.86  
Period   4 -2993.31  -3226  -3019.18  -3109.93  -3595.17  -3586.3  
Period   5 -3544.19  -3164.06  -3333.52  -3122.23  -3386.85  -3505.44  
SCENARIO 23
UNDS0
Period   0 3194.2  2950.06  3726.87  3824.91  2331.28  1306.38  
Period   1 2386.05  3556.69  4891.6  4501  3544.32  1276.13  
Period   2 4649.1  4585.98  5904.21  2440.82  1340.28  1091.63  
Period   3 6667.79  6775.26  6321.59  6411.97  6339.6  3516.59  
Period   4 7640.27  4439.1  7398.26  5710.54  7431.41  3016.06  
Period   5 6558.89  6790.85  4194.98  5833.03  6286.7  3422.51  
UNDS1
Period   0 -3353.07  -3112.64  -3202.02  -3239.22  -3334.42  -3651.25  
Period   1 -2829.16  -3873.55  -2953.2  -2783.2  -3236.86  -3741.31  
Period   2 -2745.37  -2460.34  -3328.61  -2925.26  -2634.52  -3450.29  
Period   3 -3071.81  -2983.85  -2991.83  -3368.71  -3240.02  -3415.65  
Period   4 -3238.23  -3139.79  -3436.46  -3024.64  -3117.8  -3524.02  
Period   5 -3276.8  -3237.18  -3321.47  -3091.19  -3252.33  -3698.9  
SCENARIO 24
UNDS0
Period   0 3418.65  3290.37  3863.06  3678.36  1819.83  1235.73  
Period   1 4573.7  2676.48  3651.37  4169.2  4853.96  3775.47  
Period   2 4561.9  3819.14  5360.17  3969.55  1390.72  973.658  
Period   3 6842.26  6783.87  6859.34  4359.07  6005.6  5550.16  
Period   4 7889.22  4274.42  6454.96  6427.3  7688.57  4139.17  
Period   5 4149.87  6523.34  2950.22  5983.43  4977.64  5664.36  
UNDS1
Period   0 -3360.5  -3550.27  -3619.87  -3278.11  -3107.32  -3086.04  
Period   1 -2922  -3026.06  -3032.89  -4545.99  -3148.78  -3230.26  
Period   2 -2474.78  -2482.7  -2958.08  -2431.65  -2796.64  -3605.52  
Period   3 -3474.7  -3087.19  -3504.86  -3217.76  -3103.89  -3295.22  
Period   4 -3006.16  -3262.69  -3155.48  -3208.7  -3389.31  -3417.62  
Period   5 -3152.22  -3077.12  -3351.47  -3266.66  -3548.26  -3693.87  
SCENARIO 25
UNDS0
Period   0 3656.72  3702.63  3510.51  3264.71  1821.48  1377.88  
Period   1 5056.64  5028.91  4988.87  4953.92  3159.27  6024.81  
Period   2 4698.17  5811.24  6424.87  1478.19  852.575  823.428  
Period   3 6307.04  6060.65  6553.46  6557.78  6410.72  4010.51  
Period   4 4675.79  4917.16  7165.59  4887.17  5263.05  7853.13  
Period   5 5390.08  6455.37  5664.65  4156.8  5714.7  5967.78  
UNDS1
Period   0 -3056.56  -3376.68  -3263.42  -3046.11  -3619.84  -3508.41  
Period   1 -3614.45  -3582.9  -3281.92  -4096.06  -2783.12  -3199.47  
Period   2 -2613.01  -2606.89  -2647.28  -3007.29  -2457.96  -3419.45  
Period   3 -3200.23  -3008.71  -3107.79  -3174.95  -3063.93  -3453.61  
Period   4 -3455.38  -3438.51  -3271.23  -3318.87  -3049.34  -3170.79  
Period   5 -3381.5  -3107.98  -3463.21  -3098.67  -3110.88  -3739.43  
SCENARIO 26
UNDS0
Period   0 3435.42  3905.98  3637.28  3299.19  1648.45  1423.83  
Period   1 3079.11  3123.51  5711.87  2170.07  5949.56  5315.08  
Period   2 4948.92  6193.97  3870.88  2485.1  1187.15  1225.13  
Period   3 7169.55  6164.78  5484.48  5475.47  7141.44  3571.29  
Period   4 6395.22  7696.51  4735.33  5425.84  6027.09  5929.73  
Period   5 5195.4  6353.15  6677.76  3718.34  3075.25  4215.1  
UNDS1
Period   0 -3511.46  -3414.86  -3269.65  -3092.96  -3740.78  -3222.01  
Period   1 -2485.14  -2801.44  -3009.46  -3143.11  -3776.96  -3818.66  
Period   2 -2876.78  -2942.04  -2897.88  -2914  -3242.93  -2863.28  
Period   3 -3378.22  -2996.5  -2983.93  -3192.96  -3506.32  -3047.92  
Period   4 -3169.24  -3256.98  -3200.47  -3247.66  -3117.93  -3432.91  
Period   5 -3547.75  -3148.63  -3527.52  -3504.41  -3351.04  -3255.98  
SCENARIO 27
UNDS0
Period   0 2167.61  3393  3219.56  3451.92  3091.06  1734.86  
Period   1 4604.66  3130.98  5286.73  2650.33  4274.39  5361.08  
Period   2 4654.24  5030.32  4936.16  2763.94  1453.15  992.434  
Period   3 6164.1  6422.53  5515.3  7117.54  5142.18  5290.51  
Period   4 7789.19  5470.5  6163.69  4149.88  5967.84  6217.94  
Period   5 6887.11  5843.22  5394.52  6344.18  5651.53  2805.41  
UNDS1
Period   0 -3271.27  -3219.86  -3231.01  -3508.32  -3466.6  -3254.91  
Period   1 -3773.37  -2501.16  -2697.91  -2819.55  -3999.95  -4011.02  
Period   2 -2791.91  -2864.29  -2935.66  -2738.14  -3061.07  -2958.1  
Period   3 -3011.9  -3016.9  -3329.19  -3249.37  -3329.16  -3303.66  
Period   4 -3325.41  -3019.23  -3278.76  -3220.99  -3264.91  -3443.4  
Period   5 -3526.65  -3106.18  -3183.51  -3472.78  -3091.89  -3521.94  
SCENARIO 28
UNDS0
Period   0 3585.85  3048.27  4048.18  4076.8  1451.02  1159.36  
Period   1 4821.99  5442.07  5733.82  5464.17  3759.42  3679.19  
Period   2 6338.85  4427.05  3974.91  2805.57  1412.47  1007.85  
Period   3 4231.58  3768.7  6685.19  4801.19  5559.83  6154.61  
Period   4 6234.65  7029.81  2596.59  6559.01  7529.7  6391.66  
Period   5 7000.01  4568.13  6254  4794.42  5426.17  3209.91  
UNDS1
Period   0 -3396.84  -3703.46  -3423.37  -3188.02  -3533.03  -3311.45  
Period   1 -3736.85  -3167.07  -3503.8  -3816.06  -3044.64  -3183.17  
Period   2 -2902.68  -2460.89  -2584.33  -3250.52  -2484.91  -3058.91  
Period   3 -3297.65  -3365.01  -3109.67  -3128.09  -3100.44  -3113.58  
Period   4 -3332.07  -3069.23  -3246.43  -3109.61  -3294.62  -3396.19  
Period   5 -3285.46  -3398.95  -3043.05  -3050.81  -3476.86  -3708.61  
SCENARIO 29
UNDS0
Period   0 3645.26  2147.69  3929.84  3285.43  2262.24  1464.19  
Period   1 3959.55  4162.3  4703.13  3733.33  5165.63  5486.25  
Period   2 5638.55  4762.17  5958.84  1932.58  986.647  815.33  
Period   3 6594.48  5027.83  6881.26  6454.32  7014.69  3182.75  
Period   4 4599.35  6219.8  7056.07  7227.06  7008.75  4439.32  
Period   5 5796.76  4813.53  5753.91  6246.38  5016.57  3198.03  
UNDS1
Period   0 -3023.1  -3259.77  -3601.96  -3358.67  -3598.56  -3119.43  
Period   1 -3861.03  -3475.87  -3906.25  -3625.83  -3461.67  -3196.58  
Period   2 -2716.42  -3429.27  -3162.17  -2780.01  -2403.43  -3279.69  
Period   3 -3268.1  -3429.73  -3247.01  -3448.91  -3265.56  -3154.49  
Period   4 -3001.32  -3405.36  -3463.55  -3313.01  -3080.45  -3423.52  
Period   5 -3151.5  -3347.27  -3421  -3646.2  -3291.51  -3204.02  
SCENARIO 30
UNDS0
Period   0 3598.62  3049.43  3381.99  3057.55  2768.1  1461.46  
Period   1 5015.55  5413.83  6041.91  5128.13  4073.01  2974.84  
Period   2 5252.15  3757.44  5833.72  2663.64  1646.09  937.37  
Period   3 7148.82  5346.54  6109.56  7097.97  4730.15  4973.28  
Period   4 5295.56  4776.82  5819.55  6143.48  4492.25  6682.66  
Period   5 5913.04  6199.1  4469.04  6767.2  5412.34  4463.79  
UNDS1
Period   0 -3188.91  -3238.34  -3280.52  -3619.05  -3303.88  -3452.2  
Period   1 -3547.49  -2523.65  -2684.86  -3331.08  -4253.41  -3026.81  
Period   2 -2515.71  -3177.19  -2625.25  -3016.2  -2794.21  -2883.01  
Period   3 -3149.4  -3223.81  -3228.92  -3226.92  -2948.52  -3171.5  
Period   4 -3152.85  -3074.92  -3233.36  -3299.08  -3322.44  -3496.45  
Period   5 -3579.34  -3414.27  -3328.04  -3312.27  -3230.22  -3140.25  
SCENARIO 31
UNDS0
Period   0 3688.58  2921.42  3665.79  3505.89  1941.16  1479.49  
Period   1 5359.81  3779.37  4513.99  5365.41  5060.99  4968.97  
Period   2 3490.47  3437.7  4302.75  4124.73  3355.65  1306.89  
Period   3 6363.82  6126.59  6704.81  5757  6746.98  4416.5  
Period   4 5494.54  7452.87  6559.62  5557.98  6097.52  4796.04  
Period   5 5848.73  6081.64  6084.94  4491.73  5304.18  4714.13  
UNDS1
Period   0 -3361.62  -3169.69  -3197.73  -3026.73  -3295.77  -3606.5  
Period   1 -3017.44  -3354.36  -3794.14  -3259.28  -3562.61  -2952.58  
Period   2 -2944.93  -2937.33  -2654.67  -2738.02  -3065.71  -2735.26  
Period   3 -3035.36  -3189.88  -3174.63  -3092.22  -3231.58  -3434.61  
Period   4 -3338.77  -3142.76  -3271.25  -3458.19  -3241.09  -3313.44  
Period   5 -3110.82  -3145.81  -3143.35  -3015.92  -3638.08  -3807.16  
SCENARIO 32
UNDS0
Period   0 3450.42  2732.8  3402.45  2254.21  3039.06  2281.85  
Period   1 5495.58  4106.39  4911.86  4997.22  3997.26  4550.45  
Period   2 5090.02  6471.21  4443.1  2097.78  995.705  913.95  
Period   3 6259.66  5721.57  6508.29  5187.85  6581.9  4710.41  
Period   4 8172.12  6153.71  7421.45  5027.38  6552.38  3496.53  
Period   5 5996.61  6333.65  5990.81  4764.6  5726.25  3888.42  
UNDS1
Period   0 -3355.8  -3133.85  -3326.43  -3444.39  -3602.22  -3472.87  
Period   1 -2775.16  -3311.99  -3865.73  -3421.11  -2739.12  -3966.08  
Period   2 -3303.87  -2567.87  -2696.45  -2648.27  -2540.6  -2909.41  
Period   3 -3158.45  -3208.22  -3145.98  -3340.93  -3136.28  -3054.26  
Period   4 -3371.92  -3119.49  -3101.7  -3105.29  -3323.88  -3517.21  
Period   5 -3311.7  -3299.19  -3532.44  -3471.96  -3128.6  -3321.08  
SCENARIO 33
UNDS0
Period   0 2559.51  3088.12  2851.59  3004.83  3212.85  2145.26  
Period   1 5615.67  4922.04  5541.76  5605.1  5903.39  1995.1  
Period   2 4292.39  5855.2  5469.72  1565.56  1735.43  1148.68  
Period   3 3908.67  3843.31  6060.32  6328.06  6455.23  6237.19  
Period   4 7524.05  6100.23  5696.59  7505.08  5060.58  4601.27  
Period   5 6522.28  5504.07  6191.34  6362.53  5363.72  3658.45  
UNDS1
Period   0 -3395.83  -3346.5  -3450.79  -3099.41  -3756.9  -3351.79  
Period   1 -3551.24  -2568.84  -3228.2  -2679.63  -3831.55  -3670.98  
Period   2 -2515.09  -2802.27  -2739.68  -2732.18  -2771.78  -3251.25  
Period   3 -3132.36  -3043.05  -3249.72  -3160.57  -3176.29  -3314.34  
Period   4 -3020.2  -3273.99  -3476.76  -3225.55  -3488.24  -3029.32  
Period   5 -3311.11  -3322.08  -3389.27  -3289.24  -3441.32  -3321.11  
SCENARIO 34
UNDS0
Period   0 3432.04  3676.02  3029.5  3329.38  2625.96  1244.11  
Period   1 4771.55  5264.43  4875.22  4175.13  6096.53  4657.58  
Period   2 4804.84  5307.35  5556.84  2317.87  1187.36  900.083  
Period   3 6102  6579.43  7246.46  5675.73  5030.19  5249.24  
Period   4 4954.19  7933.23  4843.26  7270.34  6381.34  5016.96  
Period   5 5198.73  5333.22  6372.79  6862.19  5925.08  2942.49  
UNDS1
Period   0 -3387.31  -3244.91  -3412.9  -3509.46  -3316.37  -3264.28  
Period   1 -3270.24  -3687.47  -3358.77  -3463.57  -3060.33  -3071.5  
Period   2 -3088.72  -2646.37  -2748.02  -2430.29  -2967.19  -2859.62  
Period   3 -2998.04  -2991.43  -3193.17  -3310.54  -3145.03  -3367.59  
Period   4 -3216.51  -3319.14  -3566.28  -3303.12  -3048.24  -3080.42  
Period   5 -3206.47  -3213.63  -3207.8  -3473.29  -3222.77  -3594.81  
SCENARIO 35
UNDS0
Period   0 3277.29  3819.86  3159.7  2999.09  1961.79  2064.79  
Period   1 5499.07  3941.75  5575.49  5041.25  4902.3  4268.94  
Period   2 5659.54  6056.32  3561.7  2301.48  1315.02  1155.72  
Period   3 7291.37  6020.79  6945.12  7093.69  6572.93  2656.67  
Period   4 6210.82  7644.63  6890.6  6845.44  6313.21  3175.32  
Period   5 5205.75  6536.75  6079.76  4789.28  4635.4  5598.18  
UNDS1
Period   0 -3292.41  -3320.79  -3160.76  -3147.33  -3134.89  -3553.89  
Period   1 -3261.82  -3203.19  -3333.89  -4040.98  -2540.6  -3243.08  
Period   2 -2863.37  -2652.86  -2440.21  -2677.7  -3041.46  -3110.82  
Period   3 -3231.05  -3020.9  -3533.71  -3154.85  -3361.33  -3178.3  
Period   4 -3046.97  -3300.94  -3088.5  -2999.75  -3348.14  -3625.31  
Period   5 -3463.19  -3680.47  -3634.03  -3262.14  -3522.68  -3109.85  
SCENARIO 36
UNDS0
Period   0 3902.09  3541.75  2924.48  3981.21  1750.56  1204.38  
Period   1 5139.5  1836.82  3372.54  6109.43  4720.83  3461.36  
Period   2 6049.65  5245.44  4323.29  1863.29  1683.88  904.504  
Period   3 7228.1  5941.52  6218.74  4901.48  5401.98  4441.27  
Period   4 6059.85  6346.11  8132.05  7944.34  6674.91  2062.06  
Period   5 6338.78  5827.65  5863.26  4763.04  4204.17  6016.81  
UNDS1
Period   0 -3022.7  -3067.41  -3399.61  -3118.48  -3308.61  -3699.35  
Period   1 -3396.33  -3731.5  -2929.34  -2684.34  -3368.09  -3927.46  
Period   2 -2468.88  -2694.46  -3507.5  -2593.28  -3132.41  -3209.87  
Period   3 -3360.27  -2970.93  -3032.58  -3289.27  -3006.05  -3286.21  
Period   4 -3071.26  -3074.64  -3221.36  -3277.35  -3110.46  -3677.24  
Period   5 -3089.87  -3362.41  -3259.03  -3273.51  -3395.13  -3551.63  
SCENARIO 37
UNDS0
Period   0 4006.09  2454.55  3550.31  3923.9  1388.27  1753.33  
Period   1 6077.16  3417.3  4688.07  5677.28  5247.75  3885.35  
Period   2 4577.2  4530.22  3246.51  4557.37  1876.28  1293.77  
Period   3 5375.57  6987.3  6116.35  6124.67  4401.77  4732.36  
Period   4 7333.8  8186.91  5517.34  8190.55  5975.98  2071  
Period   5 5724.89  6271.13  5594.62  3917.36  4308.12  6478.25  
UNDS1
Period   0 -3331.05  -3515.1  -3550.31  -3608.65  -3542.57  -3238.14  
Period   1 -3596.92  -3175.82  -3013.98  -3764.68  -3577.35  -3654.56  
Period   2 -3000.79  -2703.11  -2613.7  -2782.18  -2727.42  -3350.22  
Period   3 -3184.13  -3115.21  -2989.01  -3145.05  -3328.15  -3177.46  
Period   4 -3371.35  -3106.05  -3075.72  -2997.79  -3134.14  -3728.21  
Period   5 -3340.21  -3308.22  -3531.08  -3203.78  -3221.46  -3435.22  
SCENARIO 38
UNDS0
Period   0 3801.47  3834.81  3235.3  3378.81  1803.11  1290.04  
Period   1 4112.63  3206.58  4949.59  4110.64  4729.54  5690.78  
Period   2 4028.62  5106.32  4832.39  3705.64  1502.06  922.307  
Period   3 5370.88  5647.34  5594.33  5117.33  7565.79  4657.19  
Period   4 7795.53  4966.69  5500.5  6282.62  5274.28  6419.22  
Period   5 6239.43  5865.74  5494.84  5000.93  6123.85  4639.56  
UNDS1
Period   0 -3286.24  -3095.2  -3134.13  -3379.99  -3272.76  -3711.6  
Period   1 -3843.94  -2837.94  -3426.55  -3613.53  -2493.13  -3835.35  
Period   2 -2794.05  -2546.49  -3421.12  -2817.25  -2427.56  -2804.86  
Period   3 -3034.8  -3141.69  -3153.69  -3569.66  -3431.85  -3017.15  
Period   4 -3133.83  -3259.15  -3306.12  -3041.74  -3207.18  -3482.24  
Period   5 -3549.95  -3183  -3321.43  -3362.09  -3122.92  -3394.91  
SCENARIO 39
UNDS0
Period   0 3580.08  3477.98  3643.85  3981.57  1566.46  1133.7  
Period   1 5252.68  4241.1  4019.21  3980.04  4985.56  4112.69  
Period   2 5044.93  6154.04  5035.9  2114.99  915.743  825.76  
Period   3 5272.64  6928.85  6082.91  7451.73  6429.35  3823.32  
Period   4 7804.04  6287.52  7409.76  6529.29  6865.86  2363.8  
Period   5 4513.66  5497.98  5112.89  5402.32  6087.95  5761.96  
UNDS1
Period   0 -3016.07  -3326.5  -3082.46  -3260.73  -3062.06  -3803.22  
Period   1 -2706.68  -3539.47  -4091.35  -2621.12  -2822.17  -3556.07  
Period   2 -3103.43  -2605.11  -2812.41  -2432.59  -2711.83  -3342.57  
Period   3 -3247.24  -3051.25  -3390.37  -3199.02  -3362.05  -3322.89  
Period   4 -3101.81  -3108.03  -3420.37  -3266.86  -3145.39  -3452.44  
Period   5 -3184.08  -3268.92  -3182  -3708.84  -3494.38  -3612.26  
SCENARIO 40
UNDS0
Period   0 2496.35  3336.33  3939.54  2708.12  2883.33  1467.58  
Period   1 4485.96  5528.97  3590.51  4473.01  5411.63  3360.72  
Period   2 4319.51  5438.74  4703.37  3427.12  1291.92  863.254  
Period   3 5405.16  4930.04  5376.17  6839.88  4892.5  6074.98  
Period   4 7488.31  4847.38  7872.39  7777.93  6634.63  2475.63  
Period   5 4491.06  4989.23  6327.27  5803.17  5822.58  5075.96  
UNDS1
Period   0 -3461.56  -3128.64  -3342.56  -3261.25  -3201.52  -3357.4  
Period   1 -3846.9  -3079.11  -3135.28  -3204.4  -2653.52  -3599.63  
Period   2 -2521.17  -3079.43  -3096.31  -2697.31  -2774.11  -2599.46  
Period   3 -3124.07  -3147.4  -3269.29  -2976.2  -3306.65  -3414.05  
Period   4 -3203  -3118.32  -3390.13  -3215.4  -3320.58  -3386.86  
Period   5 -3452.18  -3529  -3279.77  -3530.87  -3088.98  -3079.84  
SCENARIO 41
UNDS0
Period   0 2375.03  3180.36  2976.98  3937.42  3776.54  1140.79  
Period   1 2581.4  3672.17  5934.76  4401  3647.85  3494.21  
Period   2 4858.6  3517.36  4287.55  5369.56  988.684  1031.77  
Period   3 6994  7197.23  6019.59  6268.41  6300.7  3420.02  
Period   4 7671.7  6293.53  6301.13  7132.79  6962.25  2460.97  
Period   5 5294.36  6466.15  6330.26  5647.27  4342.53  4863.62  
UNDS1
Period   0 -3397.5  -3370.27  -3081.94  -3280.44  -3322.73  -3266.92  
Period   1 -3014.13  -3839.37  -2610.72  -3630.76  -3815.01  -3029.22  
Period   2 -2480.85  -2740.73  -2545.1  -2865.77  -2936.48  -3342.86  
Period   3 -3100.99  -3565.39  -3129.36  -3081.95  -2998.72  -3260.08  
Period   4 -3183.18  -3259.75  -3040.53  -3128.68  -3336.65  -3455.33  
Period   5 -3203.78  -3179.27  -3143.94  -3062.82  -3266.31  -3934.06  
SCENARIO 42
UNDS0
Period   0 3196.57  3581.74  3158.92  2401.24  3070.44  1863.94  
Period   1 3897.07  4314.47  3566.96  5524.87  5324.87  4592.7  
Period   2 4910.55  3466.8  3020.19  5341.84  1982.8  1019.31  
Period   3 6517.37  3621.42  5265.62  6577.25  5900.01  7436.62  
Period   4 6624.04  6510.61  7288.29  7299.93  5573.32  2996.56  
Period   5 5668.76  4356.3  5288.34  6501.14  4266.51  5922.49  
UNDS1
Period   0 -3540.09  -3073.81  -3055.34  -3045.47  -3258.84  -3724.47  
Period   1 -3057.98  -4207.33  -3242.72  -2781.75  -2983.95  -3089.64  
Period   2 -2763.22  -2942.91  -2457.38  -2399.54  -2505.65  -3619.93  
Period   3 -3261.6  -3060.64  -3046.26  -3386.4  -3019.12  -3309.19  
Period   4 -3511.4  -3096.99  -3323.38  -3178.64  -3199.22  -3215.14  
Period   5 -3131.2  -3463.15  -3326.19  -3112.02  -3099.25  -3691.28  
SCENARIO 43
UNDS0
Period   0 3190.35  3464.67  4114.33  2419.06  2780.07  1309.46  
Period   1 2248.35  3224.72  5569.3  4665.47  5721.71  4288.62  
Period   2 6473.08  6099.24  3328.69  2484  879.505  820.028  
Period   3 7016.96  6622.82  6113.4  6221.75  6232.92  3941.68  
Period   4 5172.91  5724.99  7187.71  6682.86  7370.41  4650.39  
Period   5 4414.56  5790.67  6337.61  6044  5201.03  5826.24  
UNDS1
Period   0 -3337.97  -3315  -3214.57  -3125.61  -3259.7  -3469.45  
Period   1 -3395.75  -2826.8  -3329.44  -3998.37  -3827.99  -3160.93  
Period   2 -2935.08  -2881.04  -2717.07  -2775.15  -2946.55  -2724.94  
Period   3 -3310.05  -3167.34  -3250.34  -3234.16  -3191.03  -3152.76  
Period   4 -3253.75  -3148.2  -3322.08  -3164.92  -3088.39  -3532.96  
Period   5 -3290.09  -3281.92  -3160.94  -3192.75  -3491.52  -3679  
SCENARIO 44
UNDS0
Period   0 4176.5  3417.99  4052.63  3458.5  1125.25  1161.81  
Period   1 4509.15  6199.32  4910.56  5320.57  3578.24  3552.26  
Period   2 3223.63  5452.03  6005.64  2719.67  1844.69  831.492  
Period   3 6910.18  6090.53  6011.47  7326.56  4667.79  5077.27  
Period   4 6147.95  6402.78  6653.77  6868.32  8021.49  3045.65  
Period   5 5436.3  6044.54  5289.71  5574.94  6598.2  3142.76  
UNDS1
Period   0 -3443.36  -3590.94  -3163.87  -3423  -3263.66  -3289.69  
Period   1 -3931.78  -3971.35  -3738.89  -3809.94  -2882.44  -2624.85  
Period   2 -2417.47  -2447.63  -2377.49  -2522.1  -3087.45  -3716.1  
Period   3 -3075.03  -3083.86  -3182.14  -2987.71  -3046.97  -3679.62  
Period   4 -3259.75  -3093.35  -3299.62  -3491.34  -3162.08  -3172.42  
Period   5 -3121.69  -3245.32  -3193.81  -3441.4  -3216.91  -3609.26  
SCENARIO 45
UNDS0
Period   0 3362.19  3590.27  2665.53  3749.03  2217.17  1389.85  
Period   1 3661.15  5718.2  5313.32  5058.64  3776.37  5039.95  
Period   2 4757.01  5883.39  5195.22  2274.68  1114.76  871.318  
Period   3 5541.47  5674.41  7170.45  7001.4  6893.39  3485.06  
Period   4 7187.83  7212.54  7140.23  6692.75  6049.04  2214.84  
Period   5 5318.18  4701.92  6599.27  5489.93  5313.44  5880.55  
UNDS1
Period   0 -3207.97  -3454.94  -3498.14  -3183.77  -3425.07  -3111.45  
Period   1 -3700.63  -3162.69  -2908.74  -4138.01  -2543.26  -3076.1  
Period   2 -2851.65  -2749.73  -2835.59  -2942.05  -2616.01  -2958.62  
Period   3 -3076.48  -3265.89  -3324.56  -3265.45  -3165.14  -3049.42  
Period   4 -3094.55  -3192.83  -3222.82  -3426.96  -3050.29  -3499.12  
Period   5 -3194.2  -3317.5  -3259.87  -3568.72  -3320.74  -3169.51  
SCENARIO 46
UNDS0
Period   0 3831.42  3938.27  3925.53  2739.65  1761.36  1173.85  
Period   1 4823.91  4397.91  4322.35  6024.73  3277.68  1904.25  
Period   2 3520.26  5548.27  4171.73  4161.09  1695.41  913.667  
Period   3 7075.38  5215.13  6689.39  6512.43  5665.19  4685.75  
Period   4 6880.43  3952.7  5818.12  5580.85  5747.61  7174.41  
Period   5 5032.89  6072.68  6653.42  4955.62  5393.57  5369.32  
UNDS1
Period   0 -3007.84  -3275.9  -3262.71  -3148.87  -3083.28  -3758.13  
Period   1 -3137.9  -2884.3  -2844.76  -3716.54  -4044.31  -3734.99  
Period   2 -2745.79  -3020.81  -2813.35  -2605.51  -3078.91  -2978.33  
Period   3 -3191.2  -3202.29  -3051.78  -3128.73  -3384.76  -3194.14  
Period   4 -3242.18  -3356.36  -3040.18  -3040.71  -3218.62  -3498.08  
Period   5 -3195.3  -3382.11  -3217.5  -3379.36  -3273.06  -3539.62  
SCENARIO 47
UNDS0
Period   0 3878.94  3714.57  3464.09  3247.92  1868.07  1203.82  
Period   1 1581.93  3839.33  4449.78  4424.06  4503.67  5217.66  
Period   2 2960.61  5361.63  4561.65  3653.93  2503.27  892.404  
Period   3 7293.81  4728.1  7163.76  6721.08  6376.38  3564.42  
Period   4 5027.95  6909.25  7883.36  6433.05  6748.83  3060.5  
Period   5 6230.4  4658.14  6278.6  5144.19  4792.69  6203.84  
UNDS1
Period   0 -3119.5  -3134.92  -3155.02  -3084.48  -3206.39  -3785.14  
Period   1 -2908.48  -4220.64  -3137.11  -3591.98  -3200.87  -3852  
Period   2 -2859.04  -2760.93  -2735.29  -2832.89  -2826.52  -2914.88  
Period   3 -3059.89  -3124.51  -3116.88  -3175.33  -3283.77  -3316.46  
Period   4 -3105.65  -3344.93  -3266.45  -3328.64  -3076.42  -3361.92  
Period   5 -3057.37  -3138.27  -3200.74  -3134.82  -3509.25  -3845.6  
SCENARIO 48
UNDS0
Period   0 3919.44  2434.22  3875.63  2515.25  2606.6  1650.98  
Period   1 4975.71  4495.26  5766.85  3995.07  1723.64  3300.59  
Period   2 6294.55  5886.32  3344.1  2246.91  1444.29  877.328  
Period   3 6529.92  5686.38  5410.41  5802.38  5142.14  5890.13  
Period   4 5727.18  7237.43  6068.11  6050.48  6805.77  4867.2  
Period   5 5818.65  4901.43  6621.36  6725.58  5406.13  3889.23  
UNDS1
Period   0 -3396.18  -3295.42  -3238.93  -3493.64  -3364.63  -3610.4  
Period   1 -3154.94  -3210.19  -4165.8  -3517.48  -3026.74  -2470.42  
Period   2 -2807.79  -2694.98  -2744.03  -2941.02  -3104.74  -3017.86  
Period   3 -2976.72  -3122.95  -3273.45  -3143.93  -3020.37  -3643.81  
Period   4 -3204.31  -3196.23  -3080.35  -3474.06  -3160.58  -3417.53  
Period   5 -3266.71  -3175.85  -3093.54  -3305.8  -3100.78  -3880.35  
SCENARIO 49
UNDS0
Period   0 2997.5  3997.69  2274.35  3892.64  2652.58  1520.56  
Period   1 4419.28  3377.33  6201.57  4601.29  5750.9  4678.52  
Period   2 6217.48  6001.4  4620.03  1234.79  1080.23  922.235  
Period   3 5167.81  7442.37  4871.92  6312.2  6630.6  3573.83  
Period   4 6552.66  7852.47  6914.43  6504.32  6054.21  3132.95  
Period   5 6930.04  4675.61  5570.93  6031.03  6411.43  3796.57  
UNDS1
Period   0 -3105.44  -3504.15  -3580.39  -3472.04  -3336.13  -3155.75  
Period   1 -3469.5  -3746.3  -3197.34  -3875.38  -3025  -3319.05  
Period   2 -3097  -2883.97  -2902.45  -2845.16  -2887.71  -2877.85  
Period   3 -3110.17  -3246.76  -3136.31  -3384.12  -3114.92  -3125.55  
Period   4 -3498.43  -3123.94  -3506.7  -3172.42  -3422.72  -3168.48  
Period   5 -3342.32  -3513.32  -3322.96  -3288.36  -3503.92  -3219.7  
SCENARIO 50
UNDS0
Period   0 3872.88  4115.52  3566.7  2915.44  1659.42  1154.14  
Period   1 4381.82  4280.5  4036.14  4627.88  5062  4407.1  
Period   2 4993.56  5942.29  6033.5  1148.15  1141.83  834.212  
Period   3 3704.56  6196.52  5977.16  6611.39  5622.76  7133.14  
Period   4 6590.11  8081.93  4504.54  7654.58  7321.84  2735.13  
Period   5 6887.51  5471.55  4498.34  5148.54  5088.94  5441.76  
UNDS1
Period   0 -3112.02  -3191.42  -3320.2  -3052.71  -3136.74  -3795.35  
Period   1 -3154.96  -3626.24  -3616.85  -3294.07  -3598.55  -3415.23  
Period   2 -2836.51  -2691.29  -2607.52  -2735.51  -2480.08  -3305.51  
Period   3 -3162.54  -3116.71  -3075.17  -3587.86  -3119.83  -3352.51  
Period   4 -3170.04  -3349.08  -3268.03  -3065.22  -3208.36  -3627.25  
Period   5 -3445.76  -3081.59  -3276.61  -3294.78  -3351.75  -3432.68  
SCENARIO 51
UNDS0
Period   0 3615.43  3612.77  3201.95  3658.32  1882.16  1364.89  
Period   1 4802.42  4379.01  5371.55  4105.06  4873.45  5207.07  
Period   2 5317.8  4238.23  4340.87  3802.94  1537.62  854.343  
Period   3 5869.86  6173.05  6806.66  7265.64  5646.72  3706.91  
Period   4 5994.88  7111.79  4821.34  6329.04  3634.61  6840.81  
Period   5 4906.2  5297.12  6409.59  6548.36  6647.33  3736.85  
UNDS1
Period   0 -3131.53  -3305.85  -3427.76  -3000.41  -3406.32  -3358.76  
Period   1 -3489.19  -2854.19  -3615.27  -3909.35  -2937.25  -4060.14  
Period   2 -2513.94  -3262.66  -3277.57  -2920.87  -3102.92  -2680.29  
Period   3 -3010.92  -3271.67  -3130.03  -3138.79  -3017.28  -3579  
Period   4 -3186.27  -3314.55  -3034.51  -3235.2  -3141.08  -3566.07  
Period   5 -3522.07  -3092  -3139.87  -3125.78  -3233.65  -3712.24  
SCENARIO 52
UNDS0
Period   0 3524.14  3838.62  2588.55  2477.44  3663.92  1280.71  
Period   1 2782.47  4718.94  5794.63  5531.12  3335.67  2912.95  
Period   2 5198.59  4628.46  5454.99  2808.41  1068.97  876.671  
Period   3 6871.29  6687.75  7171.12  6285.54  6682.14  2127.86  
Period   4 4350.79  5249.76  4643.62  4598.1  7677.64  6982.87  
Period   5 4755.39  6527.51  5135.44  5134.71  6107.4  4335.84  
UNDS1
Period   0 -3270.2  -3283.79  -3404.98  -3128.68  -3294.96  -3272.68  
Period   1 -3831.4  -3654.11  -2591.43  -3544.63  -3610.68  -2842.6  
Period   2 -2911.67  -2806.78  -2702.04  -2720.72  -2469.14  -3050.96  
Period   3 -3156.49  -3202.58  -3143.76  -3145.71  -3205.26  -3529.89  
Period   4 -3226.86  -3241.28  -3100.54  -3117.17  -3254.53  -3608.6  
Period   5 -3082.5  -3282.56  -3300.93  -3258.55  -3113.32  -3790.16  
SCENARIO 53
UNDS0
Period   0 3285.04  2417.35  4068.49  3890.63  2234.02  1388.71  
Period   1 4815.14  2955.34  5917.08  4474.23  4548.67  3895.91  
Period   2 3209.51  5520.46  5144.82  4071.91  1207.92  906.481  
Period   3 5768.31  4620.37  6956.96  5207.03  7017.2  4960.49  
Period   4 6215.25  7218.39  6251.15  6939.28  7203.49  3263.72  
Period   5 6183.36  5086.78  5891.89  5637.27  5257.24  4749.18  
UNDS1
Period   0 -3285.09  -3663.09  -3123.54  -3503.95  -3075.96  -3003.83  
Period   1 -3050.41  -2762.86  -4014.67  -4152.19  -2803.44  -3222.62  
Period   2 -2660.42  -2802.84  -2538.23  -2483.92  -2846.88  -3352.9  
Period   3 -3381.84  -3177.18  -3397.28  -3203.4  -2952.23  -3179.19  
Period   4 -3187.95  -3059.55  -3285.78  -3188.69  -2996.55  -3676.21  
Period   5 -3128.71  -3248.39  -3061.34  -3320.85  -3477.49  -3668.62  
SCENARIO 54
UNDS0
Period   0 3148.4  3878.52  3171.83  3938.6  2053.4  1157.94  
Period   1 4455.87  4217.66  4201.59  2838.63  3390.85  5457.32  
Period   2 3934.38  2565.98  5942.13  4742.15  1833.57  1011.81  
Period   3 4905.37  6327.06  6813.99  5437.16  7059.64  4495.78  
Period   4 5370.8  7300.32  7419.52  6125.71  6819.8  3328.76  
Period   5 3926.22  6688.7  5155.35  7019.47  7008.96  3493.06  
UNDS1
Period   0 -3274.28  -3431.63  -3358.08  -3282.34  -3131.41  -3309.19  
Period   1 -3863.07  -3299.67  -3200.06  -2994.72  -3513.4  -4151.62  
Period   2 -2728.9  -3310.73  -3028.22  -2419.37  -2864.39  -2955.13  
Period   3 -3083.88  -3238  -3027.99  -2956.19  -3048.43  -3634.66  
Period   4 -3092.44  -3251.67  -3364.49  -3241.65  -3011.81  -3666.13  
Period   5 -3260.13  -3281.8  -3090.74  -3155.07  -3312.74  -3760.61  
SCENARIO 55
UNDS0
Period   0 3105.6  3994.35  3724.28  3564.45  1503.61  1273.92  
Period   1 5533.58  4714.99  4507.33  4616.17  5860.08  3897.68  
Period   2 4110.56  5847.72  6301.88  1921.16  1084.28  827.932  
Period   3 7120.21  5297.18  6110.53  5331.22  5556.51  3008.36  
Period   4 5505.38  7189.74  6232.95  7052.33  6516.75  4330.26  
Period   5 5058.07  5720.98  5966.34  5115.07  5898.16  5738.08  
UNDS1
Period   0 -3145.88  -3482.5  -3090.77  -3185.54  -3573.03  -3073.81  
Period   1 -3192.39  -3782.57  -3971.17  -3098.23  -2888.05  -3473.14  
Period   2 -2448.85  -2416.01  -2531.75  -3206.51  -2798.62  -3362.48  
Period   3 -3332.29  -3037.34  -3077.2  -3088.79  -3260.08  -3256.07  
Period   4 -3284.96  -3248.02  -3166.53  -3072.69  -3142.96  -3528.98  
Period   5 -3249.96  -3383.5  -3111.01  -3085.13  -3333.17  -3870.68  
SCENARIO 56
UNDS0
Period   0 2761  3759.36  3457.55  3480.09  2243.97  1465.54  
Period   1 2585.5  4601.14  4479.57  5210.83  4740.76  2142.13  
Period   2 5415  3311.53  6344.95  2500.91  1497.23  935.974  
Period   3 7309.96  6088.84  6609  6502.18  5767.41  3803.56  
Period   4 6027.43  6768.08  5194.88  6535.38  7615.92  4452.31  
Period   5 5823.53  4458.09  6227.15  5559.99  5372.81  3721.41  
UNDS1
Period   0 -3347.15  -3554.29  -3421.26  -3416.8  -3453.76  -3255.01  
Period   1 -4714.48  -4358.88  -3992.85  -3036.87  -3150.95  -3805.34  
Period   2 -2708.75  -2557.59  -2795.53  -2910.89  -2389.69  -3290.42  
Period   3 -3014.79  -3147.14  -3187.81  -3510.77  -3097.25  -3074.8  
Period   4 -3013.87  -3384.96  -3362.66  -3440.33  -3151.46  -3099.68  
Period   5 -3070.7  -3444.5  -3550.85  -3146.13  -3377.45  -3413.44  
SCENARIO 57
UNDS0
Period   0 3677.22  3063.96  3479.81  3811.52  2130.78  1224.26  
Period   1 2550.41  3706.29  5742.78  3433.86  5151.99  3520.57  
Period   2 5887.69  6193.8  4133.16  2187.36  849.987  841.549  
Period   3 6591.53  6232.88  5468.14  5323.2  6523.75  5008.88  
Period   4 7589.1  5649.19  6850.59  6802.19  7183.82  2841.56  
Period   5 5988.81  5240.56  4762.54  5697.97  4515.56  5049.29  
UNDS1
Period   0 -3455.15  -3083.14  -3339.17  -3120.88  -3252.03  -3389.64  
Period   1 -4574.08  -2882.96  -2955.88  -2902.06  -4395.74  -3753.59  
Period   2 -3570.24  -2687.06  -2712.44  -2918.86  -2738.76  -2420.77  
Period   3 -3186.95  -3250.9  -3137.37  -3166.56  -3100.62  -3245.27  
Period   4 -3213.34  -3172.97  -3365.98  -3454.25  -3210.3  -3003.4  
Period   5 -3096.15  -3570.99  -3166.94  -3195.77  -3401.48  -3651.14  
SCENARIO 58
UNDS0
Period   0 2555.2  3647.37  2252.75  2342.31  2852.53  3209.75  
Period   1 3382.89  2780.7  5489.71  5009.42  6248.41  5585.21  
Period   2 3642.7  5673.59  5628.43  2768.23  1490.36  890.456  
Period   3 6388.04  6517.09  4187.44  7178.06  6367.34  4534.73  
Period   4 7251.77  6642.6  7767.05  6488.18  6474.95  2329.65  
Period   5 5081.66  6521.78  5825.05  5456.58  5216.88  4951.58  
UNDS1
Period   0 -3062.99  -3116.57  -3445.3  -3237.23  -3318.03  -3465.56  
Period   1 -3519.25  -3321.71  -3478.17  -3372.86  -3640.28  -3224.44  
Period   2 -2930.59  -2478.91  -3128.71  -2476.7  -2738.82  -2893.48  
Period   3 -3080.85  -3284.47  -3112.09  -3165.01  -3273.97  -3427.14  
Period   4 -3470.8  -3147.49  -3028.29  -3451  -3316.57  -3349.17  
Period   5 -3453.1  -3399.05  -3160.37  -3216.05  -3207.37  -3539.42  
SCENARIO 59
UNDS0
Period   0 3869.04  3854.67  3268.59  3105.26  2060.49  1218.67  
Period   1 5182.65  4535.99  4931.34  4632.66  4555.6  4572.73  
Period   2 4933.47  5672.29  2758.96  3895.06  1935.81  881.241  
Period   3 4925.15  5668.16  5270.21  5433.92  4585.88  6148.48  
Period   4 5479.98  7757.42  5913.56  7568.9  7018.38  2778.37  
Period   5 6236.91  3976.08  6912.12  5466.49  5956.7  4040.43  
UNDS1
Period   0 -3246.53  -3429.56  -3563.31  -3421.02  -3325.13  -3217.4  
Period   1 -2663.49  -4335.41  -3134.64  -2789.81  -2954.68  -3396.44  
Period   2 -2987.4  -2988.01  -2515.5  -2462.4  -3407.24  -3212.86  
Period   3 -3056.79  -3086.39  -3001.1  -3043.33  -3101.09  -3669.75  
Period   4 -3070.46  -3206.83  -3045.65  -3139.1  -3418.63  -3634.15  
Period   5 -3429.21  -3179.48  -3337.53  -3256.33  -3134.86  -3654.86  
SCENARIO 60
UNDS0
Period   0 2323.19  2922.79  3447.37  3895.58  3383.48  1395.98  
Period   1 5772.64  3851.46  4559.6  5504.76  2861.56  4177.62  
Period   2 6100.13  4846.47  4164.03  2943.18  1206.34  822.512  
Period   3 5827.42  4192.33  7423.7  4511.1  6638.15  5074.17  
Period   4 7088.7  6577.49  7030.33  6067.11  6999.44  2886.9  
Period   5 4114.12  4577.87  5479.12  4753.48  5462.51  5719.27  
UNDS1
Period   0 -3135.48  -3653.28  -3369.79  -3212.6  -3396.4  -3149.71  
Period   1 -3824.38  -3496.09  -2768.64  -2961.28  -3297.79  -3978  
Period   2 -3046.84  -3163.07  -2885.36  -2780.7  -2444.03  -2526.55  
Period   3 -3180.04  -3132.96  -3152.42  -3127.64  -3027.44  -3404.96  
Period   4 -3068.39  -3255.59  -3097.82  -3545.46  -3148.87  -3427.7  
Period   5 -3196.25  -3220.83  -3392.29  -3025.69  -3596.11  -3428.66  
SCENARIO 61
UNDS0
Period   0 3524.69  3365.25  2402.21  2898.67  3447.69  1596.85  
Period   1 4810.94  5465.02  3562.24  4782.11  4414.86  4062.06  
Period   2 5970.17  5505.19  5045.32  1799.81  946.797  825.69  
Period   3 5402.8  6436.66  5014.06  6888.75  6503.61  4202.83  
Period   4 6747.02  7176.88  7798.12  6669.09  4008.22  4730.61  
Period   5 4430.06  4397.89  6315.66  5791.02  5315.94  5293.24  
UNDS1
Period   0 -3154.25  -3402.23  -3616.26  -3409.58  -3021.92  -3550.92  
Period   1 -2917.26  -4941.84  -3987.71  -3781.7  -2915.66  -3219.97  
Period   2 -2744.78  -2597.22  -2998.03  -2890.16  -2448.81  -3237.27  
Period   3 -3247.96  -3384.85  -3158.17  -3353.48  -3192.3  -3055.13  
Period   4 -3073.63  -3189.68  -3092.56  -3203.42  -3503.24  -3400.33  
Period   5 -3509.62  -3476.18  -3089.67  -3162.93  -3461.71  -3452.85  
SCENARIO 62
UNDS0
Period   0 3571.59  3918.71  3141.36  2646.02  2774.11  1342.11  
Period   1 5966.17  3579.1  4734.67  3904.8  5829.37  4837.71  
Period   2 5115.7  5328.64  4621.66  3106.81  1016.49  904.614  
Period   3 5801.02  5553.35  7061.49  4254.3  4402.92  3762.02  
Period   4 7216.39  7592.67  6767.46  7242.11  5906.52  2188.37  
Period   5 5807.88  4622.57  6540.28  6422.81  6355.99  3452.01  
UNDS1
Period   0 -3045.16  -3345.96  -3048.63  -3499.52  -3255.39  -3351.63  
Period   1 -3406.85  -3219.8  -3543.34  -3687.97  -3493.77  -3873.92  
Period   2 -2538.6  -2889.54  -2680.89  -2707.85  -2666.45  -3315.7  
Period   3 -3149.71  -3079.34  -3083.51  -3143.47  -3126.82  -3632.27  
Period   4 -3383.48  -3345.83  -3245.1  -3241.79  -3188.12  -3386.25  
Period   5 -3385.03  -3522.56  -3218.55  -3298.24  -3386.47  -3104.35  
SCENARIO 63
UNDS0
Period   0 3681.23  2814.43  3722.8  3869.62  2055.26  1189.48  
Period   1 4677.19  6020.4  6134.33  4175.24  2604.86  3878.54  
Period   2 4710.25  6026.99  6440.63  1215.22  861.982  839.396  
Period   3 6354.76  6764.91  5377.48  3488.82  4849.45  7269.34  
Period   4 6072.35  5901.61  5520.67  5919.41  7248.41  6311.16  
Period   5 5009.83  5905.14  5099.56  6281.07  4411.54  6079.23  
UNDS1
Period   0 -3418.17  -3124.25  -3034.26  -3283.21  -3324.03  -3360.48  
Period   1 -3322.6  -2738.16  -3232.73  -3833.03  -2551.14  -3643.13  
Period   2 -2630.22  -2645.09  -3011.75  -2773.04  -2646.29  -3277.39  
Period   3 -3129.35  -3139.28  -3403.55  -3213.07  -2988.32  -3119.36  
Period   4 -3051.77  -3490.54  -3144.14  -3042.44  -3168.52  -3626.12  
Period   5 -3299.78  -3527.36  -3313.74  -3218.88  -3311.44  -3443.47  
SCENARIO 64
UNDS0
Period   0 3737.05  3999.99  3156.75  2799.22  2132.43  1522.51  
Period   1 3650.41  4243.46  5645.64  5038.77  4816.73  5633.85  
Period   2 6207.59  3415.78  3736.35  4697.28  1111.43  896.72  
Period   3 7200.4  7240.62  5005.3  5696.45  5716.51  2812.69  
Period   4 4933.05  6917.92  6466.24  7127.34  7385.58  2919.77  
Period   5 6391.4  4569.36  5098.86  5382.1  5518.97  5692.66  
UNDS1
Period   0 -3360.61  -3318.78  -3352.98  -3428.34  -3284.72  -3610.92  
Period   1 -3002.43  -3160.2  -4249.92  -3453.7  -3305.84  -2672.6  
Period   2 -2496.66  -2947.31  -2902.08  -2966.71  -3163.3  -3152.27  
Period   3 -3585.66  -3310.6  -3225.69  -3089.41  -3134.33  -3002.28  
Period   4 -3150.14  -3268.17  -3046.16  -3141.9  -3287.88  -3619.22  
Period   5 -3153.51  -3014.34  -3308.95  -3350.48  -3183.28  -3804.69  
SCENARIO 65
UNDS0
Period   0 3432.75  3892  3338.42  4070.48  1420.57  1200.69  
Period   1 5159.57  5376.27  3845.01  5271.97  5665.69  4409.72  
Period   2 5194.98  4611.55  6126.26  1986.85  1308.18  846.114  
Period   3 6011.83  3614.95  4602.51  5422.49  6375.45  6009.76  
Period   4 4963.63  5472.36  5803.03  8045.59  7873.46  4777.49  
Period   5 6892.88  5492.51  5629.79  4464.26  6381.08  3576.36  
UNDS1
Period   0 -3710.92  -3036.64  -3455.75  -3312.27  -3687.3  -3136.03  
Period   1 -3135.13  -3206.07  -3289.88  -4243.02  -3735.45  -2846.2  
Period   2 -2547.57  -2503.31  -2426.67  -2450.94  -3365.92  -3488.72  
Period   3 -2953.66  -3074  -3030.11  -3432.78  -3180.8  -3350.96  
Period   4 -3024.95  -3128.51  -3110.47  -3112.33  -3569.18  -3582.75  
Period   5 -3102.92  -3117.33  -3302.24  -3138.39  -3246.42  -3887.04  
SCENARIO 66
UNDS0
Period   0 3707.99  2644.55  3640.82  3995.06  2225.28  1130.23  
Period   1 4000.47  3700.39  4642.33  5194.68  4127.64  4609.82  
Period   2 4729.98  6171.27  6350.29  1078.1  930.563  817.307  
Period   3 5833.33  4606.63  6561.33  6428.21  5805.73  6913.92  
Period   4 6338.82  5292.33  7020.91  5647.17  7981.83  2568.88  
Period   5 6339.57  6239.56  6010.44  5714.09  5398.18  3320.08  
UNDS1
Period   0 -3559.78  -3302.51  -3295.95  -3194.66  -3345.15  -3544.09  
Period   1 -3128.78  -2876.31  -5024.57  -3857.65  -2494.75  -3275.14  
Period   2 -2467.15  -2531.86  -2696.88  -2836.39  -3016.96  -3115.97  
Period   3 -3135.98  -3236.4  -3360.74  -3073.65  -3097.65  -3327.65  
Period   4 -3310.8  -3157.21  -3122.31  -3069.63  -3304.4  -3453.01  
Period   5 -3713.6  -3400.03  -3378.35  -3004.71  -3300.3  -3226.39  
SCENARIO 67
UNDS0
Period   0 3841.1  3546.52  2153.79  3317.13  2694.61  1744.03  
Period   1 5233.99  4920.21  2272.51  5803.95  4851.04  4538.72  
Period   2 6190.39  6072.39  4809.27  1416.1  806.822  804.653  
Period   3 6429.27  6488.99  6971.81  6048.01  5389.85  4721.45  
Period   4 6550.31  2956.12  7829.18  6150.99  6171.85  6837.32  
Period   5 4439.35  4841.57  5339.68  4099.4  6644.66  5752.15  
UNDS1
Period   0 -3360.63  -3439.62  -3441.48  -3223.66  -3447.49  -3186.9  
Period   1 -3651.88  -3191.08  -2497.03  -4168.74  -4083.33  -3185.74  
Period   2 -2961.66  -2510.61  -2881.96  -2639.37  -2662.73  -2897.21  
Period   3 -3073.32  -3006.02  -3282.48  -3163.65  -3116.95  -3347.07  
Period   4 -3403.18  -3153.06  -3208.96  -3248.35  -3481.53  -3152.85  
Period   5 -3238.63  -3309.2  -3352.1  -3437.59  -3204.63  -3450.52  
SCENARIO 68
UNDS0
Period   0 3479.32  3801.4  4047.65  3122.27  1628.56  1239.14  
Period   1 5141.3  6037.35  4886.31  6117.95  5142.35  2657.24  
Period   2 3984.99  5712.51  4950.91  3469.34  1074.18  866.737  
Period   3 6477.41  3538.05  5604.55  5601.21  3792.45  6135.35  
Period   4 6089.58  6064.18  5590.81  5851.87  4913.33  8205.65  
Period   5 4440.59  5227.43  4935.8  5197.33  5469.5  6115.27  
UNDS1
Period   0 -3393.98  -3008.22  -3072.58  -3055.69  -3182.06  -3774.86  
Period   1 -3001.23  -3347.31  -3519.04  -3283.94  -3127.95  -3241.15  
Period   2 -2777.97  -2414.35  -2637.19  -3225.18  -3114.26  -2797.84  
Period   3 -3215.78  -3183.39  -3191.87  -3008.92  -3611.6  -3537.26  
Period   4 -3421.88  -3225.39  -3258.94  -3444.71  -3098.86  -3100.83  
Period   5 -3485.9  -3306.74  -3250.43  -3494.57  -3643.88  -3584.11  
SCENARIO 69
UNDS0
Period   0 3767.91  3443.11  3809.4  2972.6  1695.17  1675.81  
Period   1 3555.19  6195.98  4070.94  5284.84  2959.24  4428.96  
Period   2 5512.52  6048.3  5171.78  1572.56  961.346  822.752  
Period   3 3886.85  5707.02  6681.57  5258.89  5661.34  6632.15  
Period   4 7578.08  4772.25  7617.36  7122.16  6814.85  2786.88  
Period   5 4557.78  6041.82  4251.4  5538.24  4213.37  5406.07  
UNDS1
Period   0 -3028.75  -3416.43  -3131.72  -3337.69  -3497.34  -3147.4  
Period   1 -2933.51  -3300.64  -3436.11  -2912.24  -2573.4  -4052.05  
Period   2 -2522.92  -2545.35  -2727.19  -3189.91  -2588.23  -3134.23  
Period   3 -3225.88  -3287.92  -3022.27  -2976.9  -3263.19  -3428.99  
Period   4 -3062.83  -3322.12  -3101.85  -3594.02  -3364.47  -3522.91  
Period   5 -3080.65  -3155.93  -3116.04  -3457.31  -3296.84  -3788.07  
SCENARIO 70
UNDS0
Period   0 3208.12  3696.11  2645.49  4003.7  2687.13  1141.41  
Period   1 4566.41  4190.59  4931.64  1742.56  5187  4707.32  
Period   2 5161.52  4724.57  5060.15  3420.45  900.32  820.058  
Period   3 6975.99  5993.87  6415.2  7122.22  7161.79  2716.18  
Period   4 7550.57  6455.61  6637.19  3673.35  6094.26  6356.26  
Period   5 5896.51  5738.55  6890.72  4736.05  4818.96  3830.74  
UNDS1
Period   0 -3195.56  -3226.59  -3556.23  -3561.7  -3143.75  -3403.71  
Period   1 -2837.22  -4305.54  -3928.18  -3061.52  -3120.01  -3135.85  
Period   2 -2807.53  -2824.81  -3227.72  -2531.33  -2716.16  -2839.18  
Period   3 -3097.42  -3370.86  -3279.7  -3192.28  -3219.97  -3298.16  
Period   4 -3430.52  -3317.7  -3286.02  -3240.15  -3618.36  -3263.57  
Period   5 -3160.64  -3514.87  -3060.55  -3118.96  -3427.2  -3827.96  
SCENARIO 71
UNDS0
Period   0 3273.05  3740.02  3479.18  2871.85  2799.19  1195.3  
Period   1 5399.69  4092.01  6042.52  3018.2  4569.32  4111.22  
Period   2 6079.83  6388.02  3899.61  1341.2  1577.57  811.404  
Period   3 5072.2  6990.8  6667.5  7427.21  4999.75  4914.2  
Period   4 7695.04  7144.25  5758.8  5018.34  6189.38  4832.84  
Period   5 4944.97  5819.3  6599.6  4800.8  6144.14  4768.32  
UNDS1
Period   0 -3310.02  -3167.54  -3568.92  -3705.96  -3117.87  -3218.51  
Period   1 -2800.64  -4141.65  -3599.63  -3056.63  -3458.95  -3982.34  
Period   2 -2891.31  -2496.54  -2642.65  -2800.73  -2597.2  -3388.43  
Period   3 -3040.29  -3033.21  -3203.9  -3267.69  -3106.48  -3290.53  
Period   4 -3323.52  -3193.74  -3323.6  -3202.59  -3236.99  -3521.28  
Period   5 -3191.29  -3148.27  -3562.49  -3142.11  -3397.76  -3405.95  
SCENARIO 72
UNDS0
Period   0 2618.43  2921.03  3524.13  4094.6  2608.6  1385.75  
Period   1 4074.97  4080.31  3478.78  4911.88  5890.68  5356.29  
Period   2 5436.57  6295.79  4199.64  1639.65  1134.85  1165.02  
Period   3 5607.54  3815.41  7169.02  4103.28  5594.68  7384.27  
Period   4 7357.22  7708.32  7567.16  5772.56  5850.5  2417.99  
Period   5 6064.19  4890.99  5824.87  4193.93  4592.63  5064.57  
UNDS1
Period   0 -3340.15  -3474.13  -3049.19  -3178.73  -3258.03  -3377.23  
Period   1 -3111.5  -2688.3  -3246.51  -3246.85  -2588.58  -4138.88  
Period   2 -2697.99  -2596.56  -2902.83  -2749.18  -2848.96  -2868.46  
Period   3 -3550.79  -2996.24  -3037.86  -3043.33  -3018.18  -3482.6  
Period   4 -3412.95  -3137.37  -3164.11  -3261.92  -3099.11  -3537.84  
Period   5 -3156.38  -3152.16  -3234.49  -3354.07  -3508.26  -3459.2  
SCENARIO 73
UNDS0
Period   0 2632.54  3804.64  2733.19  2684.05  3196.53  2073.87  
Period   1 4575.09  5408.46  5417.39  5099.4  5033.99  3319.59  
Period   2 5979.83  5838.86  5540.34  1029.38  827.992  815.639  
Period   3 6565.8  5621.24  6743.29  6184.98  5287.79  4877.32  
Period   4 7069.34  6595.82  6509.64  6476.91  6701.33  3020.69  
Period   5 5022.04  5477.24  6541.94  6148.54  5673.34  4601.91  
UNDS1
Period   0 -3423.29  -3115.53  -3165.35  -3189.97  -3144.35  -3769.47  
Period   1 -3046.27  -3497.49  -2841.19  -3122.37  -3693.04  -3020.47  
Period   2 -2722.18  -2695.71  -2452.2  -2959.96  -3002.79  -2926.55  
Period   3 -3089.71  -3154.49  -3545.9  -3135.68  -3579.51  -3046.38  
Period   4 -3259.05  -3303.96  -3408.98  -3181.33  -3048.1  -3402.1  
Period   5 -3346.05  -3350.34  -3362.88  -3405.87  -3214.07  -3351.48  
SCENARIO 74
UNDS0
Period   0 3830.29  1677.77  3823.06  3066.68  2885.78  1677.86  
Period   1 5039.36  4237.7  3372.25  5814.95  5805.28  5907.33  
Period   2 2657.24  3306.58  4824.93  5081.15  3057.74  1008.65  
Period   3 6240.93  5883.01  7075.43  6274.48  6173.25  4946.01  
Period   4 7562.53  7067.67  2834.06  7090.3  6923.88  4624.17  
Period   5 5514.11  5253.39  6005.41  5002.08  5977.87  4958.14  
UNDS1
Period   0 -3746.56  -3382.95  -3613.38  -3299.49  -3499.38  -3673.89  
Period   1 -2780.79  -2778.88  -3151.53  -2534.37  -3096.12  -5010.57  
Period   2 -2750.01  -2530.74  -2444.58  -3126.5  -2676.3  -3212.85  
Period   3 -3165.86  -3314.17  -3304.36  -3261.84  -3254.2  -3184.6  
Period   4 -3078.33  -3469.64  -3200.48  -3181.84  -3244.92  -3224.11  
Period   5 -3407.9  -3208.15  -3087.68  -3342.68  -3491.29  -3474.81  
SCENARIO 75
UNDS0
Period   0 3066.71  2815.65  3039.42  3591.06  3296.73  1517.52  
Period   1 4233.32  3436.81  2388.96  3673.45  5173.74  5477.83  
Period   2 5515.05  5975.64  4108.78  2709.29  926.026  850.176  
Period   3 6022.48  6090.3  5204.79  4320.5  6432.89  5658.27  
Period   4 6436.58  5096.25  6667.63  5783.98  7367.54  4594.7  
Period   5 6332.1  6711.3  5265.1  6545.03  6678.11  2083.11  
UNDS1
Period   0 -3399.17  -3652.06  -3369.97  -3176.76  -3241.08  -3579.52  
Period   1 -3353.44  -3434  -3555.16  -3409.72  -3167.16  -2654.68  
Period   2 -2625.02  -2629.88  -2716.81  -2897.74  -2582.53  -3195.49  
Period   3 -3062.31  -3234.55  -3052.25  -3030.39  -3278.16  -3589.34  
Period   4 -3382.19  -3184.23  -3145.62  -3300.34  -3156.08  -3404  
Period   5 -3070.56  -3357.22  -3273.53  -3368.75  -3366.39  -3439.19  
SCENARIO 76
UNDS0
Period   0 3770.87  3641.32  3666.57  3296.92  1706.8  1290.39  
Period   1 3910.31  4385  5740.47  5909.8  5862.02  3560.17  
Period   2 5984.92  5936.88  4942.48  1516.92  855.12  839.468  
Period   3 6169.42  4060.01  4707.72  4430.86  6480.19  3424.07  
Period   4 6806.91  7324.87  7607.7  3014.81  5162.62  4133.79  
Period   5 4523.23  5503.9  6776.33  3788.9  5963.04  6033.89  
UNDS1
Period   0 -3602.14  -3331.75  -3225.28  -3227.36  -3158.13  -3356  
Period   1 -3397.5  -3418.85  -2768.03  -3300.46  -2685.98  -3859.74  
Period   2 -2951.51  -3193.82  -2585.15  -2752.39  -2798.35  -3043.98  
Period   3 -3507.52  -2960.62  -2956.11  -3547.62  -3028.62  -3184.5  
Period   4 -3440.3  -3270.19  -3148.41  -3095.91  -3314.31  -3358.32  
Period   5 -3392.9  -3096.63  -3341.82  -3096.83  -3215.45  -3694.27  
SCENARIO 77
UNDS0
Period   0 3412.67  3721.36  3303.62  3093.23  2701.99  1133.44  
Period   1 5076.13  4829.46  4801.4  5563.96  3391.89  2905.32  
Period   2 4054.79  4656.17  5846.62  3741.52  908.736  872.815  
Period   3 6702.52  4917.12  4006.53  2092.57  6450.27  3882.78  
Period   4 8140.15  6845.76  5333.75  7809.75  6179.9  2402.34  
Period   5 6018.24  5223.28  6298.55  4905.91  3790.77  4850.24  
UNDS1
Period   0 -3209.04  -3548.45  -3238.17  -3568.53  -3350.5  -3136.16  
Period   1 -2665.19  -3050.98  -3403.51  -3870.7  -4032.79  -3265.74  
Period   2 -2627.43  -2591  -2593.1  -2654.16  -3035.45  -3237.08  
Period   3 -3054.03  -3363.15  -3190.19  -3225.01  -3141.51  -3071.35  
Period   4 -3083.87  -3555.5  -3254.51  -3208.71  -3151.92  -3194.21  
Period   5 -3578.78  -3551.69  -3214.54  -3035.1  -3419.01  -3077.84  
SCENARIO 78
UNDS0
Period   0 2719.05  3966.49  4080.6  3500.3  1891.6  1151.33  
Period   1 4424.58  5624.56  5245.9  4399.55  4241.18  4183.03  
Period   2 4869.93  5288.76  3948.19  4065.98  1119.94  805.96  
Period   3 6032.18  7288.22  5567.86  4692.37  6015.02  4504.81  
Period   4 5393.13  5552.92  5748.07  5219.96  6372.38  8170.82  
Period   5 6178.67  6075.54  5685.58  6030.19  5569.85  3475.79  
UNDS1
Period   0 -3461.66  -3407.29  -3366.07  -3194.34  -3279.78  -3272.84  
Period   1 -2796.62  -2741.99  -2849.44  -3360.1  -3355.8  -4242.79  
Period   2 -2799.58  -2657.35  -2507.52  -2595.92  -3334.14  -3001.93  
Period   3 -3242.79  -3128.77  -3239.08  -2997.31  -3029.77  -3419.93  
Period   4 -3433.84  -3072.09  -3145.02  -3295.42  -3358.97  -3506.16  
Period   5 -3245.84  -3375.65  -3150.28  -3222.44  -3382.47  -3649.46  
SCENARIO 79
UNDS0
Period   0 3252.54  3666.87  2127.39  3604.1  3548.5  1180  
Period   1 5022.24  4342.18  2784.66  4417.38  3623.72  3907.36  
Period   2 4913.49  6216.01  5034.26  2034.1  901.179  971.397  
Period   3 6211.43  6996.46  6637.54  4884.81  4860.55  4481.76  
Period   4 5738.73  7581.2  7641.79  5934.46  6741.53  3119.08  
Period   5 4629.99  6308.78  6032.49  6020.91  4386.64  6049.37  
UNDS1
Period   0 -3504.19  -3464.36  -3428.21  -3069.74  -3463.55  -3144.37  
Period   1 -3205.74  -3337.69  -3891.78  -3376.7  -2763.38  -3648.02  
Period   2 -2799.99  -2418.54  -2775.49  -2845.97  -3134.11  -3052.62  
Period   3 -3341.29  -2971.69  -2993.37  -3240.41  -3120.84  -3534.68  
Period   4 -3248.72  -3182.71  -3330.39  -3240.89  -3432.02  -3352.87  
Period   5 -3177.32  -3564.22  -3200.16  -3293.97  -3325.36  -3478.53  
SCENARIO 80
UNDS0
Period   0 3674.88  3781.95  3636.41  3539.33  1631.28  1128.28  
Period   1 4525.91  3077.91  5883.9  4434.85  4905.39  5096.65  
Period   2 4243.25  5472.32  5719.09  2085.9  1758.7  813.4  
Period   3 7159.87  7028.63  6875.7  6035.82  6012.74  2489.4  
Period   4 6263.49  6627.76  6816.72  7827.54  6320.96  3013.81  
Period   5 6771.08  4710.29  4897.74  6008.53  4485.37  5319.65  
UNDS1
Period   0 -3223.6  -3425.75  -3387.17  -3608.98  -3699.49  -3241.92  
Period   1 -3426.69  -2565.15  -3857.03  -2587.24  -2910.82  -4357.4  
Period   2 -2671.41  -2934.16  -2823.16  -2965.23  -2584.35  -2685.47  
Period   3 -3195.42  -3122.17  -3018.73  -3261.46  -3051.21  -3314.71  
Period   4 -3438.43  -3053.45  -3333.7  -3131.76  -3201.11  -3394.95  
Period   5 -3494.62  -3239.06  -3558.64  -3052.65  -3101.38  -3475.96  
SCENARIO 81
UNDS0
Period   0 2855.88  3393.8  3610.31  3569.18  2203.41  1647.66  
Period   1 5345.95  4390.61  5309.65  5588.4  3693.83  4885.17  
Period   2 4461.1  5940.07  5618  2137.21  1048.66  882.978  
Period   3 6837.04  5504.68  5273.99  6204.12  3873.32  7181.69  
Period   4 6861.05  6012.26  6668.84  4176.71  6889.07  5825.61  
Period   5 5549.96  5105.44  5517.08  6566.98  6139.73  3889.93  
UNDS1
Period   0 -3073.45  -3490.29  -3360.83  -3334.87  -3162.43  -3107.09  
Period   1 -3731.96  -3143.84  -2736.82  -3085.77  -3520.31  -3430.72  
Period   2 -3039.53  -2612.51  -2714.9  -3178.39  -2560.58  -3118.72  
Period   3 -2989.71  -3221.16  -3292.53  -3129.59  -3207.08  -3214.99  
Period   4 -3122.99  -3113.18  -3166.11  -3060.87  -3478.95  -3501.67  
Period   5 -3119  -3286.32  -3131.85  -3203.44  -3552.9  -3656.15  
SCENARIO 82
UNDS0
Period   0 3249.18  1954.37  3889.94  3069.78  2890.85  1637.64  
Period   1 5115.56  2416.73  5684.55  5011.83  4981.45  5848.42  
Period   2 5094.13  5107.08  5978.88  1422.26  1548.28  854.794  
Period   3 5486.91  6430.02  7117.4  4316.9  5598.73  6041.3  
Period   4 7454.35  7790.34  6699.02  8075.56  4635.13  2607.29  
Period   5 5635.72  6274.34  6713.26  3736.13  4515.73  5628.2  
UNDS1
Period   0 -3783.33  -3421.04  -3055.88  -3095.95  -3047.53  -3352.24  
Period   1 -3203.76  -3188.93  -3089.61  -3063.35  -4148.96  -3149.34  
Period   2 -2471.58  -2754.95  -2686.67  -2444.52  -2820.75  -3652.39  
Period   3 -3281.88  -3296.83  -3100.48  -3386.63  -3093.37  -3106.19  
Period   4 -3233.29  -3068.01  -3141.6  -3208.59  -3210.93  -3592.16  
Period   5 -3303.39  -3176.5  -3059.67  -3078.14  -3311.56  -3933.24  
SCENARIO 83
UNDS0
Period   0 2417.55  3623.29  3261.19  3336.8  2774.65  1703.81  
Period   1 6033.88  4536.55  4447.45  2978.36  4272.95  4275.44  
Period   2 3862.42  3165.2  2136.23  5232.78  3266.91  2238.61  
Period   3 5482.21  7091.46  7529.54  6670.74  5696.32  3679.81  
Period   4 5586.97  5865.67  4272.33  5509.38  6623.63  4148.39  
Period   5 6325.22  6443.22  3742.1  4331.57  5123.25  5900.36  
UNDS1
Period   0 -3525.01  -3870.68  -3270.22  -3180.74  -3152.89  -3087.65  
Period   1 -2648.14  -3026.77  -3599.24  -3090.83  -3035.65  -4180.1  
Period   2 -2802.26  -2986.45  -2415.19  -2517.36  -2825.1  -3146.28  
Period   3 -3223.86  -2950.4  -3413.87  -3048.82  -3293.94  -3304.35  
Period   4 -3251.94  -3064.39  -3126.34  -3030.14  -3503.83  -3498.54  
Period   5 -3156.95  -3216.56  -3165.32  -3163.08  -3508.58  -3849.48  
SCENARIO 84
UNDS0
Period   0 2744.62  3294.34  4124.31  2676.87  2904.57  1296.78  
Period   1 4902.85  2497.59  3829.46  3660.49  3999.82  4626.12  
Period   2 5746.17  2137.29  6181.4  3799.11  1375.26  842.042  
Period   3 4914.77  7237.82  7105.64  6842.24  5976.33  3960.58  
Period   4 5661.75  6136.14  7677.51  8128.06  7472.82  2080.43  
Period   5 4409.88  5461.07  5312.58  5100.97  5547.53  6642.77  
UNDS1
Period   0 -3591.05  -3622.99  -3091.96  -3444.84  -3282.87  -3550.49  
Period   1 -3637.27  -3141.88  -3132.91  -2858.49  -3127.04  -3582.88  
Period   2 -2672.66  -3312.54  -2948.04  -2637.56  -2972.31  -3106.8  
Period   3 -3009.82  -3112.36  -3187.5  -3044.21  -3105.56  -3695.04  
Period   4 -3378.06  -3071.45  -3153.51  -3356.69  -3434.12  -3407.65  
Period   5 -3347.21  -3454.49  -3284.07  -3198.96  -3244.29  -3622.35  
SCENARIO 85
UNDS0
Period   0 3501.25  3826.57  3307.22  3717.17  1482.52  1471.73  
Period   1 4363.45  5922.27  4691.98  5508.66  4605.19  2507.81  
Period   2 3849.17  4963.29  4365.81  4873.88  977.625  1047.28  
Period   3 7099.32  6716.18  6720.21  6611.19  6242.82  3123.69  
Period   4 7306.38  5916.13  4780.15  7063.03  6178.07  3500.18  
Period   5 6463.21  5584.83  5943.88  5688.34  4065.93  4833.04  
UNDS1
Period   0 -3532.39  -3294.04  -3325.75  -3204.67  -3288.59  -3499.84  
Period   1 -2867.02  -3738.74  -2730.46  -4081.93  -2505.82  -3198.73  
Period   2 -2948.58  -2744.21  -2709.6  -2574.49  -3281  -2744.72  
Period   3 -3006.47  -3234.72  -3123.34  -3001.46  -3186.57  -3547.54  
Period   4 -3138.19  -3215.43  -3420.92  -3306.57  -3198.45  -3275.93  
Period   5 -3163.15  -3719.34  -3302.68  -3126.96  -3395.31  -3259.26  
SCENARIO 86
UNDS0
Period   0 3911.62  3872.62  3359.09  3684.11  1353.08  1207.6  
Period   1 4119.01  3174.21  6012.77  4135.83  4701.36  4607.64  
Period   2 4970.08  5438.36  5452.77  2440.46  943.142  841.819  
Period   3 7282.5  7044.87  6337.05  7066.4  4827.12  2231.85  
Period   4 4903.15  6880.51  7238.3  6716.92  7438.13  3148.23  
Period   5 6637.49  6071.43  5458.92  6556.89  5804.84  2904.54  
UNDS1
Period   0 -3357.5  -2999.4  -3689.92  -3104.69  -3357.46  -3540.35  
Period   1 -2732.05  -2616.83  -3196.57  -2577.38  -2722.68  -5095.51  
Period   2 -2407.74  -2665.18  -3199.4  -2811.75  -2682.51  -2927.99  
Period   3 -3230.93  -3200.47  -3120.93  -3008.2  -3302.41  -3297.5  
Period   4 -3028.63  -3262.06  -3613.47  -3250.53  -3118.2  -3405.47  
Period   5 -3198.03  -3321.93  -3219.84  -3183.91  -3268.05  -3650.9  
SCENARIO 87
UNDS0
Period   0 2893.89  3330.31  3858.95  2986.2  2263.36  1910.49  
Period   1 3257.06  5585.57  4577.47  3390.64  5302.64  5695.13  
Period   2 5066.49  4808.74  5051.94  2373.23  1641.34  1055.58  
Period   3 6495.17  7159.98  6610.77  7020.28  7006.61  2192.56  
Period   4 6740.6  7572.71  6007.63  7606.68  7224.09  2049.7  
Period   5 6929.63  6289.59  5493.79  5867.37  3859.34  4087.85  
UNDS1
Period   0 -3424  -3002.57  -3292.14  -3204.48  -3439.29  -3213.87  
Period   1 -3267.91  -3150.66  -3468.6  -3239.9  -3565.91  -3231.73  
Period   2 -2448.15  -2426.82  -2541.62  -2500.12  -3103.17  -3582.72  
Period   3 -3275.5  -3071.29  -3332  -3123.9  -3161.47  -3164.76  
Period   4 -3184.79  -3225.15  -3243.46  -3082.64  -3210.53  -3556.02  
Period   5 -3121.22  -3265.97  -3341.96  -3185.77  -3236.56  -3660.74  
SCENARIO 88
UNDS0
Period   0 2902.63  3857.74  4061.13  3553.71  1793.54  1179.17  
Period   1 4216.09  5127.05  5051.19  1442.8  5448.66  5641.04  
Period   2 2920.23  4721.97  5365.96  3696.38  2362.59  1005.81  
Period   3 6640.77  7074.37  6688.61  5168.55  3995.61  5977.48  
Period   4 7882.8  7569.97  7112.19  7766.92  4142.81  2672.03  
Period   5 5373.59  6713.95  4988.17  4998.78  5326.85  5635.61  
UNDS1
Period   0 -3486.1  -3216.09  -3200.58  -3077.51  -3037.32  -3642.71  
Period   1 -3062.51  -3117.64  -3596.96  -2965.95  -3853.53  -2656.17  
Period   2 -2705.66  -2692.96  -2623.87  -2588.95  -2467.29  -3646.47  
Period   3 -3307.56  -3504.03  -3024.19  -3241.23  -3034.68  -3133.28  
Period   4 -3182.97  -3165.75  -3488.08  -3496.59  -3079.46  -3133.85  
Period   5 -3319.88  -3353.92  -3052.65  -3385.88  -3013.7  -3908.85  
SCENARIO 89
UNDS0
Period   0 3036.03  3774.5  2377.55  3548.72  2493.14  1760.56  
Period   1 4334.04  5454.85  4678.72  5164.7  4974.91  2716.87  
Period   2 3710.55  5192.47  5583.67  3176.54  1566.55  841.663  
Period   3 6542  4169.83  5727.5  6408.19  6495.33  5267.54  
Period   4 7837.44  7359.83  4433.11  7215.45  5960.57  3703.39  
Period   5 6539.35  6556.67  5869.21  4914.56  5928.23  3337.52  
UNDS1
Period   0 -3245.69  -3737.23  -3156.4  -3746.87  -3084.31  -3146.2  
Period   1 -2865.46  -2822.74  -2994.86  -3243.87  -3455.75  -3908.32  
Period   2 -2637.37  -2884.56  -3008.88  -2747.48  -2626.52  -3018.52  
Period   3 -3131.57  -3283.77  -3062.2  -3014.33  -3266.14  -3387.73  
Period   4 -3183.17  -3185.71  -3018.99  -3466.1  -3203.52  -3551.81  
Period   5 -3221.42  -3185.27  -3221.55  -3277.1  -3107.82  -3849.59  
SCENARIO 90
UNDS0
Period   0 3397.88  3673.64  3320.22  2589.7  2029.15  2293.18  
Period   1 5141.58  4087.16  5597.04  5535.64  2224.82  5828.1  
Period   2 4703.26  4490.88  5472.04  3006.52  1477.49  944.012  
Period   3 5355.34  5199.97  6746.36  5005.03  4166.72  7246.74  
Period   4 3805.86  6712.14  6793.44  6757.29  5597.49  5959.61  
Period   5 5503.26  6630.77  5512.51  4701.69  3716.58  6437.82  
UNDS1
Period   0 -3232.88  -3276.79  -3131.93  -3366.08  -3414.15  -3504.56  
Period   1 -2502.45  -3108.61  -3142.93  -4167.39  -2819.88  -4125.19  
Period   2 -3006.02  -2948.62  -2724.95  -2691.95  -2674.73  -2625.28  
Period   3 -3168.74  -3113.83  -3084.49  -2961.22  -3624.6  -3156.11  
Period   4 -3339.15  -3168.36  -3184.73  -3242.67  -3212.16  -3440.59  
Period   5 -3320.9  -3279.17  -3107.2  -3277.92  -3448.26  -3403.32  
SCENARIO 91
UNDS0
Period   0 3809.07  3999.1  3566.29  2617.09  1803.02  1331.64  
Period   1 5239.39  4829.82  4101.56  5358.71  4362.48  5915.64  
Period   2 5282.53  5513.26  4180.75  1599.33  2239.05  1166.45  
Period   3 6312.33  3881.36  6735.43  4151.09  6750.68  6580.54  
Period   4 7224.9  4476.6  5948.09  5853.02  6556.02  5785.53  
Period   5 5930.22  5863.58  5430.45  5879.32  5487.43  4591.57  
UNDS1
Period   0 -2978.57  -3347.2  -3067.44  -3319.38  -3091.61  -3881.9  
Period   1 -2715.95  -3682.42  -3169.96  -2852.54  -3338.97  -3363.15  
Period   2 -3502.49  -2491.47  -2615.04  -2814.57  -2897.5  -2653.81  
Period   3 -3175.82  -3049.41  -3148.6  -3130.85  -3213  -3373.2  
Period   4 -3122.94  -3302.39  -3274.91  -3137.72  -3292.29  -3333.38  
Period   5 -3122.57  -3104.95  -3245.02  -3521.81  -3340.99  -3732.35  
SCENARIO 92
UNDS0
Period   0 2450.59  3851.92  2177.28  3408.25  2253.11  2466.57  
Period   1 4526.52  5615.85  5066.54  4318.9  3133.91  3306.27  
Period   2 5972.51  6072.07  4362.27  1651.51  1192.4  840.7  
Period   3 5874.25  3379.28  3332.65  6491.3  6592.12  5338.26  
Period   4 6363.65  7861.8  8134.12  6360.31  6210.03  2313.1  
Period   5 5888.05  4458.83  6509.21  3819.36  6107.66  5712.01  
UNDS1
Period   0 -3221.82  -3320.59  -3185.28  -3239.22  -3205.36  -3342.56  
Period   1 -3610.48  -3404.56  -4104.36  -3531.36  -2790.5  -3272.91  
Period   2 -2851.52  -2936.43  -3445.07  -2618.35  -2533.31  -2877.2  
Period   3 -3038.55  -3180.48  -3277.54  -3012.78  -3150.65  -3312.27  
Period   4 -3466.07  -3310.81  -3281.68  -3046.56  -3187.77  -3146.28  
Period   5 -3527.03  -3472.12  -3340.64  -3401.72  -3370.44  -3275.47  
SCENARIO 93
UNDS0
Period   0 3747.92  2911.31  2327.99  2674.34  2587.85  2551.75  
Period   1 4696.64  5104.83  2255.83  3654.07  3651.34  3871.87  
Period   2 5513.44  6224.62  3326.49  3157.84  971.957  863.507  
Period   3 6499.88  6389.16  6571.51  6713.23  4451.27  4291.19  
Period   4 7415.1  7564.74  5309  7379.87  6689.67  2745.66  
Period   5 4361.24  5295.02  5651.93  5316.47  5858.22  4997.75  
UNDS1
Period   0 -3267.24  -3256.78  -3445.92  -3202.06  -3568.93  -3125.04  
Period   1 -2922.25  -3038.32  -4173.74  -2774.64  -2782.44  -3518.41  
Period   2 -2707.6  -3089.93  -2567.73  -2479.89  -2890.06  -3200.48  
Period   3 -3116.73  -3347.08  -3319.38  -3120.48  -3071.92  -3285.9  
Period   4 -3040.12  -3203.21  -3080.5  -3044.08  -3290.09  -3753.46  
Period   5 -3196.51  -3624.44  -3364.16  -3230.13  -3236.14  -3226.36  
SCENARIO 94
UNDS0
Period   0 3972.2  2991.29  2744.48  3076.15  2599.39  1454.84  
Period   1 4521.06  5411.01  3983.71  4934.68  5478.76  4254.77  
Period   2 6493.35  3820.64  5371.08  2480.38  1086.19  838.634  
Period   3 6061.48  5954.03  5477.38  6612.6  4510.57  7645.65  
Period   4 4254.9  5977.35  7348.71  7193.77  6286.68  5690.31  
Period   5 6104.14  5886.09  4189.15  3934.94  3881.78  5379.86  
UNDS1
Period   0 -3049.17  -3364.15  -3280.67  -3194.43  -3391.17  -3343.06  
Period   1 -3201.94  -3110.25  -2879.44  -3281.98  -3085.77  -4183.37  
Period   2 -2751.92  -3069.75  -2627.84  -2718.62  -2481.98  -3241.92  
Period   3 -3226.6  -3147.2  -3128.23  -3212.86  -3010.22  -3345.09  
Period   4 -3331.88  -3067.85  -3109.45  -3446.29  -3259.08  -3281.72  
Period   5 -3107.5  -3281.81  -3625.96  -3272.19  -3368.87  -3215.31  
SCENARIO 95
UNDS0
Period   0 3692.27  3206.32  2704.9  3651.41  2395.89  1551.74  
Period   1 3664.17  2383.04  4013.84  4109.83  3827.93  4208.05  
Period   2 3369.22  5775.31  6332.37  2910.62  892.988  812.826  
Period   3 5876.94  7179.13  6580.85  6999.58  6416.56  3473.54  
Period   4 6705.18  7704  5760.4  5320.9  6905.5  4003.85  
Period   5 3748.65  4862.51  4847.32  6006.01  5652.17  6256.94  
UNDS1
Period   0 -3075.48  -3350.4  -3386.13  -3163.65  -3592.98  -3597.6  
Period   1 -2651.5  -4041.11  -3116.62  -3214.37  -2904.42  -4255.81  
Period   2 -3098.12  -2662.7  -2918.47  -2475.32  -2862.67  -2640.31  
Period   3 -3128.03  -3090.27  -3151.89  -3106.56  -3182.06  -3386.14  
Period   4 -3053.49  -3154.83  -3186.95  -3281.15  -3061.17  -3676.19  
Period   5 -3181.22  -3243.32  -3279.47  -3626.48  -3067.23  -3531.01  
SCENARIO 96
UNDS0
Period   0 3738.05  3624.62  3154.4  3618.18  1880.28  1268  
Period   1 3761.81  5937.52  5317.25  5512.02  3462.66  4782.07  
Period   2 3074.35  3978.31  6464.34  2892.34  2039.67  1553.32  
Period   3 4345.12  5422.71  6219.14  4256.49  5615.37  7172.32  
Period   4 6021.65  5802.66  7093.92  7074.81  7947.27  2721.58  
Period   5 5584.2  5133.33  3303.18  5778.44  5983.39  6653.18  
UNDS1
Period   0 -3343.19  -3126.43  -3014.41  -3403.79  -3082.71  -3829.76  
Period   1 -2917.47  -2979.97  -3692.58  -3405.53  -3724.79  -3883.2  
Period   2 -2590.37  -2413.8  -2367.41  -2575.87  -2895.37  -3709.44  
Period   3 -3046.51  -3030.08  -3123.84  -3087.74  -3264.97  -3474.39  
Period   4 -3198.84  -3346.65  -3138.35  -3087.56  -3350.65  -3366.27  
Period   5 -3591.32  -3132.55  -3457.91  -3162.36  -3233.46  -3621.12  
SCENARIO 97
UNDS0
Period   0 4150.51  2348.29  3358.2  3352.11  2701.85  1441.58  
Period   1 5873.71  5535.89  5070.88  4390.08  5163.64  4013.57  
Period   2 4976.89  4704.97  6489.7  2096.02  1024.73  804.018  
Period   3 5617.3  5454.83  6562.02  6257.27  6753.59  5618.19  
Period   4 6555.22  5024.2  7801.37  6124.42  8040.29  3136.44  
Period   5 5199.52  6326.41  5891.5  5740.05  6209.09  3226.99  
UNDS1
Period   0 -3190.44  -3139.21  -3635.09  -3046.03  -3014.41  -3622.09  
Period   1 -3194.64  -2823.24  -3351.01  -3627.35  -2889.27  -3521.04  
Period   2 -2524.68  -2515.65  -2572.7  -2999.48  -2677.51  -3315.95  
Period   3 -3155.87  -3400.73  -3027.53  -3413.16  -3439.78  -3361.09  
Period   4 -3285.82  -3461.4  -3401.71  -3246.37  -3141.2  -3506.01  
Period   5 -3333.11  -3142.73  -3437.59  -3187.94  -3110.17  -3763.29  
SCENARIO 98
UNDS0
Period   0 3788.33  3505.74  3512.45  3776.86  1545.11  1186.03  
Period   1 6042.36  4600.61  2151.69  3932.95  4182.95  4452.13  
Period   2 6411.47  5436.95  5331.01  1080.78  937.65  870.954  
Period   3 6125.41  7556.27  6528.25  5280.32  6588.79  3836.14  
Period   4 6425.03  6385.34  7517.18  4425.16  7665.56  4626.31  
Period   5 5755.4  6139.39  6496.89  6269.14  6262.1  2707.41  
UNDS1
Period   0 -3257.48  -3194.2  -3577.91  -3500.83  -3011.42  -3234.58  
Period   1 -3738.57  -3206.37  -2980.03  -3196.23  -3368.56  -2604.4  
Period   2 -2950.43  -2586.57  -2598.52  -2880.17  -2854.61  -3174.86  
Period   3 -3252.39  -2973.3  -3086.89  -3224.18  -3036.63  -3478.97  
Period   4 -3219.57  -3138.82  -3270.18  -3014.14  -3352.54  -3467.98  
Period   5 -3452.24  -3180.58  -3303.25  -3421.82  -3081.81  -3486  
SCENARIO 99
UNDS0
Period   0 3569.96  3505.25  3633.21  4090.07  1391.62  1193.46  
Period   1 3667.21  5836.76  5742.38  3037.18  5470.66  4867.71  
Period   2 3119.18  2785.62  5573.24  5040.9  2343.42  1206.53  
Period   3 5256.13  4946.94  6057.6  2906.16  5862.98  5339.28  
Period   4 5031.85  6358.17  4214.5  7257.8  6628.6  5022.45  
Period   5 5621.36  5373.08  4484.24  5409.68  6065.18  4260.36  
UNDS1
Period   0 -3220.51  -3078.47  -3072.25  -3356.63  -3313.74  -3572.35  
Period   1 -4078.86  -3470.84  -2745.04  -2846.12  -3252.81  -3368.38  
Period   2 -2549.7  -2776.49  -3328.46  -3252.09  -3172.96  -2773.31  
Period   3 -3038.54  -2995.51  -3099.22  -3023.5  -3212.33  -3584.83  
Period   4 -3215.81  -3145.02  -3091.49  -3311.96  -3159.3  -3528.44  
Period   5 -3366.14  -3146.21  -3550.52  -3388.23  -3108.68  -3443.34  

