Instance	6	6
Horizon     6
Period	0	6	48	
Period	1	6	48	
Period	2	6	48	
Period	3	6	48	
Period	4	6	48	
Period	5	6	48	
Contract	0	19.8	31	5000	7200	0	1200	
Contract	0	22.2	33	4000	9000	102	1500	
Contract	0	262.6027398	6.017	15300	18000	0	3000	
Contract	0	193.1506848	6.893	15300	18000	0	3000	
Contract	0	152.8767126	8.035	10000	18000	0	3000	
Contract	0	107.2602738	10.114	0	15000	0	3000	
Contract	0	525.2054796	6.017	30600	36000	0	6000	
Contract	0	386.3013696	6.893	30600	36000	0	6000	
Contract	0	305.7534246	8.035	20000	36000	0	6000	
Contract	0	214.5205482	10.114	0	30000	0	6000	
Contract	0	787.8082194	6.017	45900	54000	0	9000	
Contract	0	579.452055	6.893	45900	54000	0	9000	
Contract	0	458.6301372	8.035	30000	54000	0	9000	
Contract	0	321.780822	10.114	0	45000	0	9000	
Contract	0	1050.4109592	6.017	61200	72000	0	12000	
Contract	0	772.6027398	6.893	61200	72000	0	12000	
Contract	0	611.5068492	8.035	40000	72000	0	12000	
Contract	0	429.0410958	10.114	0	60000	0	12000	
Contract	0	19.8	31	5000	7200	0	1200	
Contract	0	22.2	33	4000	9000	102	1500	
Contract	1	262.6027398	6.017	15300	18000	0	3000	
Contract	1	193.1506848	6.893	15300	18000	0	3000	
Contract	1	152.8767126	8.035	10000	18000	0	3000	
Contract	1	107.2602738	10.114	0	15000	0	3000	
Contract	1	525.2054796	6.017	30600	36000	0	6000	
Contract	1	386.3013696	6.893	30600	36000	0	6000	
Contract	1	305.7534246	8.035	20000	36000	0	6000	
Contract	1	214.5205482	10.114	0	30000	0	6000	
Contract	1	787.8082194	6.017	45900	54000	0	9000	
Contract	1	579.452055	6.893	45900	54000	0	9000	
Contract	1	458.6301372	8.035	30000	54000	0	9000	
Contract	1	321.780822	10.114	0	45000	0	9000	
Contract	1	1050.4109592	6.017	61200	72000	0	12000	
Contract	1	772.6027398	6.893	61200	72000	0	12000	
Contract	1	611.5068492	8.035	40000	72000	0	12000	
Contract	1	429.0410958	10.114	0	60000	0	12000	
Contract	1	19.8	31	5000	7200	0	1200	
Contract	1	22.2	33	4000	9000	102	1500	
Contract	1	262.6027398	6.017	15300	18000	0	3000	
Contract	1	193.1506848	6.893	15300	18000	0	3000	
Contract	2	152.8767126	8.035	10000	18000	0	3000	
Contract	2	107.2602738	10.114	0	15000	0	3000	
Contract	2	525.2054796	6.017	30600	36000	0	6000	
Contract	2	386.3013696	6.893	30600	36000	0	6000	
Contract	2	305.7534246	8.035	20000	36000	0	6000	
Contract	2	214.5205482	10.114	0	30000	0	6000	
Contract	2	787.8082194	6.017	45900	54000	0	9000	
Contract	2	579.452055	6.893	45900	54000	0	9000	
Contract	2	458.6301372	8.035	30000	54000	0	9000	
Contract	2	321.780822	10.114	0	45000	0	9000	
Contract	2	1050.4109592	6.017	61200	72000	0	12000	
Contract	2	772.6027398	6.893	61200	72000	0	12000	
Contract	2	611.5068492	8.035	40000	72000	0	12000	
Contract	2	429.0410958	10.114	0	60000	0	12000	
Contract	2	19.8	31	5000	7200	0	1200	
Contract	2	22.2	33	4000	9000	102	1500	
Contract	2	262.6027398	6.017	15300	18000	0	3000	
Contract	2	193.1506848	6.893	15300	18000	0	3000	
Contract	2	152.8767126	8.035	10000	18000	0	3000	
Contract	2	107.2602738	10.114	0	15000	0	3000	
Contract	3	525.2054796	6.017	30600	36000	0	6000	
Contract	3	386.3013696	6.893	30600	36000	0	6000	
Contract	3	305.7534246	8.035	20000	36000	0	6000	
Contract	3	214.5205482	10.114	0	30000	0	6000	
Contract	3	787.8082194	6.017	45900	54000	0	9000	
Contract	3	579.452055	6.893	45900	54000	0	9000	
Contract	3	458.6301372	8.035	30000	54000	0	9000	
Contract	3	321.780822	10.114	0	45000	0	9000	
Contract	3	1050.4109592	6.017	61200	72000	0	12000	
Contract	3	772.6027398	6.893	61200	72000	0	12000	
Contract	3	611.5068492	8.035	40000	72000	0	12000	
Contract	3	429.0410958	10.114	0	60000	0	12000	
Contract	3	19.8	31	5000	7200	0	1200	
Contract	3	22.2	33	4000	9000	102	1500	
Contract	3	262.6027398	6.017	15300	18000	0	3000	
Contract	3	193.1506848	6.893	15300	18000	0	3000	
Contract	3	152.8767126	8.035	10000	18000	0	3000	
Contract	3	107.2602738	10.114	0	15000	0	3000	
Contract	3	525.2054796	6.017	30600	36000	0	6000	
Contract	3	386.3013696	6.893	30600	36000	0	6000	
Contract	4	305.7534246	8.035	20000	36000	0	6000	
Contract	4	214.5205482	10.114	0	30000	0	6000	
Contract	4	787.8082194	6.017	45900	54000	0	9000	
Contract	4	579.452055	6.893	45900	54000	0	9000	
Contract	4	458.6301372	8.035	30000	54000	0	9000	
Contract	4	321.780822	10.114	0	45000	0	9000	
Contract	4	1050.4109592	6.017	61200	72000	0	12000	
Contract	4	772.6027398	6.893	61200	72000	0	12000	
Contract	4	611.5068492	8.035	40000	72000	0	12000	
Contract	4	429.0410958	10.114	0	60000	0	12000	
Contract	4	22.2	41	1000	7000	0	1500	
Contract	4	24.6	44	7000	10800	0	1800	
Contract	4	24.6	43	5000	10800	300	1800	
Contract	4	75	44	7000	12000	696	3600	
Contract	4	262.6027398	7.396	15300	18000	0	3000	
Contract	4	193.1506848	10.774	15300	18000	0	3000	
Contract	4	152.8767126	14.692	10000	18000	0	3000	
Contract	4	107.2602738	22.112	0	15000	0	3000	
Contract	4	525.2054796	7.396	30600	36000	0	6000	
Contract	4	386.3013696	10.774	30600	36000	0	6000	
Contract	5	305.7534246	14.692	20000	36000	0	6000	
Contract	5	214.5205482	22.112	0	30000	0	6000	
Contract	5	787.8082194	7.396	45900	54000	0	9000	
Contract	5	579.452055	10.774	45900	54000	0	9000	
Contract	5	458.6301372	14.692	30000	54000	0	9000	
Contract	5	321.780822	22.112	0	45000	0	9000	
Contract	5	1050.4109592	7.396	61200	72000	0	12000	
Contract	5	772.6027398	10.774	61200	72000	0	12000	
Contract	5	611.5068492	14.692	40000	72000	0	12000	
Contract	5	429.0410958	22.112	0	60000	0	12000	
Contract	5	22.2	41	1000	7000	0	1500	
Contract	5	24.6	44	7000	10800	0	1800	
Contract	5	24.6	43	5000	10800	300	1800	
Contract	5	75	44	7000	12000	696	3600	
Contract	5	262.6027398	7.396	15300	18000	0	3000	
Contract	5	193.1506848	10.774	15300	18000	0	3000	
Contract	5	152.8767126	14.692	10000	18000	0	3000	
Contract	5	107.2602738	22.112	0	15000	0	3000	
Contract	5	525.2054796	7.396	30600	36000	0	6000	
Contract	5	386.3013696	10.774	30600	36000	0	6000	
DrivableS	DS0	0
P	-2280	-2280	-2280	-2280	-2280	-2280	
Pmin	0	0	0	0	0	-6000	
Pmax	-6000	0	0	0	0	-15000	
DrivableS	DS1	12
P	2667	2667	2667	2667	2667	2667	
Pmin	0	0	0	0	0	0	
Pmax	2667	2667	2667	2667	2667	2667	
NDrivableS	NDS0	0																							
P	-80289	-72516	-73166	-78921	-80295	-80862
Storage	STOR0	0.3	0	36480	10000	0	1280	1280																	
UNDS	UNDS0	0																							
Pmin	6800	500	5300	9500	11400	11400
Pmax	17400	30600	20100	36700	37300	33700
Pdt_min	1100	0	800	1500	1900	1900
Pdt_max	4200	6400	6700	7700	8300	7100
UNDS	UNDS1	0
Pmin	-22805.13622	-27739.65778	-20889.5634	-21523.12542	-21905.9726	-22728.7646
Pmax	-19473.324758	-18915.493264	-16520.582642	-18927.790322	-19386.130404	-19781.120858
Pdt_min	-4084.320876	-5375.492472	-3808.949344	-3788.281594	-3814.186	-3977.632236
Pdt_max	-2973.717056	-2434.104298	-2352.622422	-2923.169898	-2974.2386	-2995.084326
NBScenarios 100
SCENARIO 0
UNDS0
Period   0 2458.34  1451.13  2081.52  1704.7  1649.62  1620.11  
Period   1 1070.8  2092.03  629.756  4206.07  3668.51  2063.27  
Period   2 1556.39  2143.49  2129.16  1767.42  2494.08  2816.34  
Period   3 2159.85  2790.27  5090.67  4258.59  3762.41  2431.83  
Period   4 5309.89  4861.8  2707.31  4578.07  2119.05  5205.52  
Period   5 2842.36  2342.16  2788.27  3490.16  3627.8  2782.74  
UNDS1
Period   0 -3997.84  -3700.74  -3641.1  -3757.81  -3756.71  -3152.57  
Period   1 -4941.47  -4287.25  -5035.88  -5261.85  -4809.66  -3185.76  
Period   2 -3576.37  -3568.64  -2818.89  -3521.53  -3488.89  -3542.63  
Period   3 -3612.25  -3321.06  -3532.22  -3301.02  -3749.52  -3449.94  
Period   4 -3711.83  -3715.25  -3567.97  -3561.53  -3622.1  -3661.13  
Period   5 -3870.44  -3795.31  -3378.5  -3513.51  -3677.23  -3688.4  
SCENARIO 1
UNDS0
Period   0 3056.25  2021.39  1626.28  1456.19  2006.21  1719.9  
Period   1 3574.09  1767.41  1132.54  2163.99  2476.57  772.411  
Period   2 1584.41  2221.46  2427.52  2282.4  2200.56  1252.65  
Period   3 3644.79  3381.72  2391.63  2865.43  2550.26  3713.36  
Period   4 5104.11  3278.98  4955.43  4771.74  2390.11  4718.07  
Period   5 2613.92  2556.35  3916.58  2472.82  3713.8  2687.16  
UNDS1
Period   0 -3644.43  -3468.61  -3860.73  -3728.32  -3789.59  -3846.05  
Period   1 -4105.65  -4475.65  -4784.93  -5015.36  -4776.61  -3340.38  
Period   2 -3370.28  -3638.97  -3444.84  -3388.21  -3452.44  -3424.96  
Period   3 -3608.71  -3414.51  -3591.38  -3490.73  -3468.82  -3591.42  
Period   4 -3683.36  -3712.82  -3607.86  -3494.97  -3715.83  -3346.63  
Period   5 -3726.45  -3711.3  -3632.46  -3532.29  -3292  -3764.17  
SCENARIO 2
UNDS0
Period   0 2077.45  1470.73  1442.42  1519.68  1408.99  2132.73  
Period   1 2005.33  2641.82  1186.18  2127.58  736.79  102.568  
Period   2 2741.87  1826.96  2360.5  1567.22  2212.41  1461.85  
Period   3 2663.66  1737.56  4740.81  3153.95  3036.44  3351.38  
Period   4 2517.09  5543.42  5547.07  2805.68  3986.12  2907.75  
Period   5 4007.09  5180.08  2799.75  4308.1  4425.13  3113.31  
UNDS1
Period   0 -3759.95  -4061.29  -3710.19  -3717.86  -3592.48  -3780.31  
Period   1 -3984.88  -4514.43  -4413.26  -4318.13  -4161.4  -4625.69  
Period   2 -3745.63  -3319.93  -3312.96  -3776.53  -3391.31  -3131.13  
Period   3 -3584.34  -3653.2  -3707.07  -3312.57  -3746.9  -3328.29  
Period   4 -3261.61  -3699.32  -3597.65  -3622.54  -3318.61  -3738.1  
Period   5 -3727.36  -3684.56  -3762.28  -3634.92  -3857.28  -3799.6  
SCENARIO 3
UNDS0
Period   0 2021.54  1789.37  3203.66  2356.05  1400.8  1635.81  
Period   1 1971.9  2187.53  1908.27  1761.98  1396.12  511.125  
Period   2 2984.32  2355.15  2644.19  2478.26  2748.48  1640.18  
Period   3 3133.77  2983.07  2494.13  4147.17  3608.43  2687.15  
Period   4 4057.4  2179.34  4446.48  5060.8  3011.27  3271.57  
Period   5 4261.41  3238.97  3712.24  3981.73  4026.04  2136.76  
UNDS1
Period   0 -3604.47  -3876.36  -3872.72  -3372.83  -3657.83  -3860.58  
Period   1 -4587.03  -4676.19  -3953.38  -4661  -4961.85  -4401.81  
Period   2 -3669.8  -3693.51  -3214.55  -3517.32  -3413.76  -3218.8  
Period   3 -3560.05  -3579.6  -3611.05  -3474.74  -3371.49  -3509.57  
Period   4 -3679.39  -3598.52  -3663.81  -3500.67  -3696.82  -3267.14  
Period   5 -3946.57  -3367.09  -3727.02  -3882.23  -3863.78  -3767.69  
SCENARIO 4
UNDS0
Period   0 3245.4  1563.1  2617.05  1924.08  2040.86  1852.05  
Period   1 2033.62  1099.14  2247.36  2557.7  1034.85  2425.14  
Period   2 1216.7  1175.1  3150.56  4867.11  988.023  1621.44  
Period   3 1748.67  4205.71  2509.6  2156.62  2159.28  2500.61  
Period   4 5445.6  3911.63  4114.48  4635.81  3485.38  3961.02  
Period   5 3474.52  4868.02  2822.95  3335.31  3386.5  2915.18  
UNDS1
Period   0 -3780.03  -3969.55  -3753.04  -3987.38  -3853.26  -3359.37  
Period   1 -3815.85  -4347.36  -4583.8  -4709.9  -4449.47  -4450.68  
Period   2 -2944.82  -3167.1  -3627.81  -3494.3  -2998.2  -3519.08  
Period   3 -3370.21  -3691.33  -3529.75  -3420.72  -3562.85  -3461.12  
Period   4 -3482.7  -3628.5  -3484.67  -3744.06  -3535.12  -3755.6  
Period   5 -3823.18  -3432.17  -3757.69  -3467.38  -3636.41  -3184.2  
SCENARIO 5
UNDS0
Period   0 3090.72  1834.43  1703.62  2541.65  2311.15  1893.5  
Period   1 3112.67  1937.35  985.133  792.979  486.787  3011.14  
Period   2 1096.17  3028.87  2521.04  3256.9  3484.89  1181.95  
Period   3 2250.73  4334.31  2536.8  2554.44  4178.54  3870.59  
Period   4 3351.43  3648.09  3333.8  2335.84  6747.71  3798.1  
Period   5 4490.45  2436.76  2248.68  2492.59  3476.86  2492.45  
UNDS1
Period   0 -3883.22  -3670.09  -3740.02  -3793.62  -3385.3  -3978.91  
Period   1 -4848.56  -4556.71  -4415.51  -5200.64  -4545.01  -3941.7  
Period   2 -3587.16  -3322.28  -3407.61  -3680.14  -3748.45  -2884.5  
Period   3 -3504.79  -3341.09  -3622.66  -3567.16  -3627.86  -3465.51  
Period   4 -3737.64  -3430.14  -3753.05  -3416.15  -3733.87  -3406.81  
Period   5 -3658.95  -3566.99  -3862.45  -3569.57  -3607.9  -3280.79  
SCENARIO 6
UNDS0
Period   0 1574.98  2726.21  1676.43  2944.5  2485.62  1686.3  
Period   1 1998.11  5160.82  1363.44  560.178  2511.62  3427.88  
Period   2 1876.59  1899.61  2773.18  3001.58  1288.27  1412.12  
Period   3 2054.04  5213.15  4893  3796  3103.64  2717.1  
Period   4 3558.73  4319.68  3725.23  4044.2  4047.05  2410.35  
Period   5 4071.92  2255.12  3594.55  2790.88  1919.1  4359.73  
UNDS1
Period   0 -3915.74  -3939.4  -3483.3  -3902.32  -3976.61  -3502.08  
Period   1 -4795.55  -3842.65  -4637.27  -3966.67  -4623.76  -5067.69  
Period   2 -3022.89  -3560.78  -3072.7  -2770.25  -3153.55  -3437.78  
Period   3 -3627.73  -3586.41  -3468.24  -3264.57  -3719.35  -3686.99  
Period   4 -3656.49  -3773.58  -3519.2  -3399.8  -3514.4  -3624.62  
Period   5 -3617.64  -3724.6  -3428.5  -3454.9  -3453.36  -3809.21  
SCENARIO 7
UNDS0
Period   0 1858.91  1678.14  2022.44  1554.12  1236.19  2526.74  
Period   1 1649.08  1252.99  1150.56  584.18  3634.78  1125.78  
Period   2 1596.45  3752.04  2515.21  3219.82  1402.1  2264.38  
Period   3 2785.09  2226  4469.15  2758.17  6118.9  1665.09  
Period   4 3523.3  5057.12  4047.41  2577.59  3085.17  2460.89  
Period   5 2997.94  3971.89  2599.56  2465.74  3377.58  4193.2  
UNDS1
Period   0 -3705.99  -3714.09  -3441.93  -3683.45  -3358.71  -4035.14  
Period   1 -5185.73  -4209.48  -4489.14  -4644.87  -4521.88  -4138.51  
Period   2 -3781.88  -3386.79  -3507.92  -3041.49  -3648.86  -3285.11  
Period   3 -3713.06  -3695.93  -3551.94  -3575.95  -3203.49  -3604.84  
Period   4 -3641.42  -3574.43  -3398  -3483.37  -3477.07  -3607.9  
Period   5 -3613.99  -3639.55  -3891.59  -3632.98  -3652.77  -3671.98  
SCENARIO 8
UNDS0
Period   0 2096.76  2403.86  1329.78  1792.5  1905.56  3146.63  
Period   1 2226.71  1260.37  1954.04  4720.76  1805.56  1525.67  
Period   2 4390.07  2420.73  1468.32  3009.29  2096.44  1610.3  
Period   3 4214.89  5502.28  2627.6  4272.33  4133.59  5376.19  
Period   4 4036.83  3444.65  2653.03  4192.9  4040.2  5135.6  
Period   5 2966.4  4118.96  2638.76  2657.17  3047.86  2443.93  
UNDS1
Period   0 -3834.35  -3515.7  -3937.17  -3874.38  -3437.8  -3544.32  
Period   1 -5347.2  -4261.56  -4796.26  -5002.05  -4038.43  -3866.21  
Period   2 -3049.44  -3514.79  -3346.33  -3417.37  -3483.58  -3119.4  
Period   3 -3710.07  -3641.48  -3544.33  -3717.64  -3553.84  -3278.45  
Period   4 -3695.04  -3723.03  -3398.59  -3685.31  -3630.65  -3358.72  
Period   5 -3892.39  -3680.31  -3759.9  -3897.09  -3521.67  -3814.62  
SCENARIO 9
UNDS0
Period   0 1549.08  1973.22  1954.39  2124.99  1585.06  1479.99  
Period   1 2491.22  1548.92  1265.9  984.739  2666.17  2684.28  
Period   2 3986.66  1608.1  4440.86  1160.6  4004.39  2072.58  
Period   3 5393.85  2750.1  2038.5  3357.05  2668.84  3008.61  
Period   4 4447.58  3124.91  3525.98  2656.97  2490.56  4119.04  
Period   5 3840.38  2496.19  3071.58  3801.11  3133.85  2568  
UNDS1
Period   0 -3822.09  -3785.02  -3856.73  -3881.21  -3699.52  -3744.45  
Period   1 -5053.33  -5043.31  -4468.12  -4852.28  -4640.18  -3066.5  
Period   2 -3422.78  -3673.83  -3149.92  -3597.36  -3747.1  -3118.05  
Period   3 -3539.36  -3715.68  -3706.61  -3365.43  -3615.2  -3470.14  
Period   4 -3301.42  -3574.98  -3529.34  -3786.83  -3783.81  -3746.48  
Period   5 -3887.57  -3893.66  -3744.47  -3767.34  -3783.69  -3231.52  
SCENARIO 10
UNDS0
Period   0 2177.15  2345.77  2487.56  2086.22  2944.21  2970.98  
Period   1 681.549  2452.54  1573.44  1179.85  351.816  2527.84  
Period   2 1101.93  1709.65  2044.17  3683.71  3497.87  3352.41  
Period   3 4312.76  2129.1  2302.92  3728.31  4599.25  1772.64  
Period   4 4343.82  3919.64  5445.21  3939.51  2356.85  4260.84  
Period   5 2831.63  3351.8  2586.86  2481.07  2751.59  2789.8  
UNDS1
Period   0 -3966.8  -3892.79  -4063.45  -3774.2  -3908.74  -3169.64  
Period   1 -4235.84  -4647.23  -5073.54  -5293.43  -4665.79  -3135.52  
Period   2 -3280.33  -3231.22  -3250.62  -3129.81  -3208.26  -3234.28  
Period   3 -3671.37  -3534.65  -3444.04  -3427.34  -3541.59  -3614.5  
Period   4 -3565.53  -3530.2  -3707.74  -3588.83  -3559.49  -3661.49  
Period   5 -3655.85  -3493.56  -3712.55  -3422.95  -3824.99  -3758.39  
SCENARIO 11
UNDS0
Period   0 1871.37  2328.61  1294.9  1881.4  1975.51  2114.43  
Period   1 339.116  1470.9  1277.08  865.54  2765.84  1566.3  
Period   2 3147.55  1461.73  1679.33  3148.73  1908.9  3787.97  
Period   3 2501.75  3440.7  3333.61  3622.56  4371.94  2752.06  
Period   4 2229.52  4059.23  4943.47  2517.97  2342.38  3244.98  
Period   5 3539.62  3879.67  4386.55  2563.77  3550.4  4126.67  
UNDS1
Period   0 -3958.44  -3817.23  -3682.75  -3568.69  -4053.25  -3586.3  
Period   1 -4262.5  -4977.4  -5228.64  -4870.98  -4407.69  -3635.08  
Period   2 -3490.73  -3344.54  -3478.53  -3553.74  -3526.96  -3023.2  
Period   3 -3476.68  -3550.61  -3611.33  -3595.78  -3650.17  -3348.42  
Period   4 -3394.33  -3723.26  -3656.27  -3597.7  -3747.15  -3629.17  
Period   5 -3582.21  -3522.14  -3698.1  -3750.41  -3829.15  -3805.95  
SCENARIO 12
UNDS0
Period   0 1606.99  1550.78  1829.68  1145.69  3011.71  2898.42  
Period   1 1707.3  2885.91  4766.35  1478.32  1037.05  1855.27  
Period   2 3999.46  1780  1336.34  2253.97  2759.51  3177.87  
Period   3 4415.56  2714.46  4176.36  5707.51  2379.74  2172.63  
Period   4 2765.6  3108.39  4328.68  2078.99  4028.01  2627.88  
Period   5 2379.87  2437.58  3139.5  2305.09  2179.02  2642.83  
UNDS1
Period   0 -3903.6  -3791.05  -3922.62  -3932.59  -3863.13  -3232.68  
Period   1 -4580.31  -5224.76  -4450.42  -4539.37  -4394.07  -3930.36  
Period   2 -3302.95  -3742.87  -3523.29  -3566.78  -3452.38  -3064.36  
Period   3 -3708.82  -3564.09  -3377.95  -3492.7  -3515.57  -3466.19  
Period   4 -3524.54  -3672.22  -3490.53  -3347.08  -3701.56  -3540.37  
Period   5 -3497.59  -3732.6  -3624  -3817.14  -3521  -3868.45  
SCENARIO 13
UNDS0
Period   0 2431.83  2292.51  1449.85  1708.09  2300.5  1770.74  
Period   1 2249.62  1833.33  168.656  3039.79  1306.96  895.598  
Period   2 2388.7  3825.07  1654.19  2821.3  2195.05  1971.05  
Period   3 1789.1  5388.57  2765.64  4151.15  1725.28  5342.51  
Period   4 2690.27  2233.7  3330.79  2507.7  6483.9  5876.94  
Period   5 3848.82  2874.27  4016.76  2533.33  4121.16  3792.52  
UNDS1
Period   0 -3968.16  -3464.28  -4047.54  -4009.08  -3490.25  -3586.86  
Period   1 -4452.06  -4003.94  -4516.85  -3698.8  -4236.91  -4278.09  
Period   2 -3397.74  -3518.33  -3501.4  -2767.44  -3362.15  -3418.92  
Period   3 -3553.9  -3408.74  -3485.64  -3534.15  -3612.67  -3560.68  
Period   4 -3714.12  -3599.03  -3655.32  -3667.54  -3456.01  -3771.08  
Period   5 -3677.26  -3525.15  -3663.99  -3425.74  -3856.73  -3805.16  
SCENARIO 14
UNDS0
Period   0 2459.69  2257.76  2749.9  1723.44  3173.21  2786.77  
Period   1 1637.03  866.717  1472.77  1195.42  67.2237  531.909  
Period   2 1203.19  957.844  1624.24  3151.82  1133.35  2593.13  
Period   3 3080.89  3254.5  3419.55  3637.51  1652.22  3225.17  
Period   4 4075.12  4627.29  2699.56  2257.18  3379.97  2479.97  
Period   5 3923.68  4082.37  2483.79  2567.35  4156.38  3150.87  
UNDS1
Period   0 -3727.15  -3616.6  -3722.76  -3577.39  -3603.43  -3963.82  
Period   1 -4283.35  -3460.83  -4376.16  -4517.9  -4318.81  -4728.82  
Period   2 -3233.21  -3655.51  -3273.36  -2977.69  -3222.69  -3340.51  
Period   3 -3668.26  -3679.74  -3588.14  -3606.97  -3290.09  -3377.59  
Period   4 -3258.7  -3715.12  -3717.99  -3571.87  -3638.93  -3490.31  
Period   5 -3714.84  -3721.15  -3495.39  -3585.5  -3530.47  -3505.36  
SCENARIO 15
UNDS0
Period   0 1154.03  1663.57  1892.17  1173.88  1477.12  1874.62  
Period   1 492.605  968.141  574.321  1903.65  1976.85  3133.53  
Period   2 1556.5  1148.46  1652.24  2758.43  2062.36  1670.19  
Period   3 4881.19  2936.36  1981.51  4569.01  3825.67  3164.07  
Period   4 3497.78  5079.63  4100.85  4966.64  6209.03  6261.89  
Period   5 1933.29  4298.3  3048.97  3912.15  3621.24  4854.32  
UNDS1
Period   0 -3799.56  -4037.54  -3555.29  -3977.73  -3574.25  -3741.58  
Period   1 -5024.17  -5026.32  -5323.98  -5033.37  -4249.49  -2878.53  
Period   2 -3457.41  -3542.19  -3372.64  -3255.16  -3503.89  -3593.56  
Period   3 -3505.71  -3666.78  -3755.83  -3521.74  -3238.35  -3678.7  
Period   4 -3656.92  -3568.83  -3594.92  -3755.27  -3612.91  -3634.72  
Period   5 -3812.61  -3575.79  -3420.43  -3912.84  -3724.45  -3782.42  
SCENARIO 16
UNDS0
Period   0 1870.44  1912.32  2356.68  2015.9  1580.38  2629.45  
Period   1 1580.14  1912.49  4333.79  1289.25  849.561  2136.94  
Period   2 1972.89  2169.38  1706.38  1703.75  1358.01  1180.63  
Period   3 2545.13  3475.82  3737.17  2713.89  2343.46  3958.97  
Period   4 4931.46  2504.38  2178.04  2308.79  3368.6  2137.45  
Period   5 3240.35  4944.01  3779.81  2941.47  3712.17  3501.98  
UNDS1
Period   0 -3742.86  -3632.23  -3762.37  -3579.93  -3915.11  -3645.65  
Period   1 -5108.37  -5122.9  -4731.76  -4595.47  -4923.2  -2972.04  
Period   2 -3336.2  -2786.58  -2872.79  -3669.99  -3617.09  -3159.57  
Period   3 -3410.13  -3604.53  -3693.71  -3630.52  -3351.76  -3498.7  
Period   4 -3447.47  -3517.01  -3553.8  -3688.32  -3522.04  -3555.69  
Period   5 -3827.38  -3673.38  -3946.34  -3633.72  -3862.25  -3771.73  
SCENARIO 17
UNDS0
Period   0 1491.46  1763.33  1862.7  1592.92  1345.31  2165.86  
Period   1 239.191  1719.83  1560.9  589.222  834.102  657.342  
Period   2 2160.01  2553.12  4895.02  1440.98  1601.02  3342.84  
Period   3 2192.99  2245.49  2436.78  3393.39  4229.55  5846.11  
Period   4 3080.3  3572.51  2442.49  3518.35  2670.59  5505.78  
Period   5 2927.9  2441.76  4700.72  2680.34  3485.83  2286.12  
UNDS1
Period   0 -3844.72  -3942.74  -3818.62  -3721.18  -3574.33  -3443.5  
Period   1 -4953.92  -3400.15  -4913.05  -4768.52  -4606.35  -4978.95  
Period   2 -3458.8  -3133.03  -3564.01  -3345.37  -3396.02  -3123.86  
Period   3 -3553.83  -3617.4  -3690.48  -3654.79  -3569.91  -3342.37  
Period   4 -3578.9  -3500.81  -3594.09  -3667.26  -3560.46  -3674.12  
Period   5 -3760.54  -3903.03  -3832.14  -3791.37  -3620.25  -3721.37  
SCENARIO 18
UNDS0
Period   0 1288.13  1541.23  2105.53  1681.54  2229.22  3123.93  
Period   1 3216.16  1046.3  2430.27  830.984  2732.26  3372.39  
Period   2 2334.97  3781.81  2706.33  2144.8  2880.87  1297.04  
Period   3 3718.02  4603.82  2902.36  2879.01  3836.17  2884.63  
Period   4 2811.57  2854.14  3733.02  4259.41  6211.86  5410.65  
Period   5 5020.85  3436.68  4564.23  2761.4  3699.89  4286.46  
UNDS1
Period   0 -3937.43  -3728.39  -3681.18  -3944.78  -3692.25  -3561.55  
Period   1 -5174.75  -4494.12  -3908.3  -3940.52  -4795.51  -4653.17  
Period   2 -3250.8  -3558.96  -3184.81  -3566.22  -3459.98  -3701.96  
Period   3 -3414.61  -3639.23  -3606.41  -3699.23  -3476.59  -3303.08  
Period   4 -3708.51  -3262.18  -3707  -3618.08  -3743.6  -3484.48  
Period   5 -3637.77  -3803.84  -3735.85  -3838.34  -3944.07  -3541.4  
SCENARIO 19
UNDS0
Period   0 1470.07  1720.37  2252.33  2859.6  2923.77  1334.33  
Period   1 1772.65  3892.02  2024.56  2282.14  1724.63  2506.39  
Period   2 908.017  1895.57  2229.84  3252.17  1323.25  1699.18  
Period   3 5111.04  4204.53  4350.14  4854.63  4548.11  2993.23  
Period   4 4827.79  3123.28  3635.73  4375.46  2819.4  5920.69  
Period   5 3617.8  3776.09  3015.36  5099.17  2234.2  3409.95  
UNDS1
Period   0 -3793.18  -4000.93  -4018.92  -3725.94  -3889.69  -3226.15  
Period   1 -4556.43  -3539.08  -4315.8  -4613.84  -4663.85  -4941.87  
Period   2 -3121.61  -3713.81  -3611.7  -3743.28  -3441.83  -3033.86  
Period   3 -3549.85  -3575  -3678.05  -3528.44  -3596.3  -3368.38  
Period   4 -3678.7  -3749.61  -3223.19  -3530.14  -3649.45  -3670.41  
Period   5 -3839.47  -3635.84  -3949.74  -3678.2  -3887.96  -3500.82  
SCENARIO 20
UNDS0
Period   0 2138.98  1374.9  1375.86  1799.09  1632.51  2631.82  
Period   1 2678.12  4613.94  986.391  2762  1706  2457.41  
Period   2 2842.5  2584.95  2620.96  2250.62  1885.46  3511.61  
Period   3 3628.55  3879.15  4458.94  2786.59  3346.37  3293.69  
Period   4 2435.11  3469.88  2130.05  3097.49  5140.19  3334.49  
Period   5 3867.73  2566.03  3445.19  3130.78  3370.36  2579.32  
UNDS1
Period   0 -3460.14  -3647.94  -3958.5  -3955.56  -3955.18  -3483.9  
Period   1 -4096.22  -4846.81  -4502.28  -4240.22  -4986.4  -4881.08  
Period   2 -3466.79  -3753.53  -3559.92  -3531.34  -3254.44  -2763.6  
Period   3 -3516.75  -3378.53  -3504.05  -3642.07  -3567.35  -3518.41  
Period   4 -3499.41  -3524.07  -3454.32  -3759.73  -3224.82  -3501.98  
Period   5 -3910.9  -3836.15  -3940.64  -3883.18  -3891.48  -3214  
SCENARIO 21
UNDS0
Period   0 1731.98  1790.74  3060.64  2527.28  1831.88  1331.89  
Period   1 850.94  2055.05  3029.55  2205.56  3612.48  77.2324  
Period   2 2713.69  1624.14  4074.15  4252.69  1871.36  1500.83  
Period   3 3147.74  4325.66  2569.11  2878.02  2822.06  2610.42  
Period   4 2592.13  3968.02  5467.55  4247.41  3036.2  3023.09  
Period   5 4701.79  2915.54  2536.47  3476.8  4006.66  4662.52  
UNDS1
Period   0 -3689.6  -3664  -3709.01  -3516.78  -3740.39  -3852.76  
Period   1 -4073.88  -4706.11  -4912.83  -5173.05  -4794.56  -3262.24  
Period   2 -3120.7  -3496.56  -3251.23  -3492.78  -3728.72  -3272.09  
Period   3 -3606.95  -3173.98  -3635.87  -3658.78  -3431.8  -3604.41  
Period   4 -3571.62  -3637.89  -3751.27  -3212.88  -3306.84  -3580.03  
Period   5 -3263.8  -3583.46  -3838.62  -3504.84  -3797.7  -3578.72  
SCENARIO 22
UNDS0
Period   0 2256.28  1652.53  1684.83  1447.08  2034.33  1586.81  
Period   1 594.301  2474.7  1497.52  2094.76  2095.92  615.793  
Period   2 2542.78  4247.57  1450.48  1978.04  1363.43  4490.75  
Period   3 3647.86  2577.28  1982.18  4212.27  3073.36  2310.18  
Period   4 5156.41  3646.9  4316.14  1992.91  2643.77  2937.34  
Period   5 4010.64  2152.68  3122.16  3202.48  4746.74  3201.36  
UNDS1
Period   0 -3776.34  -3825.27  -3915.5  -3516.22  -3769.95  -3733.34  
Period   1 -4711.13  -5263.6  -3876.26  -4837.78  -3956.85  -4458.25  
Period   2 -3571.3  -3569.45  -3632.01  -3709.13  -3642.65  -2614.69  
Period   3 -3579.37  -3638.06  -3501.37  -3491.21  -3494.58  -3620.27  
Period   4 -3543.49  -3593.62  -3514.67  -3247.85  -3226.24  -3620.27  
Period   5 -3476.78  -3646.51  -3736.93  -3643.98  -3520.48  -3420.29  
SCENARIO 23
UNDS0
Period   0 1459.98  2514.08  2155.99  3105.98  2783.92  1788.35  
Period   1 1049.58  736.811  2609.55  1646.29  1144.12  501.647  
Period   2 2679.96  2968.21  2662.46  1252.1  2618.51  2571.08  
Period   3 2242.06  3146.21  2606.48  2494.03  3863.39  2529.08  
Period   4 2853.89  4796.11  4232.16  2267.11  4450.05  3337.09  
Period   5 2278.55  2408.92  4694.08  4124.12  1995.46  3434.55  
UNDS1
Period   0 -3475  -3831.94  -3887.42  -4056.86  -3673.69  -3545.34  
Period   1 -5047.07  -4619.38  -5097.18  -4870.1  -4639.14  -3073.15  
Period   2 -3404.14  -3585.61  -3460.6  -3544.99  -3535.07  -2937.67  
Period   3 -3688.13  -3614.22  -3473.66  -3598.59  -3725.52  -3301.06  
Period   4 -3673.89  -3193.55  -3722.62  -3519.69  -3528.3  -3237.2  
Period   5 -3677.39  -3867.76  -3554.11  -3765.42  -3495.7  -3735.23  
SCENARIO 24
UNDS0
Period   0 1456.38  1964.46  2124.28  1788.77  1294.41  2074.83  
Period   1 2908.52  365.613  849.192  418.305  1611.12  1998.04  
Period   2 4102.85  1425.26  3134.27  4772.22  894.174  2066.5  
Period   3 4477.39  2851.06  1817.6  2619.58  4548.72  5208.15  
Period   4 3152.4  4089.77  2498  3558.01  5456.79  4479.7  
Period   5 3275.7  3622.39  2800.24  2513.41  4538.25  2241.89  
UNDS1
Period   0 -3681.11  -3775.29  -3968.05  -3758.93  -3734.6  -3449.06  
Period   1 -4090.05  -4600.07  -5083.03  -4534.93  -4981.59  -4276.75  
Period   2 -3652.96  -2909.39  -2711.01  -3555.51  -3480.23  -3493.23  
Period   3 -3513  -3567.57  -3717.08  -3627.73  -3752.91  -3201.25  
Period   4 -3547.52  -3580.8  -3518.57  -3271.04  -3739.16  -3564.72  
Period   5 -3726.46  -3859.47  -3643.53  -3567.69  -3861.94  -3673.9  
SCENARIO 25
UNDS0
Period   0 1625.27  1651.19  1396.99  2782.37  1683.03  1791.51  
Period   1 2720.56  1945.58  2299.27  1657.14  1980.48  783.285  
Period   2 2885.12  2076.63  2292.09  3886.38  3442.06  3226.35  
Period   3 2490.75  3083.25  2276.43  2413.41  1768.9  4331.92  
Period   4 2756.95  4446.94  3776.57  2890.23  2552.68  4563.58  
Period   5 2590.6  3002.08  2688.05  4188.97  3312  2978.7  
UNDS1
Period   0 -3782.81  -3632.02  -3489.58  -3578.21  -3965.41  -3768.66  
Period   1 -4389.14  -5167.32  -3857.47  -3835.07  -3616.77  -4406.57  
Period   2 -3319.95  -2692.76  -3073.47  -3286.94  -3358.72  -3188.25  
Period   3 -3496.39  -3405.31  -3457.12  -3176.41  -3223.96  -3605.68  
Period   4 -3548.4  -3751.79  -3747.81  -3305.7  -3693.06  -3229.14  
Period   5 -3675.74  -3661.8  -3786.79  -3685.3  -3631.99  -3600.4  
SCENARIO 26
UNDS0
Period   0 2593.73  2042.79  2585.27  1674.65  1673.74  1672.74  
Period   1 1751.06  1567.31  1793.45  2426.74  3306.95  1551.59  
Period   2 3492.46  2478.33  4113.18  1704.01  2399.64  1732.71  
Period   3 3935.52  1713.08  4253.84  3621.21  3208.16  4851.4  
Period   4 5321.31  2720.88  2566.86  3689.26  4270.76  3227.22  
Period   5 2936.51  4633.77  2317.21  2848.07  4216.62  2625.33  
UNDS1
Period   0 -3869.17  -3754.48  -3913.1  -3894.28  -3312.41  -3704.19  
Period   1 -4629.07  -4851.21  -3992.44  -4185.61  -4540.09  -4735.87  
Period   2 -3465.86  -3406.63  -3345.09  -3486.78  -3641.38  -3114.24  
Period   3 -3728.44  -3461.32  -3365.42  -3601.07  -3632.88  -3481.92  
Period   4 -3424.06  -3559.89  -3707.01  -3578.58  -3742.59  -3662.72  
Period   5 -3663.03  -3818.36  -3668.92  -3855.88  -3811.13  -3608.79  
SCENARIO 27
UNDS0
Period   0 1482.05  2410.81  2703.72  2520.8  2316.15  2283.68  
Period   1 3141.19  134.591  2122.58  611.599  1937.68  2420.44  
Period   2 2138.74  3086.38  3501.45  2667.46  3443.08  1320.68  
Period   3 3252.83  5836.33  4007.54  2442.92  4371.15  3722.11  
Period   4 5540.42  3863.44  3886.11  4708.52  3058.66  3282.94  
Period   5 3474.37  2433.12  2438  2561.02  3612.46  3552.69  
UNDS1
Period   0 -3630.07  -4004.53  -3655.24  -3911.57  -3917.37  -3669.87  
Period   1 -4616.48  -5053.63  -4929.26  -4617.76  -5268.5  -3036.76  
Period   2 -2888.25  -3553.07  -3140.7  -3658.71  -3240.05  -3302.46  
Period   3 -3474.48  -3328.91  -3533.35  -3574.46  -3414.49  -3586.31  
Period   4 -3707.93  -3737.01  -3592.85  -3435.44  -3603.24  -3697.71  
Period   5 -3962.95  -3783.22  -3678.28  -3834.09  -3613.43  -3693.93  
SCENARIO 28
UNDS0
Period   0 2536.24  1863.13  1992.61  1120.45  1523.39  2651.12  
Period   1 2242.92  100.238  2842.85  992.384  2632.9  2981.62  
Period   2 4038.21  1701.43  1823.06  3619.34  3752.45  1368.21  
Period   3 3073.02  4180.39  2216.43  3251.35  3075.28  2930.83  
Period   4 3320.63  3868.25  3261.02  4186.01  4878.36  2836.62  
Period   5 4678.8  3165.79  3337.58  4312.64  5726.91  5667.74  
UNDS1
Period   0 -3687.84  -3957.76  -3586.74  -3602.54  -3784.3  -3779.39  
Period   1 -4580.32  -4361.29  -4374.12  -5138.67  -5224.95  -3952.22  
Period   2 -2973.7  -3380.21  -3390.19  -3441.26  -3164.85  -3567.27  
Period   3 -3741.19  -3485.14  -3500.24  -3699.32  -3747.01  -3262.05  
Period   4 -3603.78  -3620.08  -3590.88  -3754.39  -3778.32  -3504.56  
Period   5 -3668.47  -3873.26  -3649.19  -3864.33  -3711.14  -3924.68  
SCENARIO 29
UNDS0
Period   0 1553.93  2106.9  1688.08  1369.98  1568.45  2193.89  
Period   1 1340.39  1135.11  1974.27  1585.58  4048.26  3291.48  
Period   2 3992.97  2444.67  1579.76  3354.24  914.106  1943.4  
Period   3 2386.66  2289.11  3924.58  4161.51  2903.34  2116.58  
Period   4 4638.57  4538.89  3039.1  4420.16  3282.97  2767.69  
Period   5 2421.97  3311.96  4340.69  2737.81  2855.63  3439.02  
UNDS1
Period   0 -3909.42  -3691.66  -3656.17  -3958.54  -3588.15  -3548.58  
Period   1 -5150.62  -4799.95  -4369.45  -4245.36  -3519.01  -4265.36  
Period   2 -3224.43  -3234.17  -3315.83  -3514.91  -2900.36  -3371.06  
Period   3 -3327.97  -3770.9  -3620.88  -3470.45  -3659.12  -3512.81  
Period   4 -3594.45  -3490.21  -3730.77  -3624.78  -3630.98  -3625.7  
Period   5 -3794.57  -3494.46  -3803.83  -3631.22  -3718.71  -3547.03  
SCENARIO 30
UNDS0
Period   0 2617.71  1976.49  2548.1  2246.4  2611.58  1605.15  
Period   1 977.491  1066.8  426.556  1318.32  3258.38  158.859  
Period   2 3866.01  1976.82  2464.63  3768.65  3145.12  2759.21  
Period   3 3490.82  1732.29  2697.24  3407.24  2750.82  4157.55  
Period   4 2754.78  3630.75  4230.41  2855.58  6071.82  3037.45  
Period   5 3292.38  4037.46  3197.58  3616.94  2985.83  2371.89  
UNDS1
Period   0 -3668.01  -3247.64  -3826.05  -3662.68  -3573.76  -3828.96  
Period   1 -5077.26  -4959.38  -4608.01  -4484.53  -5093.77  -2677.75  
Period   2 -3314.5  -3529.35  -3456.1  -3532.47  -3402.41  -3390.89  
Period   3 -3573.14  -3435.83  -3493.98  -3558.69  -3680.59  -3532.29  
Period   4 -3750.34  -3654.62  -3375.09  -3571.58  -3739.69  -3395.18  
Period   5 -3543.26  -3866.81  -3522.23  -3549.6  -3606.84  -3656.52  
SCENARIO 31
UNDS0
Period   0 2588.66  1729.42  1843.09  2061.61  1871  2305.64  
Period   1 2483.96  2883.37  2838.76  729.488  497.265  2707.18  
Period   2 2218.36  2181.74  2449.98  2216.72  1520.66  1390.25  
Period   3 5346.35  4940.24  2719.91  3945.07  3020.35  3688.37  
Period   4 4046.97  3042.04  2534.15  3169.01  3493.39  2736.76  
Period   5 4143.49  2732.81  3874.59  3314.95  3855.42  3323.21  
UNDS1
Period   0 -3750.36  -3541.11  -3525.36  -3960.48  -3720.89  -3525.92  
Period   1 -4126.6  -4742.08  -3905.67  -4065.99  -4716.25  -4598.57  
Period   2 -2891.37  -3574.5  -3406.53  -3406.77  -3160.11  -3163.31  
Period   3 -3474.42  -3735.16  -3694.79  -3648.78  -3609.27  -3129.74  
Period   4 -3700.66  -3537.12  -3492.7  -3564.11  -3645.99  -3609.5  
Period   5 -3500.78  -3902.29  -3561.79  -3644.7  -3868.54  -3720.5  
SCENARIO 32
UNDS0
Period   0 2371.97  1646.53  2211.53  2579.53  1789.37  2529.35  
Period   1 729.677  3191.89  812.024  1476.4  2012.12  1396.76  
Period   2 3375.34  1986.3  3305.18  2322.02  1844.8  979.17  
Period   3 2534.86  4544.57  1768.39  2214.04  2588.81  1783.51  
Period   4 5422.13  3896.25  2863.24  4276.46  2420.95  3767.71  
Period   5 2559.7  2416.87  3646.62  4356.81  3453.7  4855.14  
UNDS1
Period   0 -3802.75  -4049.96  -3885.62  -4017.64  -3482.11  -3360.28  
Period   1 -4798.69  -4148.43  -4080.46  -5018.63  -4310.94  -4347.15  
Period   2 -3722.7  -3190.68  -3268.4  -3378.18  -3431.27  -3249.67  
Period   3 -3397.2  -3622.4  -3401.24  -3447.63  -3463.44  -3508.79  
Period   4 -3618.59  -3723.97  -3500.85  -3441.98  -3603.42  -3755.73  
Period   5 -3819.76  -3565.04  -3878.96  -3734.05  -3946.4  -3635.29  
SCENARIO 33
UNDS0
Period   0 1509.09  2966.22  1808.96  2466.99  2354.58  2700.17  
Period   1 1828.64  1324.81  2276.81  665.105  2360.22  862.133  
Period   2 2064.91  2157.52  2854.36  1291  3699.48  2526.7  
Period   3 2979.05  3530.56  3167.11  2703.54  2061.71  4818.91  
Period   4 3417.32  4602.71  4887.23  2812.07  3239.23  6017.77  
Period   5 3633.72  3726.63  3564.97  3708.32  2643.87  5352.53  
UNDS1
Period   0 -3847.12  -3784.24  -3854.22  -3968.13  -3671.74  -3459.77  
Period   1 -3886.49  -4618.69  -3808.56  -4271.63  -4702.2  -4082.1  
Period   2 -3356.14  -3529.26  -3234.41  -3481.5  -3475.88  -3359.46  
Period   3 -3543.36  -3730.73  -3560.93  -3697.68  -3528.62  -3377.7  
Period   4 -3601.47  -3698.48  -3767.9  -3492.37  -3447.71  -3307.86  
Period   5 -3800.02  -3632.74  -3792.85  -3754.65  -3783.76  -3647.3  
SCENARIO 34
UNDS0
Period   0 1877.63  1732.9  1512.03  1801.97  2077.65  2406.8  
Period   1 1192.75  5406.75  1105.13  1865.35  3181.02  1916.19  
Period   2 1782.63  1274.34  2554.88  2286.9  3725.81  2238.09  
Period   3 2155.81  5251.04  1844.08  5041.19  3060.87  2611.36  
Period   4 3064.99  4259.35  2627.28  2567.06  3159.78  3522.64  
Period   5 4309.93  3627.38  3115.5  2821.44  5005.43  5054.24  
UNDS1
Period   0 -3912.27  -3907.19  -3986.56  -3892.23  -3835.75  -3252.46  
Period   1 -4694.02  -4588.49  -3490.51  -5108.53  -4410.37  -4445.02  
Period   2 -3062.06  -3266.22  -2935.93  -3507.16  -3470.05  -3348.41  
Period   3 -3711.3  -3652.35  -3704.38  -3386.31  -3414.77  -3435.28  
Period   4 -3618.36  -3644  -3590.88  -3309.14  -3637.03  -3647.59  
Period   5 -3413.76  -3407.65  -3696.27  -3769.29  -3263.23  -3852.7  
SCENARIO 35
UNDS0
Period   0 1195.25  1924.56  1311.36  2036.31  1868.56  1823.67  
Period   1 1437.51  1496.72  1605.85  339.434  1297.19  2239.2  
Period   2 2171.09  1582.67  1046.15  2530.25  1599.05  2713.05  
Period   3 3248.22  4612.84  2086.56  3743.59  4805.37  3547.07  
Period   4 4377.76  3247.25  4736.73  5434.84  5650.1  2370.26  
Period   5 6236.84  3381.22  3727.32  3477.63  3930.12  4675.4  
UNDS1
Period   0 -3552.92  -3804.41  -3770.14  -3732.14  -3921.87  -3613.3  
Period   1 -5223.53  -5059.57  -4055.42  -4739.75  -5034.96  -3395.85  
Period   2 -3233.38  -3533.83  -3202.96  -3776.89  -3415.67  -3599.02  
Period   3 -3661.98  -3355.33  -3575.52  -3509.15  -3660.25  -3663.06  
Period   4 -3624.53  -3520.63  -3521.48  -3591.72  -3533.13  -3671.84  
Period   5 -3583.52  -3520.1  -3682.1  -3675.44  -3865.41  -3830.01  
SCENARIO 36
UNDS0
Period   0 1657.91  2107.39  1345.25  1454.86  1595.53  1522.16  
Period   1 1329.17  2790.76  3458.18  811.983  643.452  1908.73  
Period   2 2770.99  2127.44  4355.04  5260.06  1807.21  1225.66  
Period   3 2245.99  2227.28  3610.58  2604.24  1900.5  1532.7  
Period   4 3378.39  4689  3543.77  4316.01  2939.09  3565.74  
Period   5 3113.48  4532.97  2284.7  3424.84  5126.94  3954.69  
UNDS1
Period   0 -3960.39  -3823.07  -3750.18  -3984.92  -4032.14  -3066.56  
Period   1 -4630.95  -4512.94  -4937.09  -4412.49  -4911.11  -3834.55  
Period   2 -3141.39  -3150.25  -3185.17  -3458.88  -3370.26  -3171.71  
Period   3 -3388.56  -3530.69  -3508.28  -3677.21  -3380.25  -3676.68  
Period   4 -3311.58  -3616.9  -3712.29  -3570.04  -3668.6  -3729.45  
Period   5 -3613.86  -3568.5  -3466.07  -3948.46  -3758.41  -3827.29  
SCENARIO 37
UNDS0
Period   0 2425.53  3013.22  1247.01  2598.19  2095.43  1386.66  
Period   1 652.355  3031.61  1831.21  3463.33  3152.74  933.021  
Period   2 2028.62  1463.94  4022.42  2249.64  908.418  1824.61  
Period   3 2365.41  3449.53  4380.1  3993.31  2457.52  3509.56  
Period   4 5104.43  2641.14  3383.82  2889.69  2776.76  3220.8  
Period   5 5795.21  4678  2686.82  3971.86  2783.05  2001.7  
UNDS1
Period   0 -3840.66  -3541.3  -3927.94  -3825.58  -3779.84  -3662.98  
Period   1 -3997.12  -4839.93  -4795.18  -3657.63  -4424.81  -4375.34  
Period   2 -2897.12  -3094.83  -3511.24  -3395.66  -3184.93  -3086.72  
Period   3 -3415.97  -3606.06  -3473.67  -3328.18  -3589.4  -3564.63  
Period   4 -3683.51  -3548.48  -3363.79  -3682.61  -3257.18  -3503.01  
Period   5 -3601.51  -3890.44  -3824.81  -3586.38  -3769.6  -3455.76  
SCENARIO 38
UNDS0
Period   0 1539.81  1261.96  1928.76  1341.87  1708.43  2052.5  
Period   1 1305.98  2901.58  2537.4  1635.57  3134.87  1849.38  
Period   2 3348.02  2662.24  2606.15  1834.95  2666.16  2149.19  
Period   3 2971.77  3041.7  1901.43  3348.44  2951.76  2319.27  
Period   4 5230  5006.7  3605.66  5729.53  4494.62  2965.61  
Period   5 2653.33  2955.88  2792.25  2872.7  2393.45  3090.11  
UNDS1
Period   0 -3743.78  -3759.75  -4038.76  -3394.69  -3707.11  -3645.82  
Period   1 -4259.46  -4257.65  -5270.84  -5005.65  -4857.48  -3997.59  
Period   2 -3587.53  -3611.2  -3180.54  -3106.03  -3441.23  -3343.07  
Period   3 -3690.51  -3337.47  -3615.32  -3568.31  -3374.3  -3370.27  
Period   4 -3534.23  -3659.39  -3791.91  -3713.8  -3607.13  -3382.25  
Period   5 -3822.7  -3621.49  -3512.13  -3800.75  -3891.71  -3728.1  
SCENARIO 39
UNDS0
Period   0 2586.78  1511.43  1230.66  1664.81  2105.32  1835.41  
Period   1 1715.74  1485.23  3415.34  896.806  1134.71  2058.26  
Period   2 2992.32  2689  3780.14  3913.87  3723.81  1264.61  
Period   3 3728.19  3338.27  3264.28  2683.9  2241.91  3167.78  
Period   4 2275.53  2032.18  5616.47  3602.53  3389.91  4671.2  
Period   5 2631.95  2199.79  2682.72  5451.07  3227.91  3498.53  
UNDS1
Period   0 -3839.54  -3863.98  -3618.67  -3699.35  -3670.78  -3842.38  
Period   1 -4213.11  -4966.38  -4414.96  -4806.52  -4476.91  -4196.9  
Period   2 -3430.52  -3316.41  -3287.99  -3429.77  -3576.3  -3499.22  
Period   3 -3408.11  -3420.34  -3435.75  -3584.46  -3307.61  -3678.01  
Period   4 -3446.8  -3429.1  -3741.82  -3502.46  -3716.95  -3688.29  
Period   5 -3829.73  -3724.99  -3590.19  -3519.36  -3643.88  -3723.82  
SCENARIO 40
UNDS0
Period   0 1784.98  1880.9  2141.81  2945.93  1859.57  1369.44  
Period   1 2024.19  1575.1  956.703  2286.85  756.984  1830.61  
Period   2 3452.4  3081.98  3153.42  2235.55  1706.33  2415.52  
Period   3 3848.32  3443.99  4765.54  2221.38  3902.88  2903.33  
Period   4 2444.81  3232.7  3048.81  3277.07  4777.09  2551.13  
Period   5 4591.16  4062.11  2538.19  2094.48  3024.77  3994.85  
UNDS1
Period   0 -3887.32  -3864.75  -3876.4  -3946.36  -3597.02  -3346.7  
Period   1 -4042.76  -3683.09  -4546.34  -4838.31  -4276.44  -4832.24  
Period   2 -3465.84  -3115.91  -3547.61  -3792.25  -3549.22  -3172.65  
Period   3 -3595.95  -3615.5  -3530.3  -3323.64  -3398.59  -3506.88  
Period   4 -3695.42  -3448.27  -3548.54  -3623.98  -3630.57  -3585.23  
Period   5 -3729.32  -3426.54  -3863.28  -3922.83  -3748.23  -3832.97  
SCENARIO 41
UNDS0
Period   0 1790.19  1752.03  1830.47  2389.95  1826.86  2270.48  
Period   1 3264.78  2535.33  1448.07  2495.6  1762.74  569.814  
Period   2 1879.53  3353.89  2962.61  3869.81  4760.04  1076.15  
Period   3 2045.87  2384.85  2039.74  3687.06  2023.75  3613  
Period   4 2854.09  5315.14  4256.5  3765.98  2878.79  2986.24  
Period   5 2319.13  4885.7  2853.37  3164.67  3372.04  2944.17  
UNDS1
Period   0 -3353.54  -3824.96  -3767.42  -3782.62  -3763.37  -4034.08  
Period   1 -5313.6  -4193.42  -5012.64  -5098.52  -4522.65  -3247.86  
Period   2 -3012.11  -3419.81  -3475.42  -3487.7  -3340.26  -3226  
Period   3 -3612.65  -3651.88  -3449.16  -3474.32  -3661.88  -3457.62  
Period   4 -3682.14  -3724.47  -3438.85  -3397.34  -3443.11  -3443.92  
Period   5 -3629.64  -3522.7  -3879.55  -3517.54  -3381.66  -3718.08  
SCENARIO 42
UNDS0
Period   0 1798.09  1954.67  2291.63  1242.26  1671.86  2038.99  
Period   1 3881.6  1361.48  963.819  912.288  669.224  506.047  
Period   2 1915.22  4162.81  1516.29  2830.3  2833.78  1666.01  
Period   3 4349.62  2519.32  3376.34  3631.47  3294.55  2687.64  
Period   4 2497.15  2130.13  3367.89  3240.14  3085.51  3942.2  
Period   5 4168.25  3185.2  4486.45  3622.07  3307.73  3127.28  
UNDS1
Period   0 -4007.85  -3715.82  -3851.56  -3911.28  -3729.47  -3420.82  
Period   1 -4248.72  -4361.24  -4905.46  -4266.6  -4902.26  -4572.15  
Period   2 -3420.48  -3492.81  -3734.91  -3177.02  -3006.43  -3016.08  
Period   3 -3595.87  -3656.85  -3510.79  -3657.52  -3306.14  -3537.04  
Period   4 -3560.92  -3686.77  -3466.24  -3641.83  -3709.88  -3353.17  
Period   5 -3763.43  -3564.5  -3601.07  -3777.51  -3873.6  -3558.96  
SCENARIO 43
UNDS0
Period   0 1945.84  2423.71  2259.18  1342.53  1833.51  1717.28  
Period   1 2870.35  1217.34  1635.99  2301.47  257.745  939.181  
Period   2 2073.82  2043.05  2996.4  2915.42  1188.56  1377.49  
Period   3 4214.68  1718.4  4039.07  3089.55  2740.52  1861.05  
Period   4 3637.77  3916.67  3997.48  3162.06  2137.9  3611.93  
Period   5 4743.39  2227.19  2310.08  3072.55  4151.37  4601.32  
UNDS1
Period   0 -3726.49  -3765.58  -3812.49  -3958.98  -3717.69  -3739.57  
Period   1 -5249.67  -3509.6  -4338.12  -4870.31  -4000.19  -5297.05  
Period   2 -3341.45  -3510.47  -3508.8  -3137.66  -3170.89  -3186.64  
Period   3 -3444.2  -3627.85  -3183.04  -3375.59  -3699.15  -3467.22  
Period   4 -3736.03  -3709.13  -3778.92  -3639.42  -3411.85  -3492.99  
Period   5 -3375.17  -3595.23  -3847.8  -3741.41  -3559.19  -3511.72  
SCENARIO 44
UNDS0
Period   0 1822.04  2983.79  2652.52  1629.84  1782.2  1291.97  
Period   1 1055.88  2925.82  440.036  2253.61  2312.57  3265.11  
Period   2 1765.55  1788.67  1482.01  3359.15  2059.96  1385.77  
Period   3 2954.28  3554.62  2807.48  4692.86  4482.51  2631.91  
Period   4 3661.83  2402.27  3225.26  5903.12  4279.82  4466.01  
Period   5 3282.97  2786.71  2043.77  2698.66  3006.73  2622.61  
UNDS1
Period   0 -3692.21  -3915.91  -3568.79  -3806.58  -3807.46  -3959.14  
Period   1 -4384.64  -5213.59  -5121.84  -3636.15  -4980.83  -3697.9  
Period   2 -3436.31  -3482.86  -3190.12  -3572.2  -3254.61  -3406.67  
Period   3 -3595.02  -3519.12  -3412.67  -3293.45  -3660.32  -3536.81  
Period   4 -3595.14  -3485.5  -3591.8  -3637.36  -3645.7  -3486.65  
Period   5 -3767.84  -3590.02  -3387.82  -3951.99  -3908.84  -3778.81  
SCENARIO 45
UNDS0
Period   0 1299.54  1492.83  1282.27  1705.88  2032.71  2173.83  
Period   1 306.517  369.846  2512.45  3014.82  2095.37  2652.49  
Period   2 1841.98  1305.73  2514.75  1630.57  2597.26  2484.84  
Period   3 2039.48  2480.06  3299.53  4980.79  4013.78  2148.98  
Period   4 2805.32  3498.17  4822.87  3334.96  2520.4  4862.73  
Period   5 3680.82  2830.78  3543.01  3335.83  2937.52  3880.12  
UNDS1
Period   0 -3633.83  -3656.04  -3795.71  -3727.14  -3592.56  -3702.69  
Period   1 -5018.16  -4221.93  -4695.96  -4874.66  -4634.33  -3888.81  
Period   2 -2804.25  -3343.2  -3256.72  -3475.51  -3476.27  -3348.8  
Period   3 -3542.52  -3315.26  -3627.87  -3601.72  -3414.56  -3591.14  
Period   4 -3700.34  -3627.21  -3509.42  -3784.99  -3532.72  -3446.23  
Period   5 -3794.88  -3394.68  -3835.77  -3953.78  -3500.1  -3910.79  
SCENARIO 46
UNDS0
Period   0 2228.09  1575.49  2329.61  1508.96  1984.97  1365.8  
Period   1 2140.51  1865.89  2834.38  2738.46  873.593  2494.7  
Period   2 2630.74  1453.05  1489.75  2466.04  2876.63  1181.18  
Period   3 3123.15  6602.17  3380.15  5460.62  3460.73  3734.16  
Period   4 4389.54  2405.01  2594.05  4131.02  2654.73  2689.7  
Period   5 2917.32  2722.72  2556.64  4165.25  3168.41  4662.54  
UNDS1
Period   0 -3800.06  -3987.91  -3589.92  -3970.75  -3819.75  -3456.41  
Period   1 -5216.63  -4878.11  -4332.5  -4616.24  -4562.97  -3426.54  
Period   2 -3629.38  -3662.65  -3587.54  -3790.14  -3143.75  -2964.39  
Period   3 -3619.82  -3651.51  -3403.4  -3737.87  -3603.56  -3449.82  
Period   4 -3725.36  -3546.75  -3494.57  -3638.17  -3604.67  -3574.91  
Period   5 -3783.1  -3659.75  -3828.78  -3831.32  -3450.5  -3672.82  
SCENARIO 47
UNDS0
Period   0 2039.89  1594.48  2303.04  2560.65  1419.52  1597.88  
Period   1 730.206  2186.98  4014.48  473.895  1600.38  1156.94  
Period   2 4309.11  1897.7  1546.41  3319.26  1961.32  1110.91  
Period   3 2661.75  3673.64  3787.34  3075.22  2240.49  2789.69  
Period   4 5104.9  2748.02  3030.17  3592.13  3615.73  3160.8  
Period   5 3748.88  2164.08  4297.63  3082.06  1949.74  5839.09  
UNDS1
Period   0 -3637.46  -3645.3  -3848.18  -3761.56  -3722.41  -3594.73  
Period   1 -4770.61  -4752.14  -3938.02  -4930.34  -4450.31  -4374.42  
Period   2 -3256.87  -3763.64  -3461.44  -3093.41  -3009.89  -3486.7  
Period   3 -3566.71  -3451.96  -3571.78  -3475.6  -3682.77  -3470.32  
Period   4 -3644.32  -3389.53  -3488.89  -3443.93  -3501.51  -3583.61  
Period   5 -3831.3  -3545.12  -3831.89  -3735.44  -3249.59  -3812.96  
SCENARIO 48
UNDS0
Period   0 1495.52  2148.7  1634.46  2057.92  2818.38  1441.43  
Period   1 1888.85  1235.6  2363.02  2052.75  3197.75  360.152  
Period   2 1436.26  2429.6  1657.39  2640.02  1885.21  4267.01  
Period   3 3931.95  2026.56  4869.85  4325.25  3963.53  2732.41  
Period   4 3594.13  3746.84  4552.49  6246.19  2792.24  4574.38  
Period   5 5079.28  3206.76  3923.91  3085.34  4023.12  2822.14  
UNDS1
Period   0 -3898  -3595.08  -4034.65  -3507.31  -3899.88  -3713.52  
Period   1 -5218.02  -4835.37  -4300.44  -4845.08  -4464.92  -3893.68  
Period   2 -3640.67  -3618.01  -3470.81  -2934.69  -3335.5  -2893.66  
Period   3 -3464.21  -3372.21  -3389.43  -3576.18  -3694.23  -3667.82  
Period   4 -3688.01  -3420.26  -3437.88  -3675.76  -3494.88  -3424.7  
Period   5 -3581.87  -3660.75  -3843.21  -3534.17  -3585.55  -3952.31  
SCENARIO 49
UNDS0
Period   0 2169.89  1477.42  1363.51  1717.7  1862.31  1340.29  
Period   1 3125.76  2924.35  1716.18  1793.43  1399.04  526.996  
Period   2 953.009  3336.52  3611.07  2279.7  2871.16  3781.11  
Period   3 2155.24  2368.68  2380.3  2228.54  3165.29  4377.96  
Period   4 4902.56  5441.73  2867.94  4318.21  4553.64  4230.06  
Period   5 3120.6  1934  3521.61  2876.59  3559.05  3713.01  
UNDS1
Period   0 -3664.2  -3899.21  -3786.83  -4019.19  -3876.29  -3352.39  
Period   1 -4664.11  -4824.74  -4072.67  -3700.23  -4727.28  -3648.74  
Period   2 -3545.1  -3244.53  -2907.51  -3489.34  -3274.43  -2810.94  
Period   3 -3344.04  -3566.18  -3416.17  -3617.37  -3656.76  -3578.86  
Period   4 -3526.7  -3343.84  -3516.01  -3643.69  -3443.84  -3438.23  
Period   5 -3809.49  -3837.93  -3690.56  -3572.03  -3584.56  -3638.22  
SCENARIO 50
UNDS0
Period   0 2328.22  2102.83  1537.49  2065.01  1929.49  1827.91  
Period   1 1509.43  2902.55  3493.27  2870.86  2552.93  1016.24  
Period   2 2396.91  4147.97  1705.74  3259.4  3530.38  1480.48  
Period   3 4602.96  2607.69  3212.38  3306.09  5132.61  1722.12  
Period   4 2470.39  3082.44  2628.09  4949.8  3608.77  6327.35  
Period   5 3204.4  2784.25  2495.9  4122.13  3277.74  2976.66  
UNDS1
Period   0 -3974.79  -3721.18  -3974.4  -3874.13  -3901.83  -3261.61  
Period   1 -4718.84  -4028.82  -4836.18  -5036.79  -4421.29  -3838.84  
Period   2 -3377.36  -3545.7  -3170.53  -3608.64  -3589.85  -3149.05  
Period   3 -3230.34  -3635.38  -3637.65  -3580.56  -3726.51  -3503.27  
Period   4 -3533.79  -3646.95  -3539.12  -3499.01  -3608.96  -3676.29  
Period   5 -3808.06  -3444.91  -3712.96  -3631.06  -3788.32  -3843.79  
SCENARIO 51
UNDS0
Period   0 2403.7  1799.91  2471.72  2193.74  2334.88  2049.65  
Period   1 2952.09  3674.43  767.954  1760.73  586.816  1367.91  
Period   2 1020.81  1997.58  3055.36  3148.81  3121.81  1276.47  
Period   3 4646.46  2210.08  2233.95  3658.64  2996.67  2042.58  
Period   4 6062.94  2553.35  3391.65  4451.66  5892.5  4596.03  
Period   5 3616.39  2159.74  3011.99  2141.13  6407.71  4142.42  
UNDS1
Period   0 -3598.53  -4023.51  -3410.63  -3998.24  -3808.16  -3711.52  
Period   1 -4611.56  -4000.55  -3748.63  -4057.49  -4617.41  -4184.19  
Period   2 -3567.17  -3609.62  -3567.79  -3196.38  -3694.68  -2781.21  
Period   3 -3703.72  -3583.91  -3350.44  -3683.79  -3604.73  -3215.47  
Period   4 -3340.27  -3598.44  -3626.93  -3734.43  -3709.94  -3700.11  
Period   5 -3644.7  -3638.47  -3581.35  -3396.41  -3658.74  -3506.1  
SCENARIO 52
UNDS0
Period   0 2050.4  1269.99  2336.52  2326.55  1957.57  2048.84  
Period   1 1210.88  1235.96  1445.3  3251.2  524.88  2577.1  
Period   2 3707.01  2065.01  4301.7  3137.39  2264.94  3352.89  
Period   3 2233.58  2624.71  2641.05  2255.13  3073.79  3189.36  
Period   4 4667.18  3641.44  4912.35  5139.1  5458.45  4221.99  
Period   5 2421.99  4021.08  3573.68  3832.39  2606.54  3733.68  
UNDS1
Period   0 -3629.73  -3738.18  -3802.21  -3549.49  -3907.1  -3640.56  
Period   1 -4432.51  -4617.21  -4316.48  -4831.27  -3552.05  -3843.16  
Period   2 -2891.69  -3197.3  -3456.29  -3637.01  -3322.74  -3621.75  
Period   3 -3474.26  -3554.67  -3594.06  -3607.41  -3646.85  -3599.4  
Period   4 -3544.26  -3476.43  -3463.19  -3585.19  -3493.57  -3451.2  
Period   5 -3409.29  -3775.89  -3785.48  -3828.4  -3668.22  -3816.69  
SCENARIO 53
UNDS0
Period   0 2685.88  1987.7  3150.64  1756.79  2608.76  1241.64  
Period   1 1287.28  1559.77  4280.2  3747.92  2496.09  1291.12  
Period   2 2657.39  3863.54  2291.59  3723.97  2154.3  3855.47  
Period   3 2542.82  4818.47  4712.45  3425.52  2918.87  2893.55  
Period   4 5062.54  4926.79  2100.72  3014.04  4997.17  4065.27  
Period   5 2469.09  4243.82  3211.25  3129.63  3823.94  4118.58  
UNDS1
Period   0 -3795.99  -3800.17  -3669.27  -4044.71  -3684.28  -3517.36  
Period   1 -4784.49  -4460.31  -3970.69  -5005.03  -5132.95  -3790.06  
Period   2 -2917.3  -3073.43  -3583.15  -3017.36  -3168.17  -3586.01  
Period   3 -3527.73  -3447.22  -3575.7  -3469.53  -3684.11  -3277.96  
Period   4 -3450.5  -3626.31  -3780.57  -3511.67  -3710.97  -3697.7  
Period   5 -3489.51  -3544.54  -3434.41  -3917.57  -3645.89  -3803.42  
SCENARIO 54
UNDS0
Period   0 1422.73  2424.42  2825.37  2169.19  3078.13  2808.23  
Period   1 1461.56  1711.08  1632.06  2213.74  1316.55  891.02  
Period   2 2481.2  3559.24  3078.44  1953.17  2552.98  2872.09  
Period   3 3270.28  2136.14  2813.19  2439.28  3003.04  4137.92  
Period   4 4601.26  2422.79  5339.24  4588.67  3979.06  4677.55  
Period   5 2631.77  2135.93  3638.4  2276.57  2473.92  2774.13  
UNDS1
Period   0 -3991.67  -3456.45  -3618.18  -3618.87  -3804.21  -3320.18  
Period   1 -5022.18  -4452.29  -4286.78  -5211.12  -5069.23  -3345.81  
Period   2 -3037.42  -3234.99  -3288.61  -3103  -3408.03  -3632.04  
Period   3 -3439.8  -3656.52  -3629.89  -3572.49  -3541.04  -3582.33  
Period   4 -3316.7  -3737.16  -3661.89  -3565.81  -3490.82  -3675.84  
Period   5 -3789.9  -3422.29  -3653.36  -3777.73  -3933.59  -3798.81  
SCENARIO 55
UNDS0
Period   0 1818.27  2348.76  3021.76  3471.61  2962.82  2404.9  
Period   1 230.406  3341.97  1141.78  1595.33  2815.11  1202.85  
Period   2 1906.58  1911.99  3782.02  2800.01  2018.51  1194.35  
Period   3 1767.61  2947.9  4088.22  2063.18  4281.97  3790.86  
Period   4 3946.62  3096.67  3559.55  4029.31  4404.94  4648.14  
Period   5 2973.51  4082.72  3051.94  3010.9  5453.52  3275.16  
UNDS1
Period   0 -3887.47  -3472.26  -3442.11  -3774.75  -3961.43  -3760.31  
Period   1 -4764.74  -3689.56  -4574.58  -5002.07  -4896.29  -4118.23  
Period   2 -3209.63  -3062.7  -3532.31  -3767.94  -3109.74  -3173.18  
Period   3 -3240.87  -3486.48  -3687.68  -3467.96  -3550.92  -3407.79  
Period   4 -3578.88  -3495.16  -3700.81  -3494.43  -3567.56  -3416.62  
Period   5 -3650.9  -3868.24  -3809.34  -3621.14  -3357.68  -3714.49  
SCENARIO 56
UNDS0
Period   0 1780.87  2487.75  1222.29  1212.83  1767.23  2045.64  
Period   1 2607.51  2036.31  3188.33  3390.36  1094.01  3549.49  
Period   2 1639.45  2768.32  1654.28  2685.88  2560.53  2381.72  
Period   3 4129  3822.82  4254.12  2712.37  4143.05  5202.16  
Period   4 3518.45  4102.59  2894.87  3190.39  6675.94  3754.87  
Period   5 2924.58  3068.3  2494.61  2763.21  2343.11  4126.24  
UNDS1
Period   0 -3833.75  -3446.47  -4011.15  -3657.95  -3619.31  -3734.14  
Period   1 -4033.98  -5127.69  -3680.34  -4401.36  -4311.57  -5037.26  
Period   2 -3614.73  -3390.82  -3463.74  -3247.76  -3615.02  -3408.94  
Period   3 -3291.53  -3393.22  -3495.9  -3503.88  -3350.13  -3415.47  
Period   4 -3258.53  -3375.34  -3240.51  -3543.28  -3336.21  -3325.3  
Period   5 -3940.37  -3703.21  -3842.82  -3833.91  -3660.25  -3248.59  
SCENARIO 57
UNDS0
Period   0 1498.28  2603.52  1681.44  1812.09  1460.09  2931.11  
Period   1 647.681  966.672  1686.51  4063.8  1085.4  2723.12  
Period   2 3050.77  2973.94  1943.14  1089.69  3407.18  2285.25  
Period   3 2291.55  4509.19  1839.8  4554.75  4672.57  4336.81  
Period   4 2916.65  4241.94  4322.6  3927.27  5132.17  3361.94  
Period   5 3089.19  4024.17  2286.32  2675.99  5487.81  3078.28  
UNDS1
Period   0 -3498.18  -3499.22  -3812.19  -3908.75  -3865.15  -3812.71  
Period   1 -5350.2  -4957.45  -4639.51  -5193.36  -4891.81  -2674.35  
Period   2 -3107.75  -2752.54  -3612.65  -3466.43  -3454.75  -3053.17  
Period   3 -3619.86  -3433.8  -3642.4  -3504.7  -3616.3  -3543.48  
Period   4 -3609.11  -3533.36  -3730.84  -3597.58  -3609.99  -3243.08  
Period   5 -3768.25  -3888.79  -3716.83  -3450.56  -3508.87  -3703.92  
SCENARIO 58
UNDS0
Period   0 2627.24  1359.07  1381.31  1646.32  1825.5  1471.67  
Period   1 3908.45  431.814  1132.15  2790.27  1077.82  2128.94  
Period   2 2666.6  2135.5  2349.2  2442.15  1050.41  2982.58  
Period   3 3411.53  3874.83  3234.62  3171.66  4319.31  4027.31  
Period   4 2884.34  3456.14  2896.91  5950.78  4597.24  5913.08  
Period   5 2602.01  4027.97  2673.14  3044.59  5021.64  3353.84  
UNDS1
Period   0 -3948.68  -3661.32  -3420.05  -3658.04  -3796.39  -3769.37  
Period   1 -3842.46  -4386.25  -4607.99  -3861.07  -4177.08  -4816.57  
Period   2 -3692.5  -3157.38  -3289.07  -3376.84  -3439.78  -3261.93  
Period   3 -3666.75  -3697.77  -3704.07  -3520.82  -3595.55  -3310.17  
Period   4 -3374.63  -3763.64  -3739.88  -3756.23  -3670.36  -3446.05  
Period   5 -3760.96  -3610.4  -3870.21  -3457.13  -3369.05  -3519.24  
SCENARIO 59
UNDS0
Period   0 2232.64  2353.87  2384.86  1628.83  1145.54  1332.04  
Period   1 1989.7  3200.02  1551.47  3756.62  1268.84  2178.02  
Period   2 1671.79  901.221  3515.23  2861.03  3522.25  1178.4  
Period   3 4126.97  1885.6  2462.1  3631.48  3399.72  2451.75  
Period   4 2695.51  4256.8  4200.9  5450.93  3386.29  4284.17  
Period   5 6078.04  3450.56  3165.98  3551.26  3077.72  2746.22  
UNDS1
Period   0 -3996.08  -3930.44  -3795.62  -3827.68  -3784.49  -3365.06  
Period   1 -4888.3  -3667.78  -5166.98  -4990.62  -3437.78  -4259  
Period   2 -3457.13  -2729.71  -3369.96  -3419.02  -3178.7  -3406.47  
Period   3 -3665.36  -3252.32  -3317.75  -3265.6  -3453.32  -3656.58  
Period   4 -3661.87  -3356.06  -3411.36  -3515.03  -3715.08  -3591.88  
Period   5 -3543.18  -3597.24  -3845.72  -3860.9  -3650.67  -3755.25  
SCENARIO 60
UNDS0
Period   0 2652.48  2122.48  1667.39  2130.19  2107.49  2300.82  
Period   1 1494.02  1926.87  1619.61  738.222  2400.05  1371.26  
Period   2 2028.08  1471.7  3225.83  1612.13  2537.59  3943.23  
Period   3 2149.3  2639.24  3704.68  4310.05  4463.57  3344.67  
Period   4 5639.6  3264.69  5433.76  3267.21  4584.55  3709.23  
Period   5 2183.62  4016.34  4075.16  4715.24  3259.92  2707.39  
UNDS1
Period   0 -3904.88  -3843.17  -3375.28  -3962.56  -3587  -3712.6  
Period   1 -4990.65  -5126.96  -4580.82  -3795.51  -4202.82  -4508.08  
Period   2 -3545.85  -3593.88  -3695.89  -3248.54  -2939.47  -3532.84  
Period   3 -3451.37  -3512.42  -3590.45  -3610.87  -3672.56  -3348.22  
Period   4 -3668.67  -3543.21  -3756.78  -3622.7  -3388.36  -3395.71  
Period   5 -3535.97  -3444.79  -3853.39  -3669.12  -3753.51  -3584.95  
SCENARIO 61
UNDS0
Period   0 1323  1221.05  1817.65  1647.98  1306.63  1834.18  
Period   1 2230.54  2602.58  1524.32  2198.45  2998.27  1188.13  
Period   2 2266.26  2151.9  3418.89  3617.44  3729.57  2274.72  
Period   3 2332.45  3038.76  4785.07  2339.55  4600.05  4185.15  
Period   4 3407.39  3963.33  2757.02  4607.12  2537.39  3669.22  
Period   5 3248.2  2539.76  3434.44  4962.61  2894.05  4079.56  
UNDS1
Period   0 -3851.15  -3821.82  -3880.06  -3643.61  -3922.23  -3339.91  
Period   1 -4153.93  -3678.73  -4127.63  -4222.86  -4903.86  -4430.64  
Period   2 -3547.9  -3626.29  -3486.07  -3240.15  -3274.61  -3478.25  
Period   3 -3465.07  -3506.13  -3600.41  -3700.85  -3718.9  -3344.22  
Period   4 -3364.02  -3613.89  -3506.96  -3516.55  -3427.08  -3524.92  
Period   5 -3721.57  -3875.48  -3577.92  -3782.17  -3799.96  -3599.63  
SCENARIO 62
UNDS0
Period   0 1913.47  2027.32  1576.49  1907.75  1662.26  2610.26  
Period   1 2317.9  1359.84  3979.12  3515.02  2688.3  1268.85  
Period   2 1752.02  2475.61  2674.66  1690.62  1828.04  3120.85  
Period   3 3099.52  4172.67  3371.48  4921.71  2820.43  2505.93  
Period   4 3190.56  2916.84  5096.02  3448.3  2936.95  5810  
Period   5 4835.35  2480.46  4134.49  3295.02  3327.23  4003.4  
UNDS1
Period   0 -3648.36  -3877.11  -4074.2  -3398.42  -3199.85  -4039.38  
Period   1 -5067.71  -4447.93  -5016.23  -4874.98  -4594.18  -3204.48  
Period   2 -3488.53  -3553.98  -3201.85  -3639.83  -3507.46  -3461.76  
Period   3 -3334.38  -3697.36  -3643.94  -3678  -3419.77  -3494.7  
Period   4 -3742.63  -3623.51  -3439.18  -3582.68  -3626.59  -3523.31  
Period   5 -3717.63  -3818.21  -3814.68  -3721.42  -3890.98  -3621.51  
SCENARIO 63
UNDS0
Period   0 1812.74  1705.12  1480.44  2172.52  1665.29  2534.78  
Period   1 1796.82  921.813  2543.56  853.733  2571.5  1760.73  
Period   2 2679.18  3497.59  1820.79  3328.7  2234.87  3715.94  
Period   3 1598.33  2120.35  4058.67  3815.54  2851.19  2640.42  
Period   4 3115.13  4782.55  2850.91  3328.25  2147.37  2743.86  
Period   5 3430.85  3988.7  5024.7  2915.19  2891.15  2261.99  
UNDS1
Period   0 -3920.48  -3796.6  -3814.09  -3313.37  -3920.58  -3416.96  
Period   1 -4027.14  -5039.81  -5322.15  -4624.26  -4720.37  -3916.91  
Period   2 -3457.65  -3494.64  -3413.85  -3477.03  -3598.57  -3245.99  
Period   3 -3536.9  -3656.76  -3652.05  -3606.56  -3684.23  -3352.67  
Period   4 -3713.06  -3490.26  -3547.54  -3542.83  -3697.15  -3643.01  
Period   5 -3760.76  -3739.96  -3789.3  -3713.44  -3886.22  -3413.98  
SCENARIO 64
UNDS0
Period   0 1525.17  1463.73  1439.19  2187.66  1705.88  1203.36  
Period   1 1739.62  1869.29  714.779  1076.12  851.113  4268.31  
Period   2 1470.53  3536.69  1640.91  2538.53  2683.36  2035.43  
Period   3 2219.98  3247.58  2183.71  3339.21  2681.53  3510.89  
Period   4 3239.01  4712.69  2785.59  2934.95  1932.13  2350.63  
Period   5 5549.38  4582.02  3338.06  3827.05  3590.58  3596.06  
UNDS1
Period   0 -4033.73  -3679.14  -3478.74  -3386.18  -4028.49  -3572.02  
Period   1 -5034.47  -5254.6  -4015.14  -4228.97  -5012.71  -4058.95  
Period   2 -3681.23  -3280.17  -3550.9  -3560.21  -3234.29  -2794.66  
Period   3 -3673.6  -3665.28  -3301.17  -3627.24  -3589.48  -3577.17  
Period   4 -3358.96  -3678.32  -3644.05  -3636.12  -3508.59  -3569.08  
Period   5 -3450.86  -3894.17  -3959.47  -3612.91  -3604.97  -3780.24  
SCENARIO 65
UNDS0
Period   0 1723.88  2593.72  2340.63  1291.48  2065.65  2389.63  
Period   1 2569.07  1245.24  3173.64  2931.51  1108.44  884.18  
Period   2 2295.88  1829.71  1830.48  2515.43  2062.19  1823.05  
Period   3 3893.92  2852.58  3077.8  4282.86  2361.45  4093.4  
Period   4 3170.61  3896.1  2806.28  4365.53  2739.8  2425.58  
Period   5 2995.76  2739.56  2706.9  2870.97  4683.57  4087.1  
UNDS1
Period   0 -3904.33  -3808.49  -3765.12  -3721.55  -3541.26  -3761.22  
Period   1 -5125.14  -4491.84  -4578.33  -5157.93  -4557.34  -3198.57  
Period   2 -3410.41  -3069.71  -3624.74  -3655.15  -3284.16  -3134.03  
Period   3 -3706.24  -3585.58  -3290.76  -3669.59  -3334.06  -3665.16  
Period   4 -3775.75  -3597.57  -3239.52  -3543.97  -3721.84  -3467.94  
Period   5 -3785.93  -3603.64  -3815.53  -3553.92  -3377.27  -3761.43  
SCENARIO 66
UNDS0
Period   0 1722.21  3366.79  2159.9  1293.37  2042.13  1424.71  
Period   1 2146.68  3671.1  4451.41  1069.36  713.44  3866.29  
Period   2 2175.85  3253.5  3244.27  2836.42  1507.06  2603.21  
Period   3 2844.85  3133.14  3732.32  2947.28  2622.71  2332.79  
Period   4 3213.85  3717.02  4714.21  2976.76  3598.88  3674.61  
Period   5 3290.86  4187.25  3849.92  2376.62  3237.43  3955.59  
UNDS1
Period   0 -3815.04  -3631.57  -3990.93  -3904.99  -4020.32  -3292.72  
Period   1 -4093.08  -4483.43  -4453.89  -5354.29  -4524.31  -3855.61  
Period   2 -3300.92  -3509.11  -3703.87  -3482.71  -3270.73  -2931.95  
Period   3 -3232.52  -3623.69  -3654.44  -3257.35  -3588.83  -3411.28  
Period   4 -3612.91  -3667.59  -3389.27  -3561.04  -3710.88  -3650.53  
Period   5 -3890.62  -3802.07  -3559.12  -3926.1  -3578.09  -3887.63  
SCENARIO 67
UNDS0
Period   0 1645.13  1558.58  1178.99  1803.1  2019.27  1293.87  
Period   1 769.578  3946.13  5272.11  3240.89  730.447  1927.14  
Period   2 3100.53  1578.93  2292.52  2440.74  2408.11  2296.91  
Period   3 3600.2  2412.89  2587.43  1722.01  4809.58  3038.36  
Period   4 4647.59  2177.17  4594.11  3707.83  3431.07  5353.97  
Period   5 2690.07  3875.07  3337.82  3133.95  4590.51  4335.02  
UNDS1
Period   0 -3896.31  -3695  -3991.4  -3736.4  -3826.99  -3455.75  
Period   1 -3832.95  -4140.67  -4310.69  -5304.42  -3661.72  -3968.09  
Period   2 -2718.64  -3388.69  -3167.09  -3640.75  -3690.26  -3544.09  
Period   3 -3338.05  -3508.34  -3472.89  -3774.01  -3474.91  -3695.03  
Period   4 -3657  -3591.28  -3736.25  -3463.74  -3718.83  -3461.44  
Period   5 -3970.64  -3653.39  -3795.99  -3861.52  -3490.44  -3598.98  
SCENARIO 68
UNDS0
Period   0 1668.95  1372.29  2181.16  2143.38  1715.44  1816.94  
Period   1 3707.27  1236.77  2444.12  2479.76  1995.53  3008.47  
Period   2 1783.95  2224.2  2101.16  1235.14  4225.29  2769.14  
Period   3 2176.25  3132.24  2312.26  3459.99  2848.33  3575.04  
Period   4 3449  5955.26  2342.62  4557.68  3205.56  3161.98  
Period   5 3062.92  2051.09  3032.02  2423.85  4699.57  4222.89  
UNDS1
Period   0 -3394.05  -3634.65  -3355.96  -3861.58  -4023.38  -4013.63  
Period   1 -4933.35  -4694.34  -5054.17  -4704.66  -4902.51  -3021.56  
Period   2 -3608.6  -3473.71  -3501.02  -3375.48  -3289.82  -3100.46  
Period   3 -3498.97  -3632.7  -3369.75  -3643.7  -3671.61  -3404.12  
Period   4 -3367.46  -3552.61  -3527.69  -3465.3  -3744.69  -3701.76  
Period   5 -3403.85  -3644.8  -3671.59  -3610.62  -3773.43  -3803.38  
SCENARIO 69
UNDS0
Period   0 2572.36  2571.14  1910.2  2053.65  1712.19  1906.33  
Period   1 1836.37  3180.07  2234.92  2196.12  1583.81  1950.68  
Period   2 3135.27  1329.34  1149.27  4233.46  2445.38  1155.54  
Period   3 2070.87  2814.36  3136.26  4453.27  3140.37  2148.89  
Period   4 3583.62  7070.68  4067.7  5231.2  3204.32  4296.35  
Period   5 2050.56  3204.43  3728.09  2941.68  2565.18  4722.82  
UNDS1
Period   0 -3871.35  -3986.14  -3839.51  -3857.47  -3951.31  -3209.72  
Period   1 -4163.99  -4427.22  -3508.6  -4812.74  -4928.03  -3961.5  
Period   2 -3516.58  -3445.43  -3102.49  -2800.35  -3404.92  -3494.3  
Period   3 -3568.44  -3548.06  -3663.81  -3691.49  -3343.3  -3545.5  
Period   4 -3496.69  -3737.35  -3165.12  -3640.44  -3237.8  -3721.76  
Period   5 -3638  -3736.67  -3808.84  -3610.34  -3788.83  -3601.89  
SCENARIO 70
UNDS0
Period   0 2644.48  2079.53  2143.67  1696.99  1789.57  1498.14  
Period   1 379.179  2619.29  1159.65  1190.96  1880.3  2308.83  
Period   2 1649.88  2500.18  4196.06  3200.69  2678.14  1094.64  
Period   3 2503.92  2736.75  2769.64  2651.78  4814.99  2146.52  
Period   4 5394.53  4093.66  4728.62  3674.83  2911.33  5303.99  
Period   5 3395.29  2012.89  3757.25  4510.7  3911.66  2024.91  
UNDS1
Period   0 -3646.25  -3829.45  -3873.34  -3945.35  -3892.75  -3330.18  
Period   1 -4292.71  -4866.51  -4269.34  -4714.21  -3273.57  -4566.46  
Period   2 -3582.08  -3692.27  -3612.21  -3626.98  -3763.81  -2523.09  
Period   3 -3525.66  -3583.3  -3183.61  -3565.53  -3557.07  -3683.23  
Period   4 -3619.16  -3674.41  -3477.89  -3550.75  -3745.93  -3717.65  
Period   5 -3668.06  -3761.42  -3859.98  -3707.78  -3484.96  -3615.64  
SCENARIO 71
UNDS0
Period   0 2386.02  2282.8  2037.04  2093.68  1563.91  1979.18  
Period   1 1542.92  1314.69  2377.82  2147.18  2305.78  255.166  
Period   2 2366.28  3224.92  2471.92  2282.11  2121.41  1706.7  
Period   3 4943.17  3034.06  3437.21  2888.19  6024.77  2545.81  
Period   4 2899.67  2490.83  4920.91  2752.26  3304.43  5459.74  
Period   5 3630.76  4102.09  4500.38  3199.63  3994.36  3887.3  
UNDS1
Period   0 -3973.6  -3638.87  -3495.61  -3997.2  -3717.68  -3634.42  
Period   1 -4646.6  -4637.99  -4232.24  -4573.44  -4918.56  -4152.33  
Period   2 -3604.08  -3054.07  -3143.59  -3356.4  -3308.07  -3585.79  
Period   3 -3573.49  -3660.8  -3731.14  -3689.64  -3444.93  -3336.32  
Period   4 -3355.94  -3542.21  -3706.07  -3484.5  -3670.96  -3675.75  
Period   5 -3763.95  -3715.21  -3656.09  -3722.02  -3824.2  -3685.54  
SCENARIO 72
UNDS0
Period   0 1356.35  1600.64  1927.46  1734.11  2239.67  2871.71  
Period   1 645.666  1582.61  497.661  820.201  860.934  197.865  
Period   2 3994.47  1653.1  2422.16  2053.02  3130.91  1145.74  
Period   3 4129.62  3669.15  2071.01  2678.56  3102.41  2068.61  
Period   4 2192.67  4670.72  3969.63  2895.02  2700.67  3273.79  
Period   5 4004.79  3897.19  2959.03  3132.02  4366.29  2443.49  
UNDS1
Period   0 -3949.74  -3545.22  -3581.29  -3914.65  -3949.91  -3514.35  
Period   1 -4427.59  -4442.05  -5085.21  -4860.26  -4970.34  -3730.17  
Period   2 -3051.27  -2893.94  -3420.52  -3226.5  -3363.97  -3794.92  
Period   3 -3769.16  -3687.91  -3709.97  -3505.2  -3554.04  -3172.6  
Period   4 -3416.07  -3749.6  -3604.37  -3575.35  -3381.31  -3723.78  
Period   5 -3841.53  -3881.38  -3864.62  -3821.62  -3783.37  -3466.92  
SCENARIO 73
UNDS0
Period   0 1375.97  1555.68  1278.97  1255.71  3090.14  2253.61  
Period   1 607.91  2145.64  1602  1176.39  717.684  220.358  
Period   2 4299.07  2833.69  2037.33  2075.96  2377.44  3160.28  
Period   3 2818.15  3116.66  1797.05  2145.49  2960.28  2235.42  
Period   4 3273.35  3682.14  3881.92  2290.91  2685.85  2436.19  
Period   5 6356.24  2659.86  2594.04  3037.53  3466.27  3646.91  
UNDS1
Period   0 -3569.27  -3729.95  -3815.92  -3421.73  -3692.28  -3932.18  
Period   1 -4503.55  -5073.47  -4914.73  -4649.94  -4360.11  -3958.06  
Period   2 -3300.39  -3755.09  -3574.32  -3558.86  -3144.2  -3257.28  
Period   3 -3638.38  -3518.46  -3377.62  -3592.59  -3583.42  -3290.97  
Period   4 -3475.7  -3423.45  -3523.33  -3566.46  -3680.39  -3605.6  
Period   5 -3634.55  -3585.58  -3578.74  -3931.03  -3645.29  -3478.68  
SCENARIO 74
UNDS0
Period   0 1319.64  1416.65  2063.7  2138.42  2613.16  2350.6  
Period   1 1702.75  1368.12  1883.04  607.954  2304.57  2229.72  
Period   2 1548.73  2866.48  3264.08  2872.45  2334.67  3312.24  
Period   3 5268.07  3949.95  3841.23  4827.75  1920.13  3456.43  
Period   4 4518.63  2110.18  4030.97  3286.41  4107.87  4631.38  
Period   5 3576.6  3241.87  2803.67  2190.1  4129.73  2437.16  
UNDS1
Period   0 -3490.2  -3982.51  -3726.7  -3546.07  -3696.72  -3986.07  
Period   1 -4443.97  -3916.22  -4865.83  -4736.43  -4182.14  -4029.77  
Period   2 -3716.4  -3321.07  -3588.58  -3747.21  -3706.38  -2530.97  
Period   3 -3761.11  -3695.28  -3658.56  -3639.73  -3599.34  -3121.89  
Period   4 -3467.39  -3536.21  -3276.3  -3708.52  -3585.77  -3614.16  
Period   5 -3540.59  -3783.39  -3646.13  -3772.27  -3890.88  -3828.52  
SCENARIO 75
UNDS0
Period   0 2570.46  1651.41  1372.93  1497.42  2680.13  1457.71  
Period   1 1173.94  3298.91  2231.61  2510.17  2591.72  2230.31  
Period   2 1474.03  1836.51  3016.7  1383.77  3258.98  3602.69  
Period   3 2431.1  3506.77  3861.72  2458.1  2616.76  3384.39  
Period   4 2752.49  2788.98  3054.9  4540.73  2711.67  4119.29  
Period   5 3071.98  3437.63  2035.99  3564.18  2992.7  2286.7  
UNDS1
Period   0 -3777.69  -3937.88  -3932.08  -3872.52  -3966.25  -3158.01  
Period   1 -4106.84  -3769.02  -5058.28  -4567.5  -4240.4  -3876.44  
Period   2 -3340.63  -3587.74  -3098.84  -3220.67  -3600.33  -3625.28  
Period   3 -3557.5  -3580.21  -3590.6  -3744.64  -3512.79  -3449.9  
Period   4 -3313.62  -3478.66  -3693.3  -3564.68  -3406.18  -3335.47  
Period   5 -3359.21  -3921.28  -3692.27  -3499.5  -3783.4  -3866.01  
SCENARIO 76
UNDS0
Period   0 3333.1  2299.14  2348.63  2773  3387.33  1815.44  
Period   1 3307.81  3231.78  3132.09  2552.09  2309.23  2938.72  
Period   2 3750.7  1844.58  2685.52  2886  2062.43  1295.84  
Period   3 3102.13  2823.07  5256.6  3367.42  2328.03  3141.03  
Period   4 6093.22  3511.4  3969.4  3223.93  3329.77  3907.64  
Period   5 2427.47  3413.12  3389.34  3099.09  2955.19  2780.89  
UNDS1
Period   0 -3549.77  -3806.17  -3726.82  -3584.71  -3716.23  -4001.36  
Period   1 -3303.74  -4921.43  -4855.63  -4897.61  -5114.82  -3644.26  
Period   2 -3468.55  -3520.55  -3276.04  -3646.54  -3373.42  -3114.14  
Period   3 -3257.82  -3617.67  -3607.79  -3579.09  -3646.76  -3392.38  
Period   4 -3404.12  -3668.67  -3676.11  -3730.61  -3679.9  -3486.14  
Period   5 -3405.51  -3760.36  -3644.53  -3875.69  -3771.56  -3643.68  
SCENARIO 77
UNDS0
Period   0 2494.47  1965.3  1731.57  1313.75  2491.89  2182.74  
Period   1 1889.37  1690.66  2386.42  2744.56  1806.14  2022.45  
Period   2 3565.08  2920.41  2034.52  2459.39  1948.79  3227.35  
Period   3 2402.46  2254.19  2572.96  5847.51  2904.34  3457.01  
Period   4 3914.52  2594.3  4089.57  4230.62  3054.09  3157  
Period   5 4181.13  4484.93  2831.98  2128.31  2701.89  4674.53  
UNDS1
Period   0 -3771.29  -3716.93  -3898.49  -3889.65  -3490.42  -3854.22  
Period   1 -3899.78  -4231.89  -3959.1  -5054.81  -4277.15  -4954.57  
Period   2 -3604.51  -3322.97  -3288.94  -2942.48  -3106.92  -3252.09  
Period   3 -3671.38  -3582.04  -3277.92  -3686.61  -3702.68  -3256.39  
Period   4 -3761.85  -3712.34  -3753.91  -3613.31  -3643.22  -3261.7  
Period   5 -3971.52  -3913.16  -3394.27  -3585.45  -3760.23  -3872.74  
SCENARIO 78
UNDS0
Period   0 1185.91  1918.42  1627.69  1667.04  1805.46  2811.68  
Period   1 3007.33  1673.59  1952.06  640.762  2576.67  1644.28  
Period   2 1839.95  2047.45  2182.68  3710.86  1558.23  1830.33  
Period   3 2503.71  1896.27  6238.12  3535.36  3326.93  4081.09  
Period   4 2643.88  6430.28  3725.04  2291.07  5373.52  2993.19  
Period   5 4182.01  2019.11  3224.09  2439.42  2626.79  2642.71  
UNDS1
Period   0 -3519.65  -3714.29  -3598.17  -3777.35  -3946.37  -3836.25  
Period   1 -4444.09  -4750.3  -5265.86  -3704.39  -4596.03  -3609.04  
Period   2 -3637.15  -3216.14  -3228.76  -3127.17  -3558.82  -3468.94  
Period   3 -3663.51  -3320.38  -3631.8  -3603.53  -3682.31  -3320.87  
Period   4 -3593.1  -3586.42  -3524.06  -3643.65  -3585.55  -3508.86  
Period   5 -3726.22  -3251.5  -3790.67  -3886.58  -3596.93  -3524.13  
SCENARIO 79
UNDS0
Period   0 2181.35  2172.57  1849.61  2252.65  1299.65  2183.64  
Period   1 2361.63  2697  1845.37  370.545  1261.11  1926.89  
Period   2 1596.1  3746.16  4767.69  1798.51  1811.37  1220.21  
Period   3 4903.46  1621.19  3733.94  3632.17  4441.07  3474.37  
Period   4 3743.19  3145.7  2773.6  2982.31  3482.33  2873.34  
Period   5 3543.4  4199.78  3531.21  4916.54  3849.67  3354.79  
UNDS1
Period   0 -3570.23  -3984.47  -3988.4  -3936.65  -3745.92  -3300.03  
Period   1 -4399.26  -4208.86  -4931.42  -4660.92  -4728.49  -4283.69  
Period   2 -3338.7  -3521.03  -3569.99  -3589.57  -3696.77  -2897.05  
Period   3 -3645.26  -3615.3  -3314.01  -3515.46  -3635.97  -3661.04  
Period   4 -3251.94  -3664.22  -3496.39  -3631.22  -3725.51  -3651.23  
Period   5 -3905.43  -3454.17  -3640.63  -3896.35  -3757.92  -3529.07  
SCENARIO 80
UNDS0
Period   0 1465.92  1951.74  2154.25  2889.81  1577.86  2176.3  
Period   1 1791.62  1669.65  2881.18  4180.14  35.517  2069.06  
Period   2 4712.24  2685.84  1757.53  2931.3  1416.39  1806.94  
Period   3 5613.1  4295.3  3179.79  4463.76  4241.69  3481.94  
Period   4 3626.6  5081.98  3076.36  2574.41  6764.46  3903.59  
Period   5 3500.8  3402.38  3310.75  2395.91  3071.09  4226.63  
UNDS1
Period   0 -3581.34  -3874.72  -4000.39  -3767.97  -3811.54  -3361.51  
Period   1 -4307.92  -4129.26  -4894.33  -4371.14  -5115.94  -4200.22  
Period   2 -3475.79  -3530.84  -3517.9  -3644.13  -3185.57  -3283.2  
Period   3 -3286.72  -3626.58  -3548.26  -3321.35  -3179.78  -3404.43  
Period   4 -3572.32  -3717.45  -3697.95  -3679.58  -3282.38  -3708.16  
Period   5 -3840.59  -3696.67  -3909.75  -3747.78  -3431.41  -3659.26  
SCENARIO 81
UNDS0
Period   0 2334.8  1654.07  1739.8  2897.46  1845.08  1719.39  
Period   1 545.392  2300.12  1405.74  1016.09  1442.87  1316.06  
Period   2 2036.49  2152.76  3069.96  1544.49  2411.77  3495.04  
Period   3 3906.93  3761.27  4376.3  1821.62  4257.38  3769.61  
Period   4 2802.59  2758.39  4092.02  3173.09  3598.32  4644.93  
Period   5 4433.57  3434.3  2193.02  2116.26  2443.77  4396.9  
UNDS1
Period   0 -3662.36  -3852.48  -3527.82  -3866.65  -3930.91  -3790.76  
Period   1 -4919  -5198.85  -4930.77  -5156.25  -5030.23  -2497.09  
Period   2 -3167.24  -3362.17  -3667.92  -3396.9  -3606.14  -2925.07  
Period   3 -3596.69  -3179.29  -3523.79  -3500.4  -3498.89  -3398.32  
Period   4 -3559.57  -3325.94  -3736.78  -3358.84  -3536.58  -3712.13  
Period   5 -3832.5  -3745.14  -3888.01  -3791.75  -3723.76  -3613.76  
SCENARIO 82
UNDS0
Period   0 1521.75  2664.7  2478.37  2838.79  1752.32  1690.11  
Period   1 2026.24  2787.96  843.655  2687.13  187.251  3881.25  
Period   2 4014.65  3384.09  2020.8  2260.77  2359.51  3032.82  
Period   3 2533.94  1923.31  3663.33  1847.04  5495.13  2127.91  
Period   4 2922.8  3072.37  2928.87  5211.69  3901.66  2335.84  
Period   5 2917.85  3884.68  3388.62  2889.08  2445.25  3488.46  
UNDS1
Period   0 -3604.11  -3637.06  -3715.28  -3478.89  -3771.65  -4018.2  
Period   1 -4647.04  -4680.54  -4314.95  -4715.9  -5172.17  -3202.28  
Period   2 -3423.47  -3519.23  -3120.12  -3144.26  -3597.04  -3061.27  
Period   3 -3398.64  -3597.53  -3452.31  -3627.96  -3735.16  -3288.68  
Period   4 -3743.07  -3592.42  -3661.59  -3487.28  -3549.64  -3752.18  
Period   5 -3928.56  -3369.71  -3547.05  -3417.02  -3365.29  -3838.63  
SCENARIO 83
UNDS0
Period   0 1777.87  2255.07  1628.88  1571.31  1275.34  2197.75  
Period   1 222.578  2063.71  2045.42  1540.96  2406.83  1510.79  
Period   2 1353.24  3293.6  4393.26  2400.74  1851.94  1820.71  
Period   3 1995.5  2741.82  4294.76  3517.47  2306.22  3372.24  
Period   4 2767.68  4902.43  2182.12  4309.24  5465.99  4252.96  
Period   5 2701.39  2055.34  3073.73  4343.68  3566.08  5825.68  
UNDS1
Period   0 -3879.76  -3862.15  -3860.81  -3547.68  -3722.24  -3654.44  
Period   1 -4851.91  -4839.1  -4286.79  -4836.12  -4946.06  -3834.01  
Period   2 -3265.45  -3696.7  -3348.39  -3426.19  -3490.3  -3166.01  
Period   3 -3421.77  -3557.04  -3535.68  -3639.5  -3434.48  -3660.58  
Period   4 -3575.16  -3556.26  -3725.18  -3721.66  -3734.91  -3344.83  
Period   5 -3735.66  -3770.07  -3912.79  -3818.78  -3460.82  -3782.61  
SCENARIO 84
UNDS0
Period   0 1587.51  1864.07  1554.96  1599.56  1725.83  2689.33  
Period   1 1579.28  1547.41  2705.81  1171.47  1247.33  2550.86  
Period   2 2347.47  2285.74  3971.85  3954.91  1823.62  1273.59  
Period   3 1854.73  4028.31  3426.63  3052.71  2394.14  2959.42  
Period   4 2907.89  4034.64  3422.7  2727.18  3810.53  3063.8  
Period   5 2611.71  2638.23  3735  3622.46  3608.37  5165.7  
UNDS1
Period   0 -3924.71  -3319.12  -3864.13  -3958.39  -4061.58  -3488.18  
Period   1 -4622.46  -4825.18  -4505.54  -4656.21  -3757.71  -4199.15  
Period   2 -2914.86  -3137.81  -3173.65  -2808.52  -3701.15  -3216.28  
Period   3 -3522.17  -3633.85  -3450.69  -3622.71  -3694.84  -3417.51  
Period   4 -3741.19  -3778.95  -3711.04  -3624.77  -3243.12  -3750.48  
Period   5 -3616.61  -3911.67  -3874.57  -3917.95  -3776.7  -3206.53  
SCENARIO 85
UNDS0
Period   0 2483.13  1769.12  1427.51  2529.34  1758.67  1398.32  
Period   1 3898.9  1543.59  3501.91  520.932  1862.94  467.71  
Period   2 2557.4  940.973  1836.17  3176.75  3529.75  2011.58  
Period   3 2063.75  4524.18  2831.34  3784.64  1887.25  2034.73  
Period   4 3518.47  2321.91  1987.07  2471.9  2899.79  3229.42  
Period   5 2263.36  2540.41  2235.82  3496.45  4110.44  2802.71  
UNDS1
Period   0 -3846.35  -3968.92  -3542.01  -4026.36  -3605.9  -3621.63  
Period   1 -4266.41  -3948.23  -4997.6  -5086.42  -4679.58  -4036.1  
Period   2 -3531.12  -3603.61  -3003.41  -3786.91  -3617.66  -3173.2  
Period   3 -3571.99  -3606.81  -3680.59  -3579.78  -3619.33  -3318.25  
Period   4 -3632.69  -3684.89  -3193.81  -3490.92  -3514.57  -3600.85  
Period   5 -3563.76  -3577.4  -3639.73  -3917.94  -3693.71  -3953.04  
SCENARIO 86
UNDS0
Period   0 1211.12  3346.22  1192.4  1749.03  1734.9  2672.74  
Period   1 1281.6  1749.64  4038.32  594.28  1609.87  3392.14  
Period   2 1402.94  2603.51  1583.16  2792.37  1514.5  2491.49  
Period   3 2349.31  2775.35  3119.74  4088.83  2117.96  3097.23  
Period   4 4659.61  2609.98  4459.95  3702.13  3235.3  4568.56  
Period   5 2714.85  4168.91  3028.53  5133.13  2722.4  3587.18  
UNDS1
Period   0 -3522.97  -3596.17  -3936.23  -3977.42  -3777.89  -3802.37  
Period   1 -3972.19  -5062.9  -4750.1  -4905.71  -5202.97  -3410.18  
Period   2 -3485.23  -3448.52  -3473.58  -3420.68  -3578.81  -3197.09  
Period   3 -3553.02  -3744.6  -3684.36  -3505.27  -3646.72  -3280.99  
Period   4 -3536.28  -3448.66  -3608.35  -3704.69  -3530.86  -3484.11  
Period   5 -3535  -3457.96  -3933.35  -3754.23  -3803.42  -3896.76  
SCENARIO 87
UNDS0
Period   0 1767.2  1506.8  2492.79  1398.79  1724.54  1219.2  
Period   1 2858.9  1281.24  1787.14  1656.63  2360.49  3353.1  
Period   2 4064.14  3378.28  1931.83  1440.85  1758.16  1837.56  
Period   3 3981.81  1734.43  3292.36  2664.87  3176.08  2343.72  
Period   4 2560.78  4160.2  3470.48  3435.67  6621.18  5875.75  
Period   5 3268.88  4012.18  4426.62  3443.71  3805.3  4855.05  
UNDS1
Period   0 -3783.39  -3560.52  -3901.12  -3389.59  -3628.39  -3867.06  
Period   1 -5131.71  -4135.57  -4992.96  -3525.86  -4570.9  -4689.54  
Period   2 -3037.26  -3671.96  -3744.41  -3225.9  -3148.84  -2879.13  
Period   3 -3481.14  -3556.07  -3384.54  -3439.43  -3394.5  -3697.34  
Period   4 -3741.11  -3660.43  -3478.71  -3524.49  -3685.14  -3695.86  
Period   5 -3712.22  -3520.84  -3548.76  -3898.94  -3497.07  -3236.12  
SCENARIO 88
UNDS0
Period   0 1760.91  2152.96  1402.36  1749.05  2132.63  1838.44  
Period   1 1229.08  1028.24  3502.76  2460.74  2042.12  685.12  
Period   2 2676.97  1335.54  1573.13  4361.29  2543.01  3728.62  
Period   3 3983.94  3504.16  3503.56  3088.07  3000.91  2812.33  
Period   4 3540.18  5406.36  3381.35  4568.97  6181.23  3227.5  
Period   5 4675.25  2129.81  3963.66  2087.33  2415.77  3946.1  
UNDS1
Period   0 -3887.58  -3504.15  -4013.17  -3639.79  -4011.42  -3508.58  
Period   1 -5178.1  -3919.39  -4652.03  -5259.33  -5267.49  -3219.59  
Period   2 -3603.46  -2765.67  -3339.18  -3179.07  -3649.51  -3059.11  
Period   3 -3659.38  -3622.05  -3538.28  -3536.14  -3513.78  -3470.38  
Period   4 -3499.8  -3354.48  -3398.13  -3496.85  -3638.21  -3648.64  
Period   5 -3564.81  -3710.96  -3502.16  -3706.17  -3791.72  -3585.28  
SCENARIO 89
UNDS0
Period   0 2553.38  2267.93  2343.16  2182.36  3127.47  1485.08  
Period   1 1239.36  968.956  610.214  1448.2  3559.67  4941.89  
Period   2 1747.45  1427.62  1900.09  1962.46  1181.56  1572.77  
Period   3 2086.97  2018.22  3716.24  2283.58  2528.38  3171.61  
Period   4 2624.02  4625.07  2323.4  3985.23  3009.77  4106.35  
Period   5 2751.41  2556.5  3022.49  2559.63  3683.9  2169.76  
UNDS1
Period   0 -3996.04  -3283.61  -3680.5  -3724.64  -3888.14  -3989.24  
Period   1 -4172.78  -4092.47  -4158.73  -3823.79  -4933.26  -4940.62  
Period   2 -3730.72  -3504.28  -3609.4  -3416.11  -3699.31  -2790.79  
Period   3 -3513.22  -3403.23  -3626.92  -3773.83  -3620.23  -3478.06  
Period   4 -3596.26  -3530.15  -3595.41  -3736.15  -3509.53  -3575.96  
Period   5 -3366.93  -3321.36  -3481.75  -3616.5  -3765.51  -3861.09  
SCENARIO 90
UNDS0
Period   0 1336.93  1437.17  1283.11  3188.09  2176.89  1880.94  
Period   1 4043.8  1003.88  346.884  969.99  879.516  1671.66  
Period   2 3158.39  1907.3  1288.95  1822.07  1189.43  2846.7  
Period   3 4852.44  3013.45  2671.45  6165.73  2197.56  3698.56  
Period   4 3556.61  4271.98  3759.46  4103.03  2754.16  5333.39  
Period   5 4649.55  3907.83  2467.16  3790.98  2582.42  2865  
UNDS1
Period   0 -3911.68  -3683.68  -3788.52  -3694.72  -3889.74  -3388.45  
Period   1 -4272.47  -5209.21  -4305.16  -4264.18  -4479.44  -4855.15  
Period   2 -3688.88  -3086.81  -3523.77  -3656.5  -3263.36  -3072.75  
Period   3 -3641.12  -3770.24  -3691.08  -3467.18  -3696.63  -3220.93  
Period   4 -3458.15  -3240.28  -3754.66  -3422.29  -3384.65  -3475.07  
Period   5 -3779.71  -3697.96  -3789.93  -3934.27  -3497.8  -3745.49  
SCENARIO 91
UNDS0
Period   0 1949.5  1801.89  1669.27  1933.33  1580.67  1607.66  
Period   1 728.328  768.371  211.464  724.961  1015.77  881.74  
Period   2 1914.96  4212.13  4123.69  2623.61  4075.79  987.193  
Period   3 3952.97  5086.52  3776.48  3107.82  3836.22  2933.2  
Period   4 2643.37  3340.11  3064.27  2746.91  2864.99  2737.07  
Period   5 3491.24  2705.03  2949.6  4393.85  3880.7  4167.95  
UNDS1
Period   0 -3923.49  -3717.74  -3892.49  -3355.11  -4015.7  -3747.49  
Period   1 -4911.4  -4512.49  -4882.74  -4102.76  -4074.53  -3980.22  
Period   2 -3116.95  -3564.06  -3568.88  -3712.58  -3046.42  -3509.73  
Period   3 -3505.26  -3371.79  -3232.55  -3510.39  -3506.16  -3666.48  
Period   4 -3612.25  -3426.72  -3493.19  -3549.18  -3646.48  -3734.03  
Period   5 -3622.99  -3767.46  -3926.54  -3780  -3675.55  -3781.11  
SCENARIO 92
UNDS0
Period   0 2435.3  2183.04  1776.43  1615.53  1845.59  1580.49  
Period   1 2694.21  2494.9  1592.91  188.2  1119.2  1291.65  
Period   2 1119.36  1305.16  4641.4  2678.9  2289.69  3455.21  
Period   3 4382.19  3339.31  4026.1  2413.9  2074.65  2104.85  
Period   4 5775.37  3507.94  3638.32  1968.93  2723.22  4744.44  
Period   5 4153.33  3099.75  4399.64  2293.53  4482.63  2999.59  
UNDS1
Period   0 -3881.97  -3994.31  -3690.23  -4020.59  -3873.39  -3186.73  
Period   1 -4835.19  -4480.94  -3474.36  -3466.57  -4484.49  -4261.05  
Period   2 -3535.3  -3585.71  -3253.33  -3694.89  -3217  -3199.07  
Period   3 -3673.06  -3356.56  -3425.31  -3656.37  -3301.01  -3490.1  
Period   4 -3684.82  -3604.28  -3755.52  -3762.38  -3564.22  -3438.45  
Period   5 -3829.27  -3334.45  -3896.93  -3505.08  -3397.87  -3827.73  
SCENARIO 93
UNDS0
Period   0 1739.58  1396.8  2261.84  1326.63  1616.13  1472.38  
Period   1 362.19  578.343  1858.55  829.784  1393.72  1784.03  
Period   2 2951.86  2156.86  1397.61  3408.34  2670.31  2374.66  
Period   3 3348.57  2593.44  2058.56  3727.1  2002.49  3293.6  
Period   4 5055.01  5702.85  2363.71  5982.62  3418.96  3838.19  
Period   5 3084.9  3180.77  3726.35  5035.74  3879.32  3974.41  
UNDS1
Period   0 -3930.08  -3705.08  -3837.58  -3483.44  -3279.34  -3903.59  
Period   1 -5199.18  -4078.72  -4975.38  -3934.35  -4153.98  -4708.93  
Period   2 -3560.89  -3299.83  -3573.73  -3069.61  -3301.33  -3420.21  
Period   3 -3064.24  -3736.39  -3660.45  -3678.89  -3636.68  -3469.97  
Period   4 -3561.71  -3662.09  -3554.89  -3615.64  -3580.41  -3574.38  
Period   5 -3654.31  -3704.85  -3666.52  -3456.5  -3645.55  -3617.11  
SCENARIO 94
UNDS0
Period   0 1211.32  1667.01  1293.37  1762.79  2319.99  1862.18  
Period   1 3095.13  1846.44  1804.53  1135.97  3328.22  835.652  
Period   2 1833.66  3142.24  2735.61  2322.46  2489.55  1420.04  
Period   3 3091.64  4575.39  1648.65  2466.07  3289.99  2986.38  
Period   4 2977.57  4331.28  3727.03  5338.6  3183.94  4665.85  
Period   5 3644.89  4166.49  4669.43  4213.63  4150.85  4951.97  
UNDS1
Period   0 -3706.54  -3890.58  -3570.38  -3924.74  -3594.77  -3742.04  
Period   1 -4609.29  -4677.06  -4931.39  -4387.86  -4809.93  -3541.02  
Period   2 -3683.65  -3308.66  -3577.4  -3512.77  -3691  -2727.36  
Period   3 -3670.32  -3447.3  -3539.16  -3463.66  -3426.57  -3353.27  
Period   4 -3523.32  -3606.79  -3749.56  -3651.45  -3614.61  -3624.6  
Period   5 -3574.4  -3563.02  -3904.65  -3745.33  -3557.48  -3680.05  
SCENARIO 95
UNDS0
Period   0 1496.42  1380.5  1276.6  1778.32  2547.8  1806.92  
Period   1 615.745  3168.5  2781.79  604.394  1127.79  619.644  
Period   2 2838.53  999.294  2918.25  2487.85  2509.86  2225.94  
Period   3 4179.75  3494.66  2876.52  5135.54  2525.63  3918.83  
Period   4 2256.62  3357.64  2457.98  2070.81  5414.13  2647.78  
Period   5 4011.73  2522.46  3591.85  4127.07  4712.08  4119.09  
UNDS1
Period   0 -3852.25  -3626.81  -3906.09  -3748.32  -3222.08  -3828.07  
Period   1 -4996.07  -4360.68  -4297.14  -4686.25  -5097.29  -3795.57  
Period   2 -3332.38  -3190.77  -3395.08  -3444.73  -3186.85  -2948.67  
Period   3 -3627.15  -3784.74  -3605.33  -3620.8  -3543  -3287.17  
Period   4 -3732.12  -3535.56  -3413.44  -3552.29  -3328.16  -3680.19  
Period   5 -3910.22  -3652.7  -3831.27  -3595.58  -3917.16  -3739.67  
SCENARIO 96
UNDS0
Period   0 2034.67  2487.49  1627.76  2244.6  2051.86  1929.49  
Period   1 1227.42  1550.83  1277.08  2987.09  2728.63  3095.12  
Period   2 2291.59  3092.45  2620.67  1720.23  2977.78  2063.1  
Period   3 4024.53  5450.46  3745.8  3250.06  1836.24  3213.29  
Period   4 3109.28  3753.42  4432.29  3118.08  3631.65  3308.3  
Period   5 4636  5241.98  2693.92  3444.18  3450.59  3232.34  
UNDS1
Period   0 -3850.52  -3716.91  -3525.29  -3687.58  -3968.43  -3701.33  
Period   1 -4189.06  -5123.23  -4947.52  -4244.64  -5232.26  -3743.63  
Period   2 -3691.91  -3487.72  -3155.19  -3111.93  -3594.93  -3724.98  
Period   3 -3360.83  -3342.19  -3472.34  -3438.27  -3444.59  -3522.4  
Period   4 -3701.53  -3398.02  -3471.36  -3736.64  -3582.07  -3563.35  
Period   5 -3569.51  -3571.29  -3665.41  -3721.37  -3847.37  -3780.72  
SCENARIO 97
UNDS0
Period   0 1177.77  1745.04  3819.28  2043.61  2034.07  1969.96  
Period   1 718.706  900.548  1723.76  2038.12  1538.82  970.277  
Period   2 2874.32  2011.26  3154.35  2369.24  2539.24  1219.09  
Period   3 3066.05  6143.76  3293.13  3052.7  2721.34  2134.94  
Period   4 2421.83  3819.58  3297.71  4502.48  4850.67  4085.52  
Period   5 2778.16  2301.93  3976.7  4258.11  3103.06  4374  
UNDS1
Period   0 -3890.07  -3576.82  -3910.42  -3760.24  -4030.07  -3428.47  
Period   1 -3938.49  -4095.46  -4753.8  -4661.12  -5228.16  -4049.92  
Period   2 -3325.71  -2742.53  -3486.93  -3710.53  -3306.55  -2942.38  
Period   3 -3504.5  -3524.65  -3489.35  -3549.05  -3465  -3673.93  
Period   4 -3233.81  -3612.05  -3547.77  -3717.02  -3684.59  -3673.57  
Period   5 -3884.14  -3758.52  -3467.72  -3784.14  -3511.8  -3721.3  
SCENARIO 98
UNDS0
Period   0 1889.63  1669.97  1990.72  2009.03  1635.46  1525.18  
Period   1 1383.28  1040.27  445.375  2032.16  1499.91  803.902  
Period   2 3145.59  1814.02  3372.72  2480.45  1561.4  2821.81  
Period   3 3343.84  2194.6  3745.97  4665.86  5413.09  3091.18  
Period   4 4816.15  3380.9  4481.6  3070.93  5035.19  3298.99  
Period   5 2617.13  3148.39  2236.88  2782.93  3328.92  2513.56  
UNDS1
Period   0 -3833.17  -4002.66  -3776.96  -3881.01  -3578.25  -3319.43  
Period   1 -4761.48  -4708.6  -4274.94  -3994.51  -4438.92  -5025.45  
Period   2 -3533.15  -3362.84  -3374.23  -3354.53  -3578.62  -3220.42  
Period   3 -3498.07  -3532.19  -3186.35  -3639.05  -3594.82  -3379.5  
Period   4 -3533.51  -3589.73  -3688.86  -3474.48  -3510.24  -3592.86  
Period   5 -3472.57  -3917.46  -3367.69  -3847.66  -3339.37  -3644.56  
SCENARIO 99
UNDS0
Period   0 1643.79  1605.6  1499.9  1789.46  1858.99  1393.8  
Period   1 2162.66  489.204  2575.36  2872.75  3828.36  267.968  
Period   2 1406.9  2786.52  3053.2  2295.77  2951.77  3795.34  
Period   3 2534.28  2723.48  3119  2734.77  3490.64  2247.71  
Period   4 5876.86  2055.32  4119.35  4486.23  4418.75  2480.2  
Period   5 2383.05  3691.57  2949.79  3071.54  2766.42  2409.98  
UNDS1
Period   0 -3785.81  -3376.66  -3444.33  -3934.87  -3915.86  -3775.61  
Period   1 -3953.04  -4897.1  -4840.05  -4464.51  -4941.19  -4098.95  
Period   2 -3249.5  -3602.26  -2763.24  -3227.67  -3260  -3688.76  
Period   3 -3092.46  -3606.23  -3650.69  -3737.52  -3307.54  -3662.34  
Period   4 -3591.08  -3483.39  -3676.33  -3533.72  -3685.28  -3477.14  
Period   5 -3555.7  -3696.53  -3732.83  -3764.22  -3717.73  -3725.7  

