Instance	6	6
Horizon     6
Period	0	6	48	
Period	1	6	48	
Period	2	6	48	
Period	3	6	48	
Period	4	6	48	
Period	5	6	48	
Contract	0	6.6	31	5000	7200	0	1200	
Contract	0	7.4	33	4000	9000	102	1500	
Contract	0	87.5342466	6.017	15300	18000	0	3000	
Contract	0	64.3835616	6.893	15300	18000	0	3000	
Contract	0	50.9589042	8.035	10000	18000	0	3000	
Contract	0	35.7534246	10.114	0	15000	0	3000	
Contract	0	175.0684932	6.017	30600	36000	0	6000	
Contract	0	128.7671232	6.893	30600	36000	0	6000	
Contract	0	101.9178082	8.035	20000	36000	0	6000	
Contract	0	71.5068494	10.114	0	30000	0	6000	
Contract	0	262.6027398	6.017	45900	54000	0	9000	
Contract	0	193.150685	6.893	45900	54000	0	9000	
Contract	0	152.8767124	8.035	30000	54000	0	9000	
Contract	0	107.260274	10.114	0	45000	0	9000	
Contract	0	350.1369864	6.017	61200	72000	0	12000	
Contract	0	257.5342466	6.893	61200	72000	0	12000	
Contract	0	203.8356164	8.035	40000	72000	0	12000	
Contract	0	143.0136986	10.114	0	60000	0	12000	
Contract	0	6.6	31	5000	7200	0	1200	
Contract	0	7.4	33	4000	9000	102	1500	
Contract	1	87.5342466	6.017	15300	18000	0	3000	
Contract	1	64.3835616	6.893	15300	18000	0	3000	
Contract	1	50.9589042	8.035	10000	18000	0	3000	
Contract	1	35.7534246	10.114	0	15000	0	3000	
Contract	1	175.0684932	6.017	30600	36000	0	6000	
Contract	1	128.7671232	6.893	30600	36000	0	6000	
Contract	1	101.9178082	8.035	20000	36000	0	6000	
Contract	1	71.5068494	10.114	0	30000	0	6000	
Contract	1	262.6027398	6.017	45900	54000	0	9000	
Contract	1	193.150685	6.893	45900	54000	0	9000	
Contract	1	152.8767124	8.035	30000	54000	0	9000	
Contract	1	107.260274	10.114	0	45000	0	9000	
Contract	1	350.1369864	6.017	61200	72000	0	12000	
Contract	1	257.5342466	6.893	61200	72000	0	12000	
Contract	1	203.8356164	8.035	40000	72000	0	12000	
Contract	1	143.0136986	10.114	0	60000	0	12000	
Contract	1	6.6	31	5000	7200	0	1200	
Contract	1	7.4	33	4000	9000	102	1500	
Contract	1	87.5342466	6.017	15300	18000	0	3000	
Contract	1	64.3835616	6.893	15300	18000	0	3000	
Contract	2	50.9589042	8.035	10000	18000	0	3000	
Contract	2	35.7534246	10.114	0	15000	0	3000	
Contract	2	175.0684932	6.017	30600	36000	0	6000	
Contract	2	128.7671232	6.893	30600	36000	0	6000	
Contract	2	101.9178082	8.035	20000	36000	0	6000	
Contract	2	71.5068494	10.114	0	30000	0	6000	
Contract	2	262.6027398	6.017	45900	54000	0	9000	
Contract	2	193.150685	6.893	45900	54000	0	9000	
Contract	2	152.8767124	8.035	30000	54000	0	9000	
Contract	2	107.260274	10.114	0	45000	0	9000	
Contract	2	350.1369864	6.017	61200	72000	0	12000	
Contract	2	257.5342466	6.893	61200	72000	0	12000	
Contract	2	203.8356164	8.035	40000	72000	0	12000	
Contract	2	143.0136986	10.114	0	60000	0	12000	
Contract	2	6.6	31	5000	7200	0	1200	
Contract	2	7.4	33	4000	9000	102	1500	
Contract	2	87.5342466	6.017	15300	18000	0	3000	
Contract	2	64.3835616	6.893	15300	18000	0	3000	
Contract	2	50.9589042	8.035	10000	18000	0	3000	
Contract	2	35.7534246	10.114	0	15000	0	3000	
Contract	3	175.0684932	6.017	30600	36000	0	6000	
Contract	3	128.7671232	6.893	30600	36000	0	6000	
Contract	3	101.9178082	8.035	20000	36000	0	6000	
Contract	3	71.5068494	10.114	0	30000	0	6000	
Contract	3	262.6027398	6.017	45900	54000	0	9000	
Contract	3	193.150685	6.893	45900	54000	0	9000	
Contract	3	152.8767124	8.035	30000	54000	0	9000	
Contract	3	107.260274	10.114	0	45000	0	9000	
Contract	3	350.1369864	6.017	61200	72000	0	12000	
Contract	3	257.5342466	6.893	61200	72000	0	12000	
Contract	3	203.8356164	8.035	40000	72000	0	12000	
Contract	3	143.0136986	10.114	0	60000	0	12000	
Contract	3	6.6	31	5000	7200	0	1200	
Contract	3	7.4	33	4000	9000	102	1500	
Contract	3	87.5342466	6.017	15300	18000	0	3000	
Contract	3	64.3835616	6.893	15300	18000	0	3000	
Contract	3	50.9589042	8.035	10000	18000	0	3000	
Contract	3	35.7534246	10.114	0	15000	0	3000	
Contract	3	175.0684932	6.017	30600	36000	0	6000	
Contract	3	128.7671232	6.893	30600	36000	0	6000	
Contract	4	101.9178082	8.035	20000	36000	0	6000	
Contract	4	71.5068494	10.114	0	30000	0	6000	
Contract	4	262.6027398	6.017	45900	54000	0	9000	
Contract	4	193.150685	6.893	45900	54000	0	9000	
Contract	4	152.8767124	8.035	30000	54000	0	9000	
Contract	4	107.260274	10.114	0	45000	0	9000	
Contract	4	350.1369864	6.017	61200	72000	0	12000	
Contract	4	257.5342466	6.893	61200	72000	0	12000	
Contract	4	203.8356164	8.035	40000	72000	0	12000	
Contract	4	143.0136986	10.114	0	60000	0	12000	
Contract	4	7.4	41	1000	7000	0	1500	
Contract	4	8.2	44	7000	10800	0	1800	
Contract	4	8.2	43	5000	10800	300	1800	
Contract	4	25	44	7000	12000	696	3600	
Contract	4	87.5342466	7.396	15300	18000	0	3000	
Contract	4	64.3835616	10.774	15300	18000	0	3000	
Contract	4	50.9589042	14.692	10000	18000	0	3000	
Contract	4	35.7534246	22.112	0	15000	0	3000	
Contract	4	175.0684932	7.396	30600	36000	0	6000	
Contract	4	128.7671232	10.774	30600	36000	0	6000	
Contract	5	101.9178082	14.692	20000	36000	0	6000	
Contract	5	71.5068494	22.112	0	30000	0	6000	
Contract	5	262.6027398	7.396	45900	54000	0	9000	
Contract	5	193.150685	10.774	45900	54000	0	9000	
Contract	5	152.8767124	14.692	30000	54000	0	9000	
Contract	5	107.260274	22.112	0	45000	0	9000	
Contract	5	350.1369864	7.396	61200	72000	0	12000	
Contract	5	257.5342466	10.774	61200	72000	0	12000	
Contract	5	203.8356164	14.692	40000	72000	0	12000	
Contract	5	143.0136986	22.112	0	60000	0	12000	
Contract	5	7.4	41	1000	7000	0	1500	
Contract	5	8.2	44	7000	10800	0	1800	
Contract	5	8.2	43	5000	10800	300	1800	
Contract	5	25	44	7000	12000	696	3600	
Contract	5	87.5342466	7.396	15300	18000	0	3000	
Contract	5	64.3835616	10.774	15300	18000	0	3000	
Contract	5	50.9589042	14.692	10000	18000	0	3000	
Contract	5	35.7534246	22.112	0	15000	0	3000	
Contract	5	175.0684932	7.396	30600	36000	0	6000	
Contract	5	128.7671232	10.774	30600	36000	0	6000	
DrivableS	DS0	0
P	-2280	-2280	-2280	-2280	-2280	-2280	
Pmin	0	0	0	0	0	-6000	
Pmax	-6000	0	0	0	0	-15000	
DrivableS	DS1	24
P	2667	2667	2667	2667	2667	2667	
Pmin	0	0	0	0	0	0	
Pmax	2667	2667	2667	2667	2667	2667	
NDrivableS	NDS0	0																							
P	-80289	-72516	-73166	-78921	-80295	-80862
Storage	STOR0	2.4	0	36480	10000	0	1280	1280																	
UNDS	UNDS0	0																							
Pmin	6800	500	5300	9500	11400	11400
Pmax	17400	30600	20100	36700	37300	33700
Pdt_min	1100	0	800	1500	1900	1900
Pdt_max	4200	6400	6700	7700	8300	7100
UNDS	UNDS1	0
Pmin	-11402.56811	-13869.82889	-10444.7817	-10761.56271	-10952.9863	-11364.3823
Pmax	-9736.662379	-9457.746632	-8260.291321	-9463.895161	-9693.065202	-9890.560429
Pdt_min	-2042.160438	-2687.746236	-1904.474672	-1894.140797	-1907.093	-1988.816118
Pdt_max	-1486.858528	-1217.052149	-1176.311211	-1461.584949	-1487.1193	-1497.542163
NBScenarios 100
SCENARIO 0
UNDS0
Period   0 2051.43  2514.17  2763.99  3545.14  2364.4  3473.59  
Period   1 2432.13  6186.71  5771.43  2196.43  5993.92  3431.31  
Period   2 4061.91  6528.06  5367.46  2452.33  835.588  825.62  
Period   3 1741.12  6453.74  5509.53  7188.18  2718.61  5955.05  
Period   4 5761.64  4608.36  2946.76  5229.13  6254.4  4893.16  
Period   5 6156.89  6642.73  5510.64  7081.97  5947.94  2284.49  
UNDS1
Period   0 -1605.3  -1628.38  -1646.05  -1980.34  -1590.76  -1854.43  
Period   1 -1241.15  -1801.45  -2280.29  -1287.3  -1447.34  -1717.78  
Period   2 -1509.92  -1790.95  -1376.51  -1847.67  -1227.68  -1292.3  
Period   3 -1875.88  -1678.42  -1600.57  -1656.15  -1879.18  -1741.98  
Period   4 -1886.72  -1823.33  -1775.48  -1692.85  -1569.33  -1630.06  
Period   5 -1777.66  -1693.29  -1525.91  -1769.03  -1952.85  -1844.33  
SCENARIO 1
UNDS0
Period   0 1941.88  1158.49  1513.56  3131.34  2245.15  1654.17  
Period   1 1861.99  6337.79  222.693  4786.78  5719.16  2810.91  
Period   2 2515.89  4158.96  5854.72  2661.45  3334.73  1112  
Period   3 4916.19  7103.71  5392.11  5129.14  7651.88  6124.3  
Period   4 6649.18  2642.82  6674.41  5664.51  3876.42  2106.19  
Period   5 4856.89  5728.36  6191.49  2766.08  4610.46  5025.69  
UNDS1
Period   0 -1504.73  -1848.88  -1584.09  -2020.56  -1503.13  -2009.64  
Period   1 -2269.57  -2222.27  -1582.1  -2403.77  -2553.95  -1318.19  
Period   2 -1235.19  -1308.52  -1719.43  -1765.42  -1465.02  -1325.72  
Period   3 -1614.87  -1641.15  -1606.12  -1702.23  -1880.47  -1559.88  
Period   4 -1558.52  -1651.99  -1687.95  -1610.71  -1892.64  -1560.7  
Period   5 -1504.11  -1872.21  -1983.29  -1819.03  -1742.48  -1596.74  
SCENARIO 2
UNDS0
Period   0 3190.45  2403.48  2220.5  2289.78  2074.64  1385.64  
Period   1 1436.06  4736.65  3683.87  1222.76  3815.81  6075.4  
Period   2 1077.97  4270  3103.31  5740.56  4369.81  1362.68  
Period   3 2836.31  2837.32  6336.55  4761.98  3463.44  2067.81  
Period   4 4323.44  4276.88  4473.18  6328.45  6927.08  6231.72  
Period   5 3136.61  2216.94  2259.58  3706.2  5991.77  2413.94  
UNDS1
Period   0 -1733.62  -1531.23  -1597.4  -1511.27  -1910.66  -1831.49  
Period   1 -1624.05  -1568.1  -1658.31  -1499.48  -2493.95  -2434.98  
Period   2 -1252.07  -1308.71  -1225.63  -1806.78  -1866.97  -1593.06  
Period   3 -1671.84  -1765.35  -1718.55  -1475.44  -1707.31  -1806.78  
Period   4 -1770.68  -1800.79  -1546.09  -1736.34  -1883.22  -1607.97  
Period   5 -1914.89  -1646.19  -1915.95  -1685.79  -1797.02  -1911.32  
SCENARIO 3
UNDS0
Period   0 3828.68  2523.98  2945.81  1112.59  4069.43  2064.07  
Period   1 69.0554  1091.12  4888.09  4054.7  5221.66  3936.85  
Period   2 3905.52  6642.56  1019.74  843.857  4358.71  883.252  
Period   3 2077.43  2822.31  1924.88  5616.17  4744.96  2069.58  
Period   4 7612.78  4604.49  8216.16  6496.02  6986.24  2474.6  
Period   5 3331.3  5151.87  5474.93  1988.04  3443.67  3678.31  
UNDS1
Period   0 -1817.43  -1812.06  -1783.71  -1705.31  -1986.81  -1697.45  
Period   1 -1307.45  -1296.18  -1930.79  -2301.92  -2639.18  -1271.47  
Period   2 -1243.9  -1469.8  -1316.26  -1285.87  -1233.54  -1775.58  
Period   3 -1537.67  -1870.45  -1670.86  -1663.27  -1598.28  -1686.74  
Period   4 -1835.78  -1861  -1674.54  -1533.85  -1537.36  -1757.11  
Period   5 -1721.16  -1903.86  -1655.45  -1649.4  -1844.7  -1920.77  
SCENARIO 4
UNDS0
Period   0 3513.46  3897.91  3125.08  3722.97  1162.28  1518.73  
Period   1 1267.93  5930.22  2084.5  5514.76  5146.5  3942.48  
Period   2 2105.28  6341.87  3476.95  6090.1  975.641  836.108  
Period   3 3627.45  4248.1  2010.09  1778.03  3076.41  7609.76  
Period   4 7534.98  7273.95  2823.04  5103.97  5317.7  2799.69  
Period   5 6620.32  5128.14  5607.62  4775.53  2445.2  4757.1  
UNDS1
Period   0 -1768.71  -1650.52  -1681.55  -1651.65  -1532.69  -1678.79  
Period   1 -2324.6  -1603.36  -1704.31  -1494.17  -1456.42  -2137.3  
Period   2 -1507.84  -1702.46  -1772.5  -1219.09  -1482.14  -1183.96  
Period   3 -1737.82  -1761.41  -1543.01  -1528.61  -1588.42  -1651.85  
Period   4 -1683.42  -1652.04  -1680.39  -1576.54  -1546.86  -1578.58  
Period   5 -1951.91  -1939.61  -1676.78  -1865.05  -1521.36  -1803.94  
SCENARIO 5
UNDS0
Period   0 1284.63  1979.6  4104.52  3279.73  3700.84  1880.97  
Period   1 5861.26  299.726  5088.78  2573.42  2073.14  3456.62  
Period   2 3953.25  5547.98  5499.18  2300.73  1427.48  1069.82  
Period   3 3497.05  4322.66  7687.85  7667.13  2716.61  7391.23  
Period   4 7296.81  6085.83  7989.61  3546.1  3825.83  3294.37  
Period   5 2463.56  3718.15  5787.54  5201.14  2994.9  3319.59  
UNDS1
Period   0 -1945.41  -1635.19  -1964.12  -1756.98  -1502.1  -1604.96  
Period   1 -2574.33  -1582.7  -1613.74  -2074.26  -1986.59  -1264.4  
Period   2 -1763.8  -1868.9  -1792.38  -1373.82  -1739.07  -1532.62  
Period   3 -1761.68  -1642.6  -1736.81  -1569.08  -1668.44  -1723.65  
Period   4 -1899.37  -1749.07  -1588.78  -1784.8  -1763.96  -1897.42  
Period   5 -1662.02  -1943.8  -1583.07  -1623.14  -1811.66  -1671.03  
SCENARIO 6
UNDS0
Period   0 4117.52  2121.74  3091.85  2079.75  1570.6  3618.3  
Period   1 1981.88  6207.89  4349.26  2095.6  2584.57  3537.38  
Period   2 4727.43  996.688  1686.21  4174.04  4824.46  1320.64  
Period   3 3696.31  6273.46  3235.25  3667.22  1531.11  1629.86  
Period   4 3414.29  4474.7  5814.26  3860.1  7477.43  2242.04  
Period   5 4259.86  5766.68  6540.93  4999.92  3540.53  3792.11  
UNDS1
Period   0 -1799.7  -1538.02  -1630.88  -1625.58  -1648.5  -1707.25  
Period   1 -2254.49  -1453.76  -1505.89  -2507.88  -1750.96  -2390.44  
Period   2 -1550.75  -1771.47  -1278.48  -1243.07  -1777.7  -1704.72  
Period   3 -1857.54  -1542.24  -1873.66  -1849.52  -1784.74  -1712.65  
Period   4 -1830.72  -1702.88  -1812.93  -1830.49  -1705.45  -1690.58  
Period   5 -1884.65  -1505.13  -1638.31  -1864.2  -1791.52  -1785.69  
SCENARIO 7
UNDS0
Period   0 2491.3  3703.75  2364.58  1603.15  2744.16  1878.54  
Period   1 745.788  2502.77  3289.65  791.903  6253.89  202.247  
Period   2 1305.26  1615.15  4723.75  4028.15  6401.93  1054.22  
Period   3 6467.37  4779.19  6880.11  7296.76  5666.44  3243.74  
Period   4 5429.12  6297.26  6976.25  1942.05  8035.95  1941.42  
Period   5 4677.29  1953.62  5955.52  2461.36  4775.19  2615.36  
UNDS1
Period   0 -1977.2  -1968.58  -1915.1  -1566.26  -1576.96  -1929.6  
Period   1 -2362.76  -1420.03  -2204.49  -2615.55  -1375.06  -1444.36  
Period   2 -1686.41  -1898.87  -1274.07  -1484.77  -1526.72  -1387.98  
Period   3 -1603.78  -1476.4  -1462.41  -1827.3  -1574.55  -1870.95  
Period   4 -1728.96  -1845.88  -1696.08  -1846.85  -1891.64  -1605.68  
Period   5 -1601.56  -1719.34  -1742.98  -1837.88  -1524.24  -1639.3  
SCENARIO 8
UNDS0
Period   0 2055.21  2668.41  2625.16  1106.06  1486.11  2812.94  
Period   1 3471.08  1477.14  3722.23  2463.43  3502.95  2263.02  
Period   2 1281.85  4468.68  5508.71  4098.12  3635.66  858.402  
Period   3 6472.45  6685.12  7465.9  2179.66  3704.78  1774.92  
Period   4 5634.64  6459.12  5209.49  3912.1  3518.11  6605.39  
Period   5 2021.42  3841.29  4805.73  5115.74  6915.83  3272.37  
UNDS1
Period   0 -1783.83  -1987.24  -1944.94  -1879.87  -1898.88  -1547.53  
Period   1 -1598.51  -1603.58  -1613.82  -1281.83  -1266.53  -2216.4  
Period   2 -1228.05  -1193.07  -1509.46  -1524.19  -1243.84  -1633.65  
Period   3 -1697.44  -1791.98  -1757.71  -1490.65  -1574.41  -1827.04  
Period   4 -1690.36  -1864.74  -1828  -1544.53  -1712.44  -1704.95  
Period   5 -1646.67  -1906.34  -1767.99  -1716.53  -1858.42  -1891.89  
SCENARIO 9
UNDS0
Period   0 1692.15  3531.52  3533.96  2747.45  1683.96  3786.33  
Period   1 1945.97  787.87  5439.96  1943.81  3066.27  367.873  
Period   2 1033.84  4299.04  3842.78  4545.5  1134.33  1931.94  
Period   3 5406.9  4505.42  5014.45  6525  3427.24  2592.28  
Period   4 6927.04  7693.6  1909.8  7070.57  6936.59  6543.4  
Period   5 6204.8  5103.92  3638.64  5687.59  6226.61  3979.1  
UNDS1
Period   0 -1517.12  -1953.08  -1564.49  -1641.43  -1510.22  -2023.2  
Period   1 -1467.48  -1929.72  -2001.67  -1294.22  -2536.29  -1734  
Period   2 -1587.04  -1720.93  -1184.47  -1454.15  -1685.84  -1251.49  
Period   3 -1741.03  -1834.21  -1522.79  -1795.32  -1678.35  -1543.47  
Period   4 -1603.77  -1791.98  -1892.1  -1677.72  -1654.45  -1818.96  
Period   5 -1768.68  -1558.49  -1614.93  -1803.43  -1571.63  -1661.04  
SCENARIO 10
UNDS0
Period   0 3013.8  3170.28  3525.6  4167.42  2094.09  1198.57  
Period   1 678.753  2200.47  3484.12  1417.52  1380.99  4740.75  
Period   2 3442.11  6222.43  2047.07  3158.69  2936.27  802.852  
Period   3 5555.52  5715.49  3899.56  7151.7  2061.36  2022.5  
Period   4 4225.82  6586.31  7449.87  5211.65  5786.95  3228.4  
Period   5 2325.9  6795.3  4083.45  1915.58  3468.34  3528.61  
UNDS1
Period   0 -1939.69  -1770.74  -1892.32  -2007.59  -2028.29  -1649.91  
Period   1 -2327.99  -2415.41  -2337.41  -2468.36  -2553.64  -1576.32  
Period   2 -1321.66  -1692.13  -1382.72  -1213.49  -1419.43  -1639.67  
Period   3 -1794.23  -1756.77  -1878.92  -1853.13  -1548.91  -1715.81  
Period   4 -1536.21  -1629.6  -1823.37  -1567.94  -1555.1  -1671.78  
Period   5 -1604.75  -1512.65  -1639.34  -1652.11  -1792.03  -1806.36  
SCENARIO 11
UNDS0
Period   0 3591.05  2509.59  3970.02  2827.35  1850.4  2011.1  
Period   1 5936.02  1087.06  2294.59  2906.99  4339.18  5540.76  
Period   2 3127  4690.54  4971.58  3140.51  3331.67  838.078  
Period   3 2882.28  2437.35  2925.41  2870.31  7096.76  4990.96  
Period   4 4446.27  7359.72  5605.48  2385.1  2495.06  6692.76  
Period   5 6042.69  3577.84  4105.06  2684.77  6666.93  3705.91  
UNDS1
Period   0 -1733.22  -1970.79  -1769.18  -1955.5  -1567.53  -1695.76  
Period   1 -1346.48  -1975.77  -1951.03  -2349.52  -1718.84  -1771.08  
Period   2 -1538.28  -1332.75  -1706.02  -1470.5  -1475.34  -1732.23  
Period   3 -1567.75  -1469.13  -1621.43  -1773.76  -1824.66  -1786.62  
Period   4 -1601.69  -1497.23  -1646.89  -1864.53  -1503.81  -1891.6  
Period   5 -1590.93  -1664.42  -1803.09  -1670.73  -1671.45  -1671.19  
SCENARIO 12
UNDS0
Period   0 2724.02  2491.92  2485.99  1950.6  3899.92  2255.19  
Period   1 3720.19  2272.22  1563.65  3134.47  3372.52  3893.05  
Period   2 1390.37  2805.6  6666.88  4432.57  2848.13  1827.51  
Period   3 4711.05  1986.74  3730.03  6086.38  4071.37  3614.14  
Period   4 3689.22  3302.29  3050.99  4982.11  4949.5  5716.96  
Period   5 5480.68  5938.96  4407.03  3968.68  6057.4  4244.19  
UNDS1
Period   0 -1663.18  -1579.03  -1722.64  -1497.35  -1733.28  -1614.32  
Period   1 -2055.88  -1986.06  -1733.79  -1913.36  -1771.54  -1510.05  
Period   2 -1451.11  -1718.59  -1224.03  -1368.6  -1293.97  -1816.19  
Period   3 -1867.7  -1802.39  -1613.55  -1582.46  -1645.96  -1479.77  
Period   4 -1517.64  -1638.71  -1650.68  -1713.81  -1635.64  -1818.12  
Period   5 -1755.28  -1510.54  -1841.35  -1650.32  -1843.25  -1893.48  
SCENARIO 13
UNDS0
Period   0 1219.4  1622.21  2442.64  2158.16  1966.89  3856.93  
Period   1 504.835  3924.23  1961.87  6294.12  2868.37  4395.26  
Period   2 1393.04  3062.78  6524.17  4523.87  2770.62  1385.87  
Period   3 3250.47  2860.72  7501.22  4711.87  4187.55  2443.47  
Period   4 2511.62  6639.69  7289.5  2817.5  7227.21  2880.68  
Period   5 6841.31  2668.28  5936.57  5864.25  3148.09  4953.96  
UNDS1
Period   0 -1680.34  -1905.45  -1545.26  -1942.55  -1918.5  -1806.91  
Period   1 -2273.3  -1397.39  -2447.25  -2148.66  -2356.26  -1643.32  
Period   2 -1885.55  -1253.88  -1526.12  -1622.33  -1592.87  -1290.34  
Period   3 -1465.52  -1643.18  -1818.4  -1768.94  -1661.66  -1670.62  
Period   4 -1684.31  -1672.77  -1870.39  -1688.15  -1877.84  -1721.41  
Period   5 -1666.83  -1935.85  -1786.61  -1548.71  -1711.76  -1621.81  
SCENARIO 14
UNDS0
Period   0 2195.18  2450.03  3966.59  1399.95  2661.62  3288.59  
Period   1 4917.57  507.093  1419.69  3812.4  4896.31  5849.11  
Period   2 1514.23  3078.97  5813.78  5127.18  1369.24  2087.81  
Period   3 5162.2  5144.93  3260.67  5405.04  7208.24  3264.62  
Period   4 6992.19  7355.77  5930.35  7245.45  7678.4  1922.95  
Period   5 5304.42  5189.8  6336.92  4933.71  2672.5  4340.05  
UNDS1
Period   0 -1747.85  -1869.81  -1741.63  -2008.1  -2019.71  -1825.6  
Period   1 -2072.56  -2507.1  -2444.91  -2655.63  -1602.6  -1940.16  
Period   2 -1822.61  -1647.17  -1324.13  -1548.43  -1719.21  -1814.33  
Period   3 -1780.06  -1655.75  -1471.91  -1607.33  -1742.58  -1661.76  
Period   4 -1530.18  -1710.32  -1551.19  -1554.91  -1598.14  -1802.14  
Period   5 -1822.06  -1988.02  -1608.33  -1982.12  -1719.23  -1946.29  
SCENARIO 15
UNDS0
Period   0 1873.14  3674.81  1875.94  3589.56  2567.51  1391.64  
Period   1 875.794  3560.14  2440.45  6381.6  5296.81  2576.24  
Period   2 4206.57  1800.07  6239.5  2703.89  4310.06  813.5  
Period   3 2141.87  4394.65  2600  6221.79  6304.85  4870.76  
Period   4 3815.94  7871.66  3317.54  2745.65  2488.87  5121.98  
Period   5 6817.22  2177.54  5836.04  2545  2378.41  2691.59  
UNDS1
Period   0 -1565.47  -1893.9  -1569.85  -1582.81  -1939.38  -1581.48  
Period   1 -2471.75  -2247.47  -2033  -1689.29  -2099.73  -1673.1  
Period   2 -1355.64  -1517.32  -1457.94  -1713.93  -1360.71  -1573.7  
Period   3 -1615.39  -1532.27  -1815.87  -1567.01  -1473.71  -1842.74  
Period   4 -1656.23  -1607  -1530.26  -1676.08  -1617.99  -1647.21  
Period   5 -1822.6  -1686.27  -1554.65  -1543.56  -1545.71  -1752.31  
SCENARIO 16
UNDS0
Period   0 3297.26  3460.84  3462.43  4064.79  1189.63  1757.27  
Period   1 1105.63  5984.83  0.562476  3165.09  6088.13  4500.24  
Period   2 1277.52  3703.66  972.577  3014.58  4782.07  6143.28  
Period   3 1893.91  7330.62  3421.51  6615.33  7570.97  1725.73  
Period   4 4381.21  6365.26  3047  6339.58  6889.97  6707.46  
Period   5 4710.42  3644.41  3673.08  2374.03  6691.53  5780.76  
UNDS1
Period   0 -1563.49  -1554.13  -1853.3  -1815.97  -1618.25  -1636.09  
Period   1 -1734.27  -1574.71  -2656.56  -1458.5  -2175.62  -1922.36  
Period   2 -1528.92  -1327.11  -1423.08  -1369.37  -1198.94  -1430.12  
Period   3 -1862.7  -1677.18  -1805.65  -1806.87  -1501.65  -1776.81  
Period   4 -1809.82  -1627.49  -1787.46  -1523.6  -1906.88  -1666.75  
Period   5 -1679.4  -1900.94  -1608.11  -1582.26  -1606.04  -1949.46  
SCENARIO 17
UNDS0
Period   0 2262.92  2967.64  1442.12  3258.61  1611.29  1984.31  
Period   1 1540.67  945.618  4549.85  6201.75  4706.45  1848.77  
Period   2 2186.53  978.961  5793.16  3099.37  2085.33  2735.93  
Period   3 7326.17  2905.34  6695.3  5751.75  5839.92  4836.27  
Period   4 6418.84  4123.1  5725.41  4442.49  3764.11  3774.06  
Period   5 6378.7  2875.21  2926.81  3225.43  3917.51  4546.35  
UNDS1
Period   0 -1949.18  -1634.52  -1574.81  -1620.49  -1815.64  -1511.35  
Period   1 -1533.75  -2655.31  -2351.27  -2034.84  -2566.22  -2619.33  
Period   2 -1502.88  -1276.45  -1512.35  -1871.96  -1177.8  -1400.25  
Period   3 -1678.97  -1696.96  -1765.2  -1671.73  -1475.94  -1639.39  
Period   4 -1722.12  -1833.34  -1898.96  -1807.37  -1694.07  -1816.17  
Period   5 -1585.92  -1661.29  -1736.39  -1754.31  -1513.53  -1659.64  
SCENARIO 18
UNDS0
Period   0 4055.29  3097.63  2071.22  2774.15  2492.93  2016.19  
Period   1 3283.6  896.797  4443.13  5844.47  1505.2  5539.9  
Period   2 5907.78  1939.71  6484.92  1875.02  1726.83  2051.7  
Period   3 5532.33  7491.09  3853.36  6470.23  6531.09  5558.8  
Period   4 5105.12  4624.64  6498.21  4113.03  4662.66  2449.72  
Period   5 5725.7  5281.99  4041.82  3625.05  6174.49  6385.56  
UNDS1
Period   0 -1903.84  -1987.36  -1512.9  -1620.17  -1496.2  -1719.47  
Period   1 -1740.05  -1557.5  -1521.48  -1418.59  -1475.83  -2502.16  
Period   2 -1687.53  -1793.3  -1854.67  -1244.4  -1704.55  -1658.72  
Period   3 -1543.33  -1840.99  -1869.34  -1808.22  -1476.37  -1687.49  
Period   4 -1507.75  -1759.36  -1500.88  -1747.28  -1883.83  -1894.54  
Period   5 -1673.28  -1929.49  -1507.62  -1668.63  -1547.69  -1757.56  
SCENARIO 19
UNDS0
Period   0 3002.18  2878.64  3307.44  3491.28  2967.95  1262.07  
Period   1 2590.16  16.6525  3998.59  1071.2  3628.16  5344.09  
Period   2 3359.71  2346.42  5584.22  1492.38  3309.62  1762.77  
Period   3 3136.96  5385.01  6289.27  5735.47  7549.17  2901.84  
Period   4 2857.12  4807.34  8015.67  4977.75  3829.21  7953.49  
Period   5 4588.67  6565.76  4465.49  3708.38  5186.31  2375.31  
UNDS1
Period   0 -1922.48  -1821.63  -1803.77  -1754.04  -1808.83  -1700.38  
Period   1 -2526.84  -1878.51  -2436.42  -1482.95  -1785.28  -1377.15  
Period   2 -1262.26  -1432.92  -1470.69  -1271.27  -1891.1  -1524.67  
Period   3 -1888.79  -1819.39  -1540.53  -1546.47  -1603.33  -1513.84  
Period   4 -1666.88  -1819.27  -1523.87  -1661.34  -1632.29  -1532.91  
Period   5 -1817.65  -1531.73  -1836.77  -1942.43  -1857  -1702.57  
SCENARIO 20
UNDS0
Period   0 1309.85  2541.21  2628.76  4136.59  2599.91  1523.53  
Period   1 2420.71  5187.34  3952.73  4660.72  2881.25  2550.84  
Period   2 6631.63  1836.58  5689.39  2339.19  1598.91  1743.58  
Period   3 7527.85  6297.24  4933.39  4682.09  3295.29  3180.69  
Period   4 8176.1  5716.76  7165.29  5925.5  6593.1  2120.1  
Period   5 4964.61  4626.12  2288.54  7008.64  1953.37  4405.98  
UNDS1
Period   0 -2029.6  -1863.43  -1663.4  -1487.2  -1555.65  -1531.38  
Period   1 -2031.1  -2226.19  -1949.83  -1319.96  -2513.5  -1666.61  
Period   2 -1352.33  -1656.48  -1830.73  -1606.59  -1510.31  -1379.6  
Period   3 -1844.35  -1710.4  -1623.11  -1652.35  -1488.13  -1870.19  
Period   4 -1542.78  -1511.61  -1660.85  -1596.14  -1744.64  -1708.74  
Period   5 -1947.4  -1610.52  -1542.7  -1770.2  -1598.53  -1739.56  
SCENARIO 21
UNDS0
Period   0 3985.15  1758.44  2290.31  2104.08  3629.41  1639.21  
Period   1 2215.24  2689.06  5988.67  1800.79  1120.22  130.846  
Period   2 5304.91  2150.72  3315.68  6107.96  1225.75  877.204  
Period   3 5680.57  5991.69  2640.89  4165.24  5124.31  6700.7  
Period   4 6508.84  7650.23  5643.27  6439.04  3481.93  6564.72  
Period   5 6853.9  6837.31  4701.41  6560.26  6428.78  2174.22  
UNDS1
Period   0 -1597.09  -1865.19  -1572.43  -2001.44  -1552.89  -1527.81  
Period   1 -2680.11  -1268.06  -1709.72  -2652.12  -1218.5  -1483.4  
Period   2 -1870.59  -1529.49  -1268.26  -1733.29  -1791.49  -1592.37  
Period   3 -1473.74  -1830.44  -1838.72  -1707.88  -1600.19  -1565.62  
Period   4 -1569.69  -1704.1  -1708.71  -1794.43  -1564.91  -1882.21  
Period   5 -1983.13  -1917.01  -1809.14  -1790.17  -1951.25  -1853.83  
SCENARIO 22
UNDS0
Period   0 3941.31  1597.86  1690.5  3908.97  1378.08  2546.66  
Period   1 991.996  1036.65  3456.16  2587.68  1147.29  1321.68  
Period   2 3782.07  961.029  3121.54  2858.88  3387.18  1980.51  
Period   3 7485.48  7042.18  6707.87  7024.21  2976.39  3334.38  
Period   4 2458.22  2223.18  5371.45  3412.25  6428.81  4175.06  
Period   5 6491.41  3449.22  6525.59  3565.22  5296.39  6162.5  
UNDS1
Period   0 -1922.33  -1675.68  -1759.54  -1516.15  -1514.04  -1775.09  
Period   1 -1675.73  -2497.49  -2044.41  -1606.1  -2624.97  -2194.87  
Period   2 -1781.4  -1583.47  -1664.76  -1519.71  -1779.47  -1740.17  
Period   3 -1647.3  -1788.06  -1801.5  -1652.89  -1650.58  -1549.67  
Period   4 -1656.29  -1627.85  -1865.57  -1772.92  -1716.44  -1701.07  
Period   5 -1611.26  -1856.77  -1751.36  -1630.28  -1728  -1580.52  
SCENARIO 23
UNDS0
Period   0 1140.34  1464.75  3110.36  2600.58  3715.74  1577.03  
Period   1 2976.62  3907.75  3570.56  1593.22  4973.92  3455.56  
Period   2 4909.6  2885.59  3336.91  2441.15  4779.33  1162.89  
Period   3 4233.43  1792.21  3367.84  4790.57  3959.05  7129.35  
Period   4 6613.09  6552.52  5628.25  4406.12  6068.72  5678.5  
Period   5 5564.11  2162.6  5096.99  2339  3992.5  5260.74  
UNDS1
Period   0 -1756.35  -1750.26  -1540.53  -1717.01  -1950.05  -1795.67  
Period   1 -1604.15  -1463.12  -1832.19  -1843.78  -1807.93  -1785.38  
Period   2 -1388.72  -1230.21  -1860.29  -1671.6  -1872.63  -1844.04  
Period   3 -1660.9  -1649.26  -1854.92  -1839.32  -1612.23  -1746.96  
Period   4 -1626.38  -1530.85  -1885.21  -1866.69  -1718.76  -1636.86  
Period   5 -1547.85  -1969.7  -1905.28  -1687.29  -1572.35  -1548.89  
SCENARIO 24
UNDS0
Period   0 2654.23  1691.96  1863.28  1439.95  1527.95  1411.08  
Period   1 39.5579  3021.86  2406.14  6133.92  760.571  1420.73  
Period   2 933.591  5058.14  2005.55  2971.71  2958  5331.82  
Period   3 3134.44  4726.22  6644.72  7091.46  7299.7  3648.81  
Period   4 2371.24  4076.53  4862.74  2471.43  3064.72  2142.78  
Period   5 6803.17  7061.42  6249.82  2942.54  5531.03  3076.92  
UNDS1
Period   0 -1527.49  -1782.61  -1890.92  -1666.52  -1778.15  -1907.66  
Period   1 -1261.41  -2388.56  -2179.97  -2472.15  -2673.33  -1312.21  
Period   2 -1828.8  -1726.86  -1481.16  -1622.28  -1636.76  -1511.35  
Period   3 -1629.88  -1524.38  -1853.81  -1752.95  -1805.48  -1505.38  
Period   4 -1514.05  -1677.94  -1709.86  -1565.67  -1566.96  -1883.63  
Period   5 -1674.92  -1617.88  -1674.21  -1964.51  -1938.79  -1841.34  
SCENARIO 25
UNDS0
Period   0 3780.89  3106.23  1327.28  2926.42  3269.51  2119.33  
Period   1 1679.85  3317.2  1036.06  1488.97  4962.23  704.729  
Period   2 5546.16  3607.44  2680.41  3271.58  3941.6  877.903  
Period   3 3604.68  6925.86  3981.53  6038.95  3563.15  4391.81  
Period   4 4740.79  6881.58  7651.77  2131.79  7227.68  3234.8  
Period   5 5474.5  5686.83  2385.67  5978.65  2975.64  6952.81  
UNDS1
Period   0 -1624.52  -1722.5  -1781.84  -1921.95  -2040.13  -1931.63  
Period   1 -2102.79  -1655.08  -1403.86  -2181.24  -1568.59  -1770.58  
Period   2 -1871.32  -1188.85  -1899.42  -1250.5  -1674.89  -1345.95  
Period   3 -1599.97  -1689.73  -1713.27  -1784.11  -1707.42  -1717.36  
Period   4 -1862.32  -1853.61  -1753.83  -1829.75  -1564.06  -1495.68  
Period   5 -1609.75  -1706.99  -1584.97  -1566.12  -1572.44  -1905.12  
SCENARIO 26
UNDS0
Period   0 1832.78  2416.99  4061.71  3406.34  1157.28  1497.42  
Period   1 2495.09  5218.18  611.232  1768.59  2741.75  5668.61  
Period   2 3032.02  4755.49  6528.99  817.904  3674.46  805.596  
Period   3 3417.18  4769.13  7375.18  5464.37  6524.51  5426.62  
Period   4 7337.1  3213.02  7302.11  2235.3  4527.25  2056.68  
Period   5 5955.58  5376.51  5522.12  4805.97  5531.18  1927.03  
UNDS1
Period   0 -1558.75  -1964.98  -1590.41  -1523.32  -1833.71  -2005.89  
Period   1 -1927.52  -1365.93  -1313.94  -2121.9  -1290.95  -2295.48  
Period   2 -1357.22  -1693.82  -1400.62  -1297.63  -1778.71  -1610.73  
Period   3 -1523.3  -1586.04  -1725.11  -1553.84  -1540.42  -1629.03  
Period   4 -1904.96  -1889.54  -1633.44  -1726.19  -1858.16  -1679.58  
Period   5 -1622.91  -1728.59  -1700.27  -1654.39  -1867.33  -1595.37  
SCENARIO 27
UNDS0
Period   0 2163.12  4061.64  2022.93  3297.86  1953.64  2203.42  
Period   1 2256.33  3860.74  992.782  2338.98  4935.44  6078.69  
Period   2 2739.92  3744.96  1852.09  2515.21  1835.49  4320.39  
Period   3 2344.36  4194.1  7031.14  5323.31  3577.21  6623.16  
Period   4 2440.29  5764.38  2854.49  3431.12  2233.58  6581.64  
Period   5 5721.24  6772.31  2000.76  1926.2  5690.33  6592.26  
UNDS1
Period   0 -1898.41  -1639.98  -2041.39  -1960.76  -1827.67  -1526.22  
Period   1 -2649.97  -2673.13  -1259.21  -2532.4  -2611.23  -2052.64  
Period   2 -1349.31  -1400.4  -1417.33  -1617.99  -1672.32  -1407.2  
Period   3 -1497.63  -1840.37  -1829.78  -1519.01  -1706.34  -1592.04  
Period   4 -1530.5  -1653.06  -1678.32  -1785.88  -1873.68  -1679.96  
Period   5 -1782.37  -1776.04  -1818.01  -1721.92  -1539.24  -1659.97  
SCENARIO 28
UNDS0
Period   0 1399.48  1312.69  2549.73  3269.26  2969.49  1802.43  
Period   1 3636.92  115.205  6288.44  1287.53  466.17  5411.45  
Period   2 6435.38  1725  2964.71  5133.91  2602.29  992.588  
Period   3 5684.56  3447.99  2597.55  6219.73  2333.63  1610.7  
Period   4 3229.4  6981.78  3400.98  5816.01  7326.07  1929.25  
Period   5 5514.31  4044.5  6338.22  4549.82  2358.54  2671.33  
UNDS1
Period   0 -1726.29  -1908.38  -2027.17  -1629.01  -1998.06  -1824.91  
Period   1 -1226.09  -1736.8  -2434.59  -1758.39  -1990.7  -1252.56  
Period   2 -1332.75  -1513.41  -1348.44  -1181.77  -1674.6  -1865.03  
Period   3 -1511  -1592.4  -1890.71  -1752.86  -1875.08  -1861.05  
Period   4 -1781.85  -1677.45  -1657.77  -1570.1  -1725.3  -1785.61  
Period   5 -1950.43  -1941.37  -1645.39  -1778.83  -1761.68  -1707.74  
SCENARIO 29
UNDS0
Period   0 2500.44  2240.96  4066.92  3592.96  3291.61  1591.92  
Period   1 2599.59  2071.92  5397.86  1837.18  6358.75  2617.17  
Period   2 1689.28  5506.11  2102.86  6134.15  2044.77  1404.94  
Period   3 4068.61  3112.86  4964.96  4211.27  2004.14  5467.63  
Period   4 7466.02  6394.05  3654.13  7674.43  4357.26  2641.05  
Period   5 5677.29  3620.46  2934.59  2293.74  2957.56  6727.38  
UNDS1
Period   0 -2020.26  -1785.16  -1540.7  -1783.15  -1788.98  -1817.33  
Period   1 -1985.08  -2596.38  -1280.31  -1232.68  -2106.2  -1293.39  
Period   2 -1455.82  -1307.02  -1338.54  -1435.83  -1670.95  -1787.51  
Period   3 -1574.59  -1536.43  -1732.66  -1604.14  -1476.86  -1561.68  
Period   4 -1833.77  -1802.74  -1656.82  -1855.32  -1650.12  -1790.21  
Period   5 -1957.44  -1579.66  -1895.46  -1516.29  -1591.18  -1652.13  
SCENARIO 30
UNDS0
Period   0 2025.57  1238.63  3389.31  2687.56  2297.36  3398.05  
Period   1 4286.87  3869  218.218  5629.48  449.71  3483.71  
Period   2 3494.86  1345.08  3383.46  3888.66  3242.44  1906.04  
Period   3 5925.84  2637.14  1731.66  1546.13  3485.35  1945.18  
Period   4 6606.45  3015.56  2688.69  2235.53  6688.85  2322.79  
Period   5 3614.46  4817.72  5243.02  6042.15  6014.3  5034.02  
UNDS1
Period   0 -1967.96  -1932.67  -1526.04  -1946.27  -1690.03  -1642.36  
Period   1 -2414.31  -1373.1  -2633.24  -1909.84  -1370.64  -1920.78  
Period   2 -1791.6  -1750.47  -1231  -1714.29  -1306.12  -1885.23  
Period   3 -1822.97  -1699.56  -1740.53  -1546.35  -1732.19  -1654.03  
Period   4 -1656.26  -1535.79  -1898.1  -1856.34  -1570.16  -1590.67  
Period   5 -1926.31  -1620.73  -1830.13  -1951.56  -1934.11  -1974.41  
SCENARIO 31
UNDS0
Period   0 1927.37  2258.31  3420.5  1957.15  1204.93  1930.93  
Period   1 1158.33  5739.96  801.132  3274.12  5027.4  5366.44  
Period   2 4975.32  1749.92  4228.56  3519.27  2238.69  2822.34  
Period   3 3786.19  1839.24  5005.45  3208  2032.22  2610.42  
Period   4 6599.97  5911  7839.68  2044.33  4816.55  8253.48  
Period   5 3389.54  3548.01  2674.24  5118.58  6021.37  3112.13  
UNDS1
Period   0 -1593.41  -1975.94  -1701.23  -1558.67  -1755.51  -1933.98  
Period   1 -2196.24  -1544.09  -1521.12  -1275.61  -1993.47  -1947.84  
Period   2 -1860.54  -1250.97  -1269.98  -1545.85  -1316.56  -1318.27  
Period   3 -1773.32  -1571.07  -1831.46  -1730.87  -1601.23  -1715.85  
Period   4 -1696.6  -1867.64  -1817.27  -1686.63  -1570.77  -1816.39  
Period   5 -1964.6  -1756.08  -1536.63  -1650.36  -1871.47  -1974.25  
SCENARIO 32
UNDS0
Period   0 4027.06  1820.55  2782.54  4196.05  2716.81  1667.97  
Period   1 2063.02  2292.55  5327.52  3648.18  1752.97  1890.9  
Period   2 3961.07  6289.15  2491.84  4279.81  1102.4  846.885  
Period   3 7677.08  4155.32  7178.55  5610.71  6260.52  5288.77  
Period   4 5791.92  5894.22  4778.56  2694.52  5894.02  4819.47  
Period   5 4491.79  4664.57  5877.08  4834.21  5056.99  4905.63  
UNDS1
Period   0 -2038.56  -1605.83  -1981.17  -1993.66  -1915.37  -1717.78  
Period   1 -1851.92  -2022.94  -1647.72  -1928.26  -1574.68  -1448.85  
Period   2 -1789.86  -1658.99  -1347.38  -1887.64  -1859.63  -1441.12  
Period   3 -1884.28  -1845.87  -1484.7  -1548.88  -1654.34  -1609.52  
Period   4 -1872.08  -1536.19  -1858.12  -1738.35  -1743.4  -1746.88  
Period   5 -1765.5  -1810.17  -1924.5  -1519.36  -1776.25  -1739.19  
SCENARIO 33
UNDS0
Period   0 3342.73  1306.19  3684.98  1516.67  2053.14  2721.68  
Period   1 4877.19  5484.88  2841.52  1563.81  1217.4  1777.82  
Period   2 3020.92  3842.23  1492.61  5281.55  5144.74  814.775  
Period   3 3196.17  4754.26  7106.84  7356.91  5089.41  2755  
Period   4 8055.46  7794.8  6887.56  7027.35  3344.86  2395.55  
Period   5 6244.47  5464.47  3419.32  4294.35  5368.05  3077.35  
UNDS1
Period   0 -2024.41  -1714.67  -2040.84  -1536.25  -1836.4  -1574.8  
Period   1 -1771.75  -1245.7  -2193.75  -1934.11  -2369.65  -1979.22  
Period   2 -1872.76  -1496.11  -1449.83  -1801.04  -1731.72  -1307.1  
Period   3 -1584.54  -1483.37  -1810.81  -1885.07  -1604.4  -1859.6  
Period   4 -1902.69  -1879.05  -1527.94  -1581.42  -1816.79  -1720.88  
Period   5 -1980.34  -1705.74  -1930.7  -1518.12  -1586.83  -1773.01  
SCENARIO 34
UNDS0
Period   0 3421.59  3994.1  2851.67  2112.88  2351.07  2005  
Period   1 6009.45  5036.12  1408.75  1229.38  1255.48  4592.94  
Period   2 4578.07  5304.19  3301.64  4709.99  1319.75  836.795  
Period   3 6106.85  2308.18  3334.47  5226.91  6020.64  4198.1  
Period   4 4105.26  5450.08  1926.01  3832.48  5719.75  7737.89  
Period   5 5117.35  3523.64  6114.71  6025  3637.94  6582.15  
UNDS1
Period   0 -2004.17  -1610.76  -1837.86  -1498.92  -1594.98  -1625.93  
Period   1 -2070.07  -2370.87  -1581.33  -2046.49  -1387.31  -2090.29  
Period   2 -1290.83  -1567.9  -1755.53  -1390.79  -1403.79  -1193.87  
Period   3 -1531.82  -1793.29  -1523.94  -1560.04  -1669.69  -1745.91  
Period   4 -1720.8  -1518.57  -1888.77  -1726.6  -1643.33  -1812.38  
Period   5 -1818.85  -1845.64  -1825.39  -1923.3  -1682.24  -1733.87  
SCENARIO 35
UNDS0
Period   0 3552.72  3666.56  1957.96  3563.34  1206.48  1344.13  
Period   1 6321.56  3102.83  6058.18  3865.08  5500.59  1919.44  
Period   2 5740.45  3982.64  4509.24  4087.93  814.432  961.232  
Period   3 7365.45  3865.41  4879.77  5163.72  2551.08  5046.67  
Period   4 5750.18  3127.94  6060.65  2070.97  2671.22  4762.33  
Period   5 2976.04  4102.04  5193.26  6475.06  2385.15  6199.46  
UNDS1
Period   0 -1816.18  -1845.14  -2016.83  -1726.59  -1521.82  -1768.09  
Period   1 -1245.83  -1970.48  -1405.63  -1543.4  -1377  -2167.04  
Period   2 -1475.36  -1596.19  -1337.67  -1725.1  -1748.57  -1643.48  
Period   3 -1550.58  -1622.18  -1543.86  -1745.07  -1754.2  -1633.59  
Period   4 -1795.07  -1814.31  -1548.05  -1731.13  -1564.14  -1900.71  
Period   5 -1622.39  -1601.13  -1585.46  -1760.77  -1967.7  -1778.37  
SCENARIO 36
UNDS0
Period   0 3087.23  2496.34  2900.03  2390.06  1936.78  1935.84  
Period   1 2530.73  644.104  1401.53  5567.49  3055.67  4618.37  
Period   2 1733.13  4316.97  5221.5  3004.47  981.371  2312.6  
Period   3 4707.83  7539.25  4082.89  6817.51  6168.11  5096.88  
Period   4 6739.83  5974.25  3559.05  7543.03  3434.18  3328.74  
Period   5 6255.39  6145.06  4392.18  5342.73  3966.5  5635.11  
UNDS1
Period   0 -1733.83  -1770.94  -1693.62  -1987.1  -1603.51  -1957.02  
Period   1 -1454.93  -1622.81  -1489.18  -2561.14  -2052.76  -1580.18  
Period   2 -1376.82  -1309.72  -1595.8  -1250.03  -1750.66  -1790.28  
Period   3 -1741.8  -1799.57  -1828.61  -1614.77  -1565.84  -1528.26  
Period   4 -1635.62  -1897.08  -1488.72  -1531.09  -1715.79  -1535.75  
Period   5 -1505.07  -1976.31  -1986.12  -1678.17  -1534.93  -1987.99  
SCENARIO 37
UNDS0
Period   0 1666.39  1153.23  1781.04  1698.56  2272.58  3927.38  
Period   1 3850.69  4075.51  1044.87  2332.47  3737.23  6342.62  
Period   2 3075.7  3229.22  3373.76  5816.11  1230.7  1425.34  
Period   3 5319.88  1927.11  1575.13  3633.96  4497.74  6331.35  
Period   4 1959.11  6528.38  4180.79  4989.62  6268.72  7126.89  
Period   5 2552.15  6001.61  4285.48  4216.75  2600.94  4968.69  
UNDS1
Period   0 -1586.22  -1558.06  -1893.84  -1532.27  -1768.64  -1628.07  
Period   1 -2638.63  -1798.66  -1677.84  -1656.15  -1918.6  -2589.19  
Period   2 -1520.74  -1842.56  -1248.64  -1482.13  -1379.46  -1298.01  
Period   3 -1629.38  -1753.71  -1589.47  -1561.12  -1798.44  -1735.51  
Period   4 -1680.37  -1713.33  -1729.9  -1881.24  -1791.38  -1588.17  
Period   5 -1610.45  -1947.19  -1764.35  -1971.58  -1794.83  -1672.11  
SCENARIO 38
UNDS0
Period   0 3708.15  3784.69  1182.92  3446.53  1426.35  3412.58  
Period   1 743.471  3884.59  5555.8  422.402  26.4509  4517.04  
Period   2 3265.24  5999.16  3044.68  2706.69  817.513  3232.36  
Period   3 5163.77  4548.02  2786.82  1872.33  1973.14  2369.44  
Period   4 7577.92  6186.71  4743.14  2273.95  6737.93  4357.74  
Period   5 3588.95  6732.3  2243.4  2000.8  2256.5  4113.09  
UNDS1
Period   0 -1552.31  -1730.45  -1548.42  -1871.72  -1593.84  -1660.13  
Period   1 -2617.01  -1973.73  -2068.36  -1756.19  -2532.76  -2047.33  
Period   2 -1868.3  -1267.24  -1851.48  -1267.11  -1675.75  -1887.75  
Period   3 -1544.94  -1525.4  -1611.08  -1848.61  -1623.17  -1816.73  
Period   4 -1690.8  -1788.84  -1891.21  -1883.22  -1685.7  -1648.07  
Period   5 -1679.33  -1552.23  -1689.47  -1784.86  -1925.59  -1610.22  
SCENARIO 39
UNDS0
Period   0 2315.29  4025.52  3335.14  2887.12  2865.61  1232.71  
Period   1 1057.59  32.9475  3965.9  1070.04  3596.32  3232.33  
Period   2 2592.75  2956.74  2305.69  931.389  4087.58  6676.56  
Period   3 3332.7  3080.16  2128.66  5678.46  5118.18  4968.98  
Period   4 7687.3  4077.77  8228.86  7502.99  3276.8  4390.75  
Period   5 2808.27  5122.71  6208.66  4013.28  6423.59  3838.95  
UNDS1
Period   0 -1653.01  -1809.65  -1562.57  -1505.91  -1893.76  -1857.85  
Period   1 -2384.26  -1730.44  -2454.71  -1677.95  -2275.26  -1749.74  
Period   2 -1546.88  -1195.17  -1425.52  -1375.8  -1189.34  -1586.21  
Period   3 -1572.57  -1760.49  -1600.18  -1718.08  -1612.77  -1802.9  
Period   4 -1533.73  -1855.13  -1803.9  -1632.75  -1489.21  -1640.9  
Period   5 -1632.94  -1918.87  -1499.25  -1858.24  -1531.8  -1586.04  
SCENARIO 40
UNDS0
Period   0 2517.18  2878.68  1927.62  3035.64  2944.46  1375.61  
Period   1 5728.86  4485.82  303.792  2684.9  579.471  3358.47  
Period   2 905.573  3330.86  4439.22  5578.37  4295.45  1109.07  
Period   3 6263.63  7373.1  3075.23  2180.38  4371.79  2512.24  
Period   4 6601.24  4829.13  2342.25  6086.71  7421.58  3740.29  
Period   5 2244.52  3793.09  4312.42  4097.09  5381.25  4205.88  
UNDS1
Period   0 -1501.91  -1646.86  -1836.6  -1555.38  -1803.53  -1729.46  
Period   1 -1723.54  -1673.96  -2328.56  -1508.66  -1288.3  -1845.22  
Period   2 -1487.31  -1513.07  -1799.03  -1383.21  -1734.68  -1497.67  
Period   3 -1514.13  -1885.17  -1564.81  -1483.55  -1643.89  -1609.5  
Period   4 -1709.45  -1882.93  -1759.45  -1729.73  -1556.47  -1582.09  
Period   5 -1666.4  -1968.77  -1545.3  -1704.98  -1605.18  -1775.11  
SCENARIO 41
UNDS0
Period   0 3629.92  3370.28  3285.19  2379.61  2009.91  2715.34  
Period   1 2508.94  5075.15  6123.09  3993.51  5876  5798.47  
Period   2 3654.15  1552.61  1562.1  1930.22  1631.95  1946.11  
Period   3 5662.69  2155.48  7291.54  6028.6  4788.79  3340.39  
Period   4 2873.86  4768.4  2012.76  2627.75  7113.31  2189.32  
Period   5 3894.2  5772.93  6898.72  4423.48  6664.4  2264.09  
UNDS1
Period   0 -1624.8  -1840.54  -1622.43  -1578.27  -1994.09  -1614.36  
Period   1 -1315  -1271.91  -2017.33  -1577.39  -1702.48  -2488.42  
Period   2 -1799.91  -1269.4  -1637.07  -1483.05  -1873.82  -1885.53  
Period   3 -1761.82  -1666.33  -1628.78  -1492.42  -1657.15  -1584.49  
Period   4 -1670  -1638.45  -1848.21  -1861.43  -1753.91  -1791.05  
Period   5 -1850.34  -1881.74  -1905.01  -1947.67  -1585.36  -1786.37  
SCENARIO 42
UNDS0
Period   0 1660.12  3038.98  2193.86  1312.27  1406.09  4123.52  
Period   1 4897.83  5300.34  3502.34  5089.37  5688.16  127.354  
Period   2 1138.77  3808.54  4005.24  5064.91  1536.95  3767.3  
Period   3 5430.6  6939.96  1791.56  5092.54  2269.43  5661.39  
Period   4 3803.24  3186.08  4021.13  6714.2  2579.27  2117.68  
Period   5 7041.79  2512.53  3886.22  2358.7  6994.83  2747.32  
UNDS1
Period   0 -1773.34  -1636.2  -1855.51  -1583.43  -1552.92  -1670.98  
Period   1 -2536.05  -2456.85  -2419.72  -2140.75  -2502.56  -1697.33  
Period   2 -1877.52  -1845.09  -1195.42  -1499.64  -1230.03  -1202.73  
Period   3 -1882.48  -1844.21  -1634.02  -1746.19  -1838.28  -1696.29  
Period   4 -1492.02  -1898.46  -1669.84  -1560.75  -1867.62  -1528.97  
Period   5 -1618.68  -1960.84  -1576.8  -1760.84  -1659.07  -1720.59  
SCENARIO 43
UNDS0
Period   0 3688.88  1705.47  1233.22  3200.48  2091.76  3816.67  
Period   1 666.106  1527.36  6289.84  6301.8  526.116  2297.26  
Period   2 5213.26  2118.09  4461.44  5567.44  1068.28  862.68  
Period   3 6663.9  5416.99  3050.26  6238.91  4618.61  5786.02  
Period   4 5995.24  4746.57  2252.97  8200.23  3001.62  7961.17  
Period   5 5012.96  6328.23  5063.44  3848.04  3404.25  6495  
UNDS1
Period   0 -1988.87  -1640.77  -1623.21  -1513.82  -1935.35  -1585.74  
Period   1 -2266.58  -1384.78  -1454.61  -1867.98  -2607.22  -1785.09  
Period   2 -1342.42  -1425.51  -1753.02  -1575.8  -1799.78  -1642.34  
Period   3 -1521.04  -1583.33  -1773.04  -1611.91  -1493.97  -1803.04  
Period   4 -1904.84  -1902.11  -1774.43  -1501.12  -1867.7  -1639.77  
Period   5 -1759.23  -1786.27  -1606.2  -1723.34  -1725.5  -1610.71  
SCENARIO 44
UNDS0
Period   0 2358.11  2092.18  1327.8  1595.73  3361.35  1408.44  
Period   1 2469.2  6379.89  198.432  5069.03  6232.97  1460.63  
Period   2 4569.6  6618.86  2853.36  1923.83  1408.04  1767.05  
Period   3 7537.57  3890.23  2229.57  7115.77  2728.32  4912.72  
Period   4 2518.96  5221.59  6503  5501.65  3244.84  6552.11  
Period   5 3023.44  6215.5  2397.7  2245.63  2453.1  6080.75  
UNDS1
Period   0 -1823.47  -1727.93  -1774.99  -1903.59  -1998.09  -1517.94  
Period   1 -2205.06  -1840.08  -1579.44  -1828.42  -2379.41  -2412.09  
Period   2 -1658.24  -1656.46  -1431.9  -1865.61  -1839.06  -1805  
Period   3 -1560.7  -1734.07  -1805.74  -1570.12  -1499.12  -1812.57  
Period   4 -1557.31  -1789.38  -1720.71  -1875.39  -1513.86  -1757.74  
Period   5 -1830.96  -1871.86  -1561.81  -1708.62  -1786.03  -1835.47  
SCENARIO 45
UNDS0
Period   0 3521.44  1679.03  1138.4  2480.62  1598.5  3108.58  
Period   1 814.487  2059.7  1994.11  5780.64  4808.14  58.926  
Period   2 6683.13  3417.27  5687.77  1534.38  1052.26  809.769  
Period   3 5375.63  1807.75  6188.69  6790.2  5363.39  4329.61  
Period   4 2766.16  5603.63  7614.54  2723.46  5874.44  2535.66  
Period   5 6152.64  3692.9  6287.39  4253.38  4326.47  6079.93  
UNDS1
Period   0 -1821.16  -1645.3  -1729.73  -1926.1  -1813.66  -1832.42  
Period   1 -1932.34  -1566.19  -1985.1  -2476.73  -1275.02  -1739.65  
Period   2 -1590.26  -1856.6  -1537.86  -1818.85  -1635.06  -1525.87  
Period   3 -1469.33  -1862.42  -1749.67  -1651.4  -1848.93  -1704.04  
Period   4 -1660.01  -1488.84  -1732.8  -1736.2  -1614.59  -1878.41  
Period   5 -1626  -1713.07  -1624.17  -1795.29  -1584.19  -1653.92  
SCENARIO 46
UNDS0
Period   0 4016.21  3515.72  1979.59  1627.77  2524.94  2018.09  
Period   1 4722.71  5403.14  1577.26  2036.07  3049.58  1263.32  
Period   2 2730.97  5888.97  1836.81  1587.77  5111.33  1420.64  
Period   3 3495.23  3897.3  5599.28  2673.13  4754.72  2985.68  
Period   4 2145.01  4563.34  4322.6  7658.98  2881.55  6086.23  
Period   5 6711.45  6011.7  2491.82  2995.8  4004.02  6513.74  
UNDS1
Period   0 -1773.59  -1604.11  -1814.3  -1995.5  -1969.18  -1606.95  
Period   1 -2072.14  -1424.83  -1723.16  -2121.89  -1347.01  -1584.96  
Period   2 -1430.35  -1340.29  -1662.27  -1536.46  -1225.65  -1268.39  
Period   3 -1518.67  -1631.04  -1517.82  -1728.33  -1719.92  -1543.28  
Period   4 -1610.16  -1526.85  -1632.75  -1815.19  -1736.8  -1659.24  
Period   5 -1728.81  -1904.82  -1629.81  -1522.95  -1536.74  -1684.63  
SCENARIO 47
UNDS0
Period   0 1938.81  3222.46  2334.31  2575.94  1624.92  1366.97  
Period   1 4993.65  5301.38  3939.2  5721.3  5881.23  3466.85  
Period   2 1108.53  5583.84  5186.98  2517.53  4352.81  1129.88  
Period   3 7624.08  3270.19  4716.14  6908  5370.86  4527.65  
Period   4 5205.85  2379.35  5391.25  3196.09  4538.27  4801.26  
Period   5 5919.19  5868.2  3542.45  1955.35  3083.25  5709.45  
UNDS1
Period   0 -1504.15  -1731.42  -2002.69  -1804.55  -1637.93  -1906.44  
Period   1 -2452.61  -1704.09  -1685.24  -1928.07  -2460.79  -1982.19  
Period   2 -1786.68  -1434.05  -1866.74  -1546.76  -1487.59  -1234.47  
Period   3 -1463.85  -1851.11  -1689.46  -1510.02  -1567.29  -1501.54  
Period   4 -1901.55  -1758.44  -1893.87  -1705.93  -1585.31  -1692.82  
Period   5 -1864.38  -1609.73  -1907.9  -1596.25  -1816.38  -1844.37  
SCENARIO 48
UNDS0
Period   0 2544.2  3354.59  1289.58  3365.15  2670.67  2971.32  
Period   1 2754.15  2219.98  5693.19  1700.75  5478  4961.36  
Period   2 3669.17  6486.97  4733.14  1654.99  976.212  1149.91  
Period   3 3155.09  6141.35  5042.55  5429.02  5954.25  5542.33  
Period   4 3955.33  3722.46  5614.92  4182.41  2977.94  6504.01  
Period   5 4023.38  3111.84  6409.16  3465.58  3246.45  4110.77  
UNDS1
Period   0 -1741.77  -1899.38  -1503.44  -1619.19  -1500.34  -1794.18  
Period   1 -2369.76  -1681.17  -1674.12  -2377.34  -2650.76  -2473  
Period   2 -1369.67  -1822.5  -1731.79  -1716.76  -1412.9  -1425.76  
Period   3 -1630.18  -1762.67  -1478.57  -1890.31  -1777.25  -1662.91  
Period   4 -1884.39  -1688  -1539.68  -1512.35  -1836.86  -1773.49  
Period   5 -1916.49  -1721.92  -1584.34  -1783.18  -1880.39  -1577.67  
SCENARIO 49
UNDS0
Period   0 1551.02  3290.06  1929.56  2992.44  2905.86  2919.66  
Period   1 640.645  548.348  2540.22  4862.64  6373.86  1086.4  
Period   2 3691.49  2453.87  5062.47  1110.23  1854.6  2701.93  
Period   3 4811.17  7086.89  6239.37  6735.21  2102.74  5021.34  
Period   4 7706.28  5803.77  3416  5698.08  7115.27  3906.58  
Period   5 3517.96  3773.3  2912.32  3185.85  2691.59  3444.31  
UNDS1
Period   0 -2001.66  -1617.79  -1765.55  -1605.87  -1761.48  -1661.28  
Period   1 -2498.87  -1759.47  -2488.36  -2388.2  -2277.41  -2079.68  
Period   2 -1412.88  -1882.4  -1209.41  -1675.02  -1450.49  -1707.73  
Period   3 -1876.35  -1866.11  -1586.59  -1589.18  -1775.92  -1639.51  
Period   4 -1730.79  -1794  -1802.09  -1596.61  -1765.64  -1638.25  
Period   5 -1947.58  -1686.35  -1763.53  -1804.78  -1923.35  -1604.87  
SCENARIO 50
UNDS0
Period   0 2885.07  2416.82  1736.95  3167.31  1295.05  2694.26  
Period   1 4932.53  4531.18  4073.27  457.884  2024.2  5411.03  
Period   2 6405.28  1351.37  840.647  858.33  2521.8  3278  
Period   3 5507.89  6538.57  5906.18  3411.94  4503.63  5033.94  
Period   4 2940.84  2655.91  5161.95  5942.32  4838.86  3945.06  
Period   5 6645.09  3915.49  4212.95  4173.46  2929.78  3613.97  
UNDS1
Period   0 -1559.03  -1540.29  -1821.79  -1490.11  -1758.01  -1840.38  
Period   1 -1657.7  -2386.2  -1650.82  -2260.38  -1748.13  -2169.71  
Period   2 -1746.01  -1477.07  -1791.96  -1639.97  -1264.89  -1446.04  
Period   3 -1620.18  -1744.38  -1717.31  -1485.12  -1704.93  -1698.27  
Period   4 -1645.22  -1500.57  -1852.39  -1801.2  -1639.71  -1884.79  
Period   5 -1540.68  -1973.91  -1760.45  -1933.08  -1834.9  -1780.35  
SCENARIO 51
UNDS0
Period   0 3635.05  1450.45  2872.13  1619.34  4038.03  3034.28  
Period   1 4298.07  508.937  2237.45  903.143  587.919  2962.47  
Period   2 4554.26  6497.12  2263.43  1447.34  4458.2  806.855  
Period   3 2191.12  5964.39  6224.52  6932.87  2724.82  5383.79  
Period   4 7060.6  3829.56  2204.47  7319.27  7328.72  2471.24  
Period   5 3435.25  5922.64  5989.95  2108.81  6964.91  2219.38  
UNDS1
Period   0 -1882.27  -2003.79  -1706.57  -1647.62  -1771.24  -1601.39  
Period   1 -1500.12  -2124  -2591.4  -2329.67  -2629.88  -1715.92  
Period   2 -1177.97  -1282.11  -1445.63  -1873.69  -1336.33  -1491.54  
Period   3 -1558.67  -1636.99  -1686.37  -1814.22  -1696.63  -1591.66  
Period   4 -1545.68  -1618.72  -1601  -1684.1  -1741.05  -1817.57  
Period   5 -1735.22  -1634.65  -1927.76  -1516.98  -1718.92  -1580.37  
SCENARIO 52
UNDS0
Period   0 2010.48  2389.94  1364.54  4083.95  1495.87  2355.01  
Period   1 2228.1  310.966  1211.17  3982.28  5647.3  894.86  
Period   2 2692.67  3746.75  2127.09  6502.75  3748.79  835.235  
Period   3 4791.86  7698.32  7244.04  3540.9  1950.64  7586.26  
Period   4 8243.79  5350.38  5782.72  3339.4  3149.89  5046.22  
Period   5 3434.4  4344.5  6546.62  3047.08  6849.83  5836.45  
UNDS1
Period   0 -1641.03  -2041.14  -1624.41  -1877.73  -1873.34  -1712.32  
Period   1 -1983.33  -2511.87  -1389.24  -1304.42  -2153.93  -2637.66  
Period   2 -1725.34  -1304.8  -1660.41  -1798.57  -1473.21  -1308.3  
Period   3 -1784.96  -1734.54  -1781.56  -1623.83  -1516.06  -1726.29  
Period   4 -1538.93  -1757.56  -1548.31  -1884.16  -1739.38  -1520.37  
Period   5 -1815.83  -1532.28  -1629.32  -1648.13  -1763.99  -1757.76  
SCENARIO 53
UNDS0
Period   0 2835.81  2310.67  1816.3  3078.24  2315.62  2180.17  
Period   1 5441.74  3908.19  5018.6  2097.37  1737.72  1641.05  
Period   2 4075.67  4533.87  6685.13  2877.31  843.738  1003.65  
Period   3 6551.88  2640.94  5498.36  7456.57  5560.59  2656.87  
Period   4 4868.5  7344.79  6683.06  8010  4069.38  5409.59  
Period   5 2867.49  6023.73  4151.94  5329.63  5661.34  1901.63  
UNDS1
Period   0 -1538.26  -1964.74  -1718.87  -1571.84  -1856.49  -1836.44  
Period   1 -1535.09  -1442.2  -1400.98  -1610.1  -1300.11  -2342.62  
Period   2 -1505.85  -1245.94  -1773.4  -1559.66  -1656.65  -1196.29  
Period   3 -1798.02  -1872.96  -1474.92  -1473.53  -1464.43  -1648.34  
Period   4 -1887.9  -1509.87  -1547.69  -1806.59  -1798.77  -1756.4  
Period   5 -1799.31  -1977.35  -1568.13  -1615.57  -1882.54  -1916.46  
SCENARIO 54
UNDS0
Period   0 3520.74  3759.18  3866.77  2900.11  2190.86  1157.55  
Period   1 3543.65  6213.31  1302.07  2004.18  141.525  3195.88  
Period   2 1305.57  1945.86  3384.33  4349.74  4734.38  956.021  
Period   3 4933  2546.05  4100.78  2890.17  4791.31  7520.45  
Period   4 2170.8  5826.39  4479.5  8090.25  6270.03  5520.05  
Period   5 2548.8  5440.32  3416.19  2134.37  6702.1  4793.31  
UNDS1
Period   0 -1987.73  -2012.97  -1874.36  -1734.7  -1672.69  -1806.29  
Period   1 -1370.15  -2234.63  -1977.2  -1467.55  -1796.43  -2184.28  
Period   2 -1795.07  -1477.69  -1530.84  -1578.49  -1765.33  -1589.7  
Period   3 -1475.76  -1723.14  -1508.03  -1634.86  -1706.58  -1788.08  
Period   4 -1815.64  -1604.2  -1857.88  -1654.04  -1508.1  -1765.61  
Period   5 -1670.45  -1861.55  -1727.9  -1868.1  -1666.28  -1796.28  
SCENARIO 55
UNDS0
Period   0 1604.95  3460.34  1265.11  1681.53  1831.22  1886.91  
Period   1 3116.33  2774.91  5342.4  4297.63  2160.73  1811.14  
Period   2 4510.05  2624.28  4885.9  6157.2  1010.27  851.214  
Period   3 6816.26  1788.63  2226.41  7026.46  4438.1  7680.16  
Period   4 6834.47  5211.96  8207.79  7793.24  7215.46  1900.17  
Period   5 7025.33  3392.67  5971.54  6215.35  6256.22  2623.52  
UNDS1
Period   0 -1600.4  -1690.64  -1542.28  -1620.57  -1621.97  -1767.74  
Period   1 -2664.37  -1291.84  -2444.27  -1741.88  -2418.46  -1592.48  
Period   2 -1586.84  -1182.79  -1618.52  -1489.25  -1605.11  -1722.4  
Period   3 -1773.17  -1591.35  -1808.21  -1684.34  -1471.71  -1543.62  
Period   4 -1860.38  -1859.32  -1507.53  -1496.6  -1875.85  -1513.09  
Period   5 -1767.79  -1706.94  -1622.83  -1728.07  -1752.2  -1585.74  
SCENARIO 56
UNDS0
Period   0 1273.18  3993.49  4138.68  3588.97  1133.55  2927.61  
Period   1 387.329  3075.53  2984.23  3702.36  192.248  1914.2  
Period   2 3868.61  5071.14  4185.68  4051.9  1351.25  1509.31  
Period   3 1662.8  5088.2  3711.52  2057.41  5960.17  4945.47  
Period   4 7158.68  8235.16  7049.59  2858.35  5859.68  6110.77  
Period   5 4809.92  6037.34  3497.25  6046.63  5138.59  5936.24  
UNDS1
Period   0 -1651.26  -1596.11  -1791.81  -1994.32  -1906.66  -2040.31  
Period   1 -2474.58  -1352.01  -2538.32  -2221.36  -1339.7  -1991.44  
Period   2 -1292.04  -1579.09  -1512.66  -1497.9  -1452.05  -1801.01  
Period   3 -1767.26  -1483.26  -1534.78  -1870.54  -1535.79  -1866.63  
Period   4 -1764.05  -1599.24  -1728.76  -1787.68  -1718.68  -1839.7  
Period   5 -1558.92  -1571.64  -1788.55  -1921.57  -1873.96  -1518.77  
SCENARIO 57
UNDS0
Period   0 3980.36  1405.58  3403.33  3358.15  1341.69  1527.05  
Period   1 565.43  699.024  3510.65  4364.46  2430.68  3760.81  
Period   2 6386.67  2086.39  2027.33  3633.72  3626.33  1536.02  
Period   3 3977.48  6587.14  6540.85  5069.1  7551.23  2536.65  
Period   4 7819.34  2971.64  4241.25  3794.38  4000.49  8064.94  
Period   5 6769.79  6164.87  3917.09  3905.31  5524.84  2812.45  
UNDS1
Period   0 -1976.35  -1491.89  -1864.92  -1717.15  -1509.37  -1762.73  
Period   1 -1919.08  -2270.53  -1377.09  -2642.2  -2506.08  -2393.54  
Period   2 -1338.53  -1269.45  -1185.26  -1438.2  -1893.39  -1749.2  
Period   3 -1802.69  -1844.77  -1511.7  -1854.24  -1556.25  -1736.82  
Period   4 -1686.33  -1843.04  -1549.79  -1845.96  -1786.71  -1639.06  
Period   5 -1643.46  -1950.34  -1868.57  -1780.82  -1953.89  -1640.39  
SCENARIO 58
UNDS0
Period   0 1768.46  3342.76  2807.45  4167.02  3852.29  1320.74  
Period   1 179.091  3152.7  3862.28  965.985  302.857  341.99  
Period   2 1976.96  4536.24  834.308  5530.82  4282.75  2757.67  
Period   3 7067.52  4554.39  2822.71  4876.98  5521.79  1940.66  
Period   4 2373.75  7452.35  2683.19  4180.96  7649.43  4458.4  
Period   5 3435.92  4509.66  4887.41  3874.27  6002.27  4140.95  
UNDS1
Period   0 -1764.75  -1551.41  -1803.77  -1979.98  -1816.39  -1624.69  
Period   1 -1609.74  -1832.74  -1588.68  -1867.35  -2083.79  -2030.31  
Period   2 -1584.76  -1368.29  -1726.49  -1381.89  -1692.59  -1480.86  
Period   3 -1757.96  -1525.72  -1716.43  -1474.94  -1869.64  -1697.29  
Period   4 -1670.86  -1890.54  -1866.99  -1682.16  -1501.64  -1849.26  
Period   5 -1743.65  -1935.82  -1869.62  -1544.77  -1604.52  -1820.87  
SCENARIO 59
UNDS0
Period   0 2106.88  2452.74  1127.37  1883.74  2883.49  3974.2  
Period   1 2465.92  223.703  4069.98  603.024  2325.51  1141.94  
Period   2 2468.67  2560.49  5451.11  5140.19  1734.05  1932.82  
Period   3 1505.47  5888.6  5914.48  6419.49  3537.27  6185.9  
Period   4 6109.45  2769.38  5136.86  3842.86  2918.88  7714.13  
Period   5 7000.6  2809.19  7061.98  1902.32  6495.46  2808.62  
UNDS1
Period   0 -1964.68  -1951.88  -1778.83  -1603.1  -2032.95  -2010.21  
Period   1 -2142.76  -1820.18  -1884.39  -1977.98  -2548.17  -2397.65  
Period   2 -1720.64  -1393.75  -1271.42  -1223.16  -1802.26  -1557.75  
Period   3 -1865.43  -1599.11  -1579.5  -1637.91  -1630.41  -1812.93  
Period   4 -1512.32  -1746.99  -1715.02  -1638.32  -1796.75  -1868.62  
Period   5 -1678.85  -1868.6  -1709.26  -1557.59  -1677.16  -1555.3  
SCENARIO 60
UNDS0
Period   0 1140  1367.33  3364.3  3801.63  2575.76  3362.06  
Period   1 1468.41  492.708  5013.17  5408.69  3710.05  5087.48  
Period   2 4259.28  2464.6  5951.07  2286.87  3932.84  1118.51  
Period   3 3881.44  5885.48  3675.37  4637.26  3118.86  7419.21  
Period   4 5327.02  4175.33  3466.09  7045.52  3538.56  6359.91  
Period   5 4341.88  6666.6  6994.95  2923.7  6873.72  2899.53  
UNDS1
Period   0 -1830.65  -1802.62  -1978.31  -1869.13  -1898.87  -1571.16  
Period   1 -2310.7  -1381.09  -1259.73  -2138.67  -1725.45  -2034.67  
Period   2 -1555.37  -1757.31  -1842.15  -1658.82  -1553.73  -1234.85  
Period   3 -1570.75  -1727.23  -1700.59  -1862.93  -1726.03  -1633.14  
Period   4 -1865.88  -1487.28  -1874.23  -1684.04  -1809.56  -1871.04  
Period   5 -1822.84  -1965.51  -1654.17  -1575.24  -1510.88  -1920.01  
SCENARIO 61
UNDS0
Period   0 3640.72  1299.33  1147.21  2907.45  3858.69  1953.98  
Period   1 2812.14  4703.01  363.038  3242.66  1423.26  3209.49  
Period   2 1684.97  4347.98  6614.95  3452.75  1587.65  2224.42  
Period   3 3023.39  3115.46  7154.8  2140.91  4680.14  5483.85  
Period   4 8220.45  2977.05  5919.18  4860.66  4687.52  3137.06  
Period   5 4365.75  4711.19  5502.57  6868.8  2789.54  2750.44  
UNDS1
Period   0 -1787.17  -1814.87  -1950.7  -1808.71  -1559.11  -1661.88  
Period   1 -1374.95  -1959.59  -1847.56  -2101.55  -2047.77  -2411.2  
Period   2 -1412.71  -1625.16  -1352.35  -1533.28  -1588.22  -1844.44  
Period   3 -1704.35  -1480.83  -1609.15  -1812.4  -1474.89  -1693.12  
Period   4 -1767.94  -1629.27  -1615.33  -1499.31  -1692.52  -1516.33  
Period   5 -1701.8  -1753.77  -1656.78  -1861.75  -1774.76  -1679.15  
SCENARIO 62
UNDS0
Period   0 1577.21  1940.17  3368.03  3765.18  2357.49  3494.04  
Period   1 3856.38  4565.68  2886.83  4539.84  722.796  6271.97  
Period   2 801.047  5226.84  2604.78  1825.07  1337.88  5478.67  
Period   3 4792.76  5626.37  2733.82  2839.71  7192.61  2410.65  
Period   4 4064.32  7686.48  6963.37  4264.88  3887.98  2904.92  
Period   5 6172.01  2523.87  6122.81  7002.02  2362.74  4797.66  
UNDS1
Period   0 -1947.1  -1896  -1579.58  -1678.7  -1852.97  -1537.11  
Period   1 -2601.84  -1442.92  -1657.23  -2664.24  -1349.86  -2426.26  
Period   2 -1660.15  -1265.64  -1832.27  -1819.24  -1619.31  -1475.73  
Period   3 -1711.86  -1701.34  -1546.3  -1742.76  -1628.71  -1648.61  
Period   4 -1638.79  -1602.81  -1744.51  -1716.12  -1590.76  -1559.56  
Period   5 -1909.82  -1604.02  -1808.1  -1923.14  -1738.24  -1652.88  
SCENARIO 63
UNDS0
Period   0 3565.9  3275.76  4124.71  1570.74  3623.64  1225.69  
Period   1 5153.71  1513.27  4245.08  4798.25  561.765  2377.63  
Period   2 5906.21  5097.81  1877.45  4192.7  918.449  1306.7  
Period   3 3933.43  7532.23  6822.66  4558.95  2161.64  5298.14  
Period   4 3028.82  2799.01  7018.06  5703.25  4214.69  5581.66  
Period   5 2784.17  3616.19  5117.47  6410.38  3626.08  6701.66  
UNDS1
Period   0 -1708.85  -2028.57  -1580.27  -1568.36  -1970.6  -1503.69  
Period   1 -2091.19  -1948  -1957.25  -2481.24  -2211.97  -2316.94  
Period   2 -1505.71  -1545.79  -1592.47  -1541.35  -1839.15  -1521.06  
Period   3 -1554.99  -1888.15  -1627.54  -1553.17  -1747.73  -1465.1  
Period   4 -1782.33  -1839.95  -1829.98  -1819.8  -1609.23  -1655.85  
Period   5 -1501.3  -1804.95  -1675.6  -1650.64  -1610.61  -1959.63  
SCENARIO 64
UNDS0
Period   0 2087.16  2086.5  2938.49  4135.95  3748.96  1212.49  
Period   1 2106.39  789.271  3441.23  3940.66  3269.12  3455.72  
Period   2 5553  6295.29  4510.46  1870.68  891.95  876.526  
Period   3 2330.82  3657.25  7495.54  5907.89  6507.23  4507.99  
Period   4 3469.04  3296.76  5740.61  2726.18  2541.68  5551.27  
Period   5 2246.93  1908.08  2820.19  2267.82  6797.77  6691.82  
UNDS1
Period   0 -1962.56  -1721.15  -1905.15  -1928.78  -1733.17  -1813.51  
Period   1 -1534.79  -2294.21  -2000.72  -1252.71  -2470.33  -1393.51  
Period   2 -1389.29  -1207.89  -1494.67  -1776.69  -1740.03  -1567.72  
Period   3 -1692.55  -1626.24  -1858.96  -1596.55  -1492.29  -1857.79  
Period   4 -1639.12  -1792.7  -1495.89  -1900.54  -1528.93  -1599.43  
Period   5 -1740.48  -1544  -1896.75  -1667.09  -1506.99  -1568.42  
SCENARIO 65
UNDS0
Period   0 2124.26  2692.56  2684.51  2060.38  1178.86  4131.42  
Period   1 1061.15  1656.58  5057.13  5618.36  2688.32  3116.87  
Period   2 6426.54  2055.35  5176.72  4467.18  996.927  812.823  
Period   3 5509.9  4678.35  3985  5465.88  7240.9  3497.16  
Period   4 1972.47  4040.56  8090.37  2594.73  4389.32  3345.05  
Period   5 4900.7  6386.14  6492.36  2524.55  6468.17  5650.01  
UNDS1
Period   0 -1536.22  -1696.75  -1858.98  -1922.14  -2013.97  -1712.59  
Period   1 -1589.14  -1498.22  -1423.97  -1900.84  -1813.63  -1290.08  
Period   2 -1377.95  -1574.34  -1881.53  -1406.85  -1238.87  -1888.46  
Period   3 -1547.37  -1703.26  -1463.12  -1606.98  -1704.59  -1846.22  
Period   4 -1857.15  -1559.82  -1631.9  -1573.54  -1690.88  -1605.03  
Period   5 -1975.12  -1699.45  -1914  -1648.15  -1555.87  -1915.7  
SCENARIO 66
UNDS0
Period   0 2664.16  2074.98  1877.19  3678.25  1106.37  3423.31  
Period   1 3327.09  5854.45  2731.16  3985.96  4519.09  4885.69  
Period   2 1352.87  1568.79  916.315  2892.75  4312.58  4970.71  
Period   3 5040.08  5631.02  6662.79  6447.93  3056.77  5069.44  
Period   4 2126.77  5724.26  2666.73  5104.53  6802.94  8078.01  
Period   5 6834.53  5772.08  6792.44  2622.39  3981.31  3358.47  
UNDS1
Period   0 -2004.97  -1632.49  -1847.64  -1837.09  -1877.59  -1590.31  
Period   1 -2340.34  -2013.7  -1732.22  -1490.73  -2511.06  -1545.66  
Period   2 -1873.44  -1619.9  -1315.1  -1208.72  -1281.49  -1646.02  
Period   3 -1608.3  -1781.74  -1581.39  -1603.92  -1785.59  -1801.93  
Period   4 -1600.89  -1487.22  -1890  -1835.87  -1793.52  -1660.89  
Period   5 -1518.75  -1855.15  -1926.92  -1801.18  -1756.99  -1877.68  
SCENARIO 67
UNDS0
Period   0 4121.79  4077.52  1256.02  3603.05  1465.86  1754.1  
Period   1 4182.68  5382.78  848.953  1797.11  597.975  1951.5  
Period   2 6055.76  4156.2  4962.25  2237.8  1383.4  1158.74  
Period   3 2554.86  2395.53  4758.98  2146.43  5624.05  6526.94  
Period   4 3109.61  4639.08  5740.9  2581.55  2249.79  2979.3  
Period   5 6188.28  4468.32  2921.78  3051.97  6494.61  4357.03  
UNDS1
Period   0 -1518.64  -1786.45  -1821.36  -1706.26  -1987.79  -1737.4  
Period   1 -2144.6  -2350.69  -1562.03  -1712.74  -2505.86  -1958.04  
Period   2 -1808.44  -1673.19  -1616.67  -1568.83  -1191.81  -1276.28  
Period   3 -1616.19  -1628.8  -1502.02  -1698.94  -1801.38  -1696.29  
Period   4 -1861.33  -1877.22  -1585.36  -1819.53  -1579.92  -1782.29  
Period   5 -1531.25  -1585.28  -1730.9  -1538.17  -1776.77  -1755.99  
SCENARIO 68
UNDS0
Period   0 1391.84  3149.62  3476.07  3021.99  4033.77  1255.74  
Period   1 4730.11  5564.91  4862.18  3579.67  4354.85  3341.13  
Period   2 6554.45  3674.11  2947.67  1882.49  3459.32  1331.33  
Period   3 6217.75  4044.6  7067.74  2903.51  4423.67  6484.88  
Period   4 2873.95  7428.49  5483.2  6860.62  7857.01  4978.73  
Period   5 3126.19  2508.22  6257.43  4618.32  6878.92  5985.56  
UNDS1
Period   0 -1683.34  -1519.54  -1757.16  -1646.9  -1616.31  -1840.67  
Period   1 -2151.18  -1934.21  -2514.58  -2272.21  -1594.05  -2375.5  
Period   2 -1825.74  -1808.7  -1565.97  -1784.32  -1415.35  -1783.62  
Period   3 -1686.43  -1488.37  -1697.12  -1838.26  -1879.52  -1538.65  
Period   4 -1725.22  -1857.62  -1619.19  -1851.79  -1527.87  -1874.03  
Period   5 -1567.12  -1504.37  -1616.7  -1933.27  -1742.96  -1887.98  
SCENARIO 69
UNDS0
Period   0 2541.7  2110.4  2336.53  2624.92  2162.96  3486.81  
Period   1 2984.72  2262.03  59.5801  2410.8  3012.53  2314.42  
Period   2 6428.95  3162.86  1368.59  2944.04  3587.23  1553.87  
Period   3 7287.36  7690.35  4519.52  2389.44  4013.84  4106.95  
Period   4 2269.77  3550.12  7804.32  2106.37  3408.07  2412.68  
Period   5 6458.32  2749.86  1979.91  6539.99  1923.36  6793.11  
UNDS1
Period   0 -1746.52  -1773.92  -1512.69  -1986.72  -1869.91  -1708.15  
Period   1 -2498.64  -1701.44  -1233.99  -2120.4  -1326.04  -2022.13  
Period   2 -1499.57  -1894.76  -1585.01  -1770.52  -1253.82  -1471.81  
Period   3 -1483.74  -1807.72  -1713.6  -1471.11  -1826.81  -1874.46  
Period   4 -1547.02  -1675.25  -1873.06  -1618.92  -1781.31  -1814.37  
Period   5 -1921.34  -1709.55  -1543.21  -1575.34  -1693.02  -1738.25  
SCENARIO 70
UNDS0
Period   0 2744.05  2951.36  1623.09  1630.2  1573.17  3240.45  
Period   1 3572.08  320.124  5030.41  2644.63  3785.91  2602.95  
Period   2 4587.26  5645.59  4921.09  2572.94  1122.54  1135.1  
Period   3 5112.71  4840.21  3923.37  6410.24  3601.9  1786.36  
Period   4 6779.86  5085.08  6527.47  4871.12  7433.31  2018.48  
Period   5 3681.97  6417.57  3368.15  2148.38  2423.95  6714.52  
UNDS1
Period   0 -1853.97  -1775.64  -1899.15  -1893.16  -1870.38  -1520.48  
Period   1 -2060.36  -1218.1  -1543.05  -2336.67  -1240.64  -2482.8  
Period   2 -1749.78  -1760.54  -1606.46  -1270.13  -1425.69  -1238.46  
Period   3 -1604.86  -1858.4  -1758.34  -1875.23  -1507.97  -1621.54  
Period   4 -1833.36  -1881.77  -1607.15  -1508.48  -1680.37  -1751.28  
Period   5 -1923.21  -1781.93  -1854.01  -1654.41  -1647.47  -1892.74  
SCENARIO 71
UNDS0
Period   0 2104.8  3724.89  2382.83  2157.67  1559.85  2446.19  
Period   1 827.731  4704.59  4304.48  6340.28  5564.25  3486.91  
Period   2 5672.76  6015.8  3723.08  1935.54  853.379  1666.98  
Period   3 2282.03  4881.11  7670.04  6285.5  6858.48  3445.09  
Period   4 3026.89  4239.7  8224.31  7229.34  8207.78  5940.04  
Period   5 6440.73  5972.99  6393.81  5572.46  4109.56  3386.13  
UNDS1
Period   0 -1852.52  -1848.07  -1526.46  -1593.66  -2034.34  -1659.41  
Period   1 -1563.64  -1566.76  -1885.05  -2469.19  -2008.56  -1874.37  
Period   2 -1204.1  -1799.17  -1734.15  -1209.93  -1716.08  -1660.3  
Period   3 -1557.21  -1468.6  -1521.24  -1604.38  -1829.96  -1555.74  
Period   4 -1583.69  -1516.84  -1705.79  -1615.87  -1617.02  -1874.41  
Period   5 -1752.06  -1679.93  -1846.72  -1819.78  -1594.95  -1497.56  
SCENARIO 72
UNDS0
Period   0 4136.72  3652.11  1330.23  3764.68  3009.37  1355.72  
Period   1 5378.31  2684.25  5423.98  1130.89  5482.99  4886.62  
Period   2 2603.63  2889.25  5105.55  5167.62  1826.74  1841.01  
Period   3 3234.75  5476.49  4269.72  6945.8  2241.48  3172.53  
Period   4 2347.33  6529  5563.46  6529.34  7735.26  5111.79  
Period   5 5769.14  5780.32  6028.65  3369.81  4114.99  5460.43  
UNDS1
Period   0 -1740.51  -1790.68  -1731.93  -1708.94  -1993.67  -1942.67  
Period   1 -2497.09  -2531.1  -2676.21  -2085.39  -1918.77  -1589.3  
Period   2 -1410.42  -1282.11  -1408.94  -1543.65  -1329.91  -1463.97  
Period   3 -1527.55  -1851.35  -1478.12  -1732.68  -1828.04  -1539.85  
Period   4 -1654.13  -1504.26  -1616.96  -1531.2  -1906.83  -1818.59  
Period   5 -1770.24  -1708.01  -1649.62  -1865.41  -1929.4  -1869.24  
SCENARIO 73
UNDS0
Period   0 1349.28  4110.78  2744.36  2945.16  1694.8  1990.95  
Period   1 385.936  1862.23  5909.47  3744.16  1041.13  5699.07  
Period   2 3337.4  2829.16  1291.35  1158.85  3712.32  3059.68  
Period   3 5302.4  3531.63  3474.5  2924.76  7570.24  4684.1  
Period   4 4170.5  4995.6  5949.16  6439.04  6803.02  2069.04  
Period   5 2237.3  3281.75  7017.74  4798.69  2214.62  5935.63  
UNDS1
Period   0 -1496.26  -1748.07  -1866.81  -1817.83  -1589.4  -1659.16  
Period   1 -1260.94  -1892.46  -1508.77  -1471.61  -1861.78  -2598.73  
Period   2 -1567.75  -1661.48  -1274.35  -1782.71  -1800.47  -1235.28  
Period   3 -1539.9  -1718.89  -1463.86  -1856.45  -1563.17  -1823.17  
Period   4 -1563.66  -1609.14  -1761.36  -1504.79  -1500.54  -1864.99  
Period   5 -1733.06  -1851.98  -1602.41  -1980.12  -1930.43  -1845.44  
SCENARIO 74
UNDS0
Period   0 2215.81  1912.24  2487.17  2137.02  2573.69  3933.95  
Period   1 2165.53  1286.58  340.389  4353.22  4263.77  3871.82  
Period   2 3219.71  5906.29  5569.04  1461.29  1176.49  1620.39  
Period   3 4872.13  6086.99  1804.98  6032.97  4104.31  4953.56  
Period   4 6160.91  3463.09  6915.1  3170.18  6108.58  4297.99  
Period   5 5231.43  2280.3  4696.88  2650.92  5956.29  6098.21  
UNDS1
Period   0 -1620.02  -1899.2  -1630.86  -1590.21  -1746.04  -1791.2  
Period   1 -1732.62  -2099.94  -1359.29  -1896.78  -1297.9  -1742.4  
Period   2 -1853.2  -1598.94  -1373.4  -1733.48  -1467.92  -1209.78  
Period   3 -1783.84  -1724.88  -1769.82  -1615.72  -1627.16  -1706.13  
Period   4 -1573.94  -1893.98  -1694.58  -1801.92  -1725.91  -1695.66  
Period   5 -1672.96  -1708.95  -1606.75  -1539.67  -1634.55  -1928.59  
SCENARIO 75
UNDS0
Period   0 2221.05  3738.44  2988.44  3896.15  2334.08  1904.55  
Period   1 2550.16  1531.94  1481.47  3661.87  3776.93  4063.64  
Period   2 2546.04  1371.82  3464.46  1461.63  3325.95  3342.26  
Period   3 4396.83  7612.98  5704.78  6526.97  7436.04  1600.06  
Period   4 5499.76  7411.8  8023.02  1937.47  3046.83  6597.38  
Period   5 6939.74  3824.91  5464.12  5792.24  5285.57  2886.45  
UNDS1
Period   0 -1983.62  -1899.01  -2016.56  -1964.39  -1592.62  -1827.73  
Period   1 -2487.89  -1807.74  -2113.95  -1378.1  -2675.84  -1741.28  
Period   2 -1543.79  -1480.29  -1394.66  -1298.16  -1895.07  -1751.13  
Period   3 -1563.37  -1574.82  -1485.32  -1524.82  -1577.29  -1791.6  
Period   4 -1778.3  -1823.46  -1637.3  -1715.65  -1856.18  -1627.8  
Period   5 -1539.31  -1713.33  -1631.53  -1855.71  -1527.41  -1965.43  
SCENARIO 76
UNDS0
Period   0 1929.24  3643.77  2297.79  1910.57  1990.17  2315.22  
Period   1 1832.73  6218.75  2561.91  3441.24  6350.9  551.944  
Period   2 4280.77  3257.68  2311.36  5342.95  3188.83  1223.71  
Period   3 6143.15  3857.13  6476.23  6521.78  4833.33  4766.94  
Period   4 4411.74  7889.77  6872.3  2475.28  4203.63  3647.05  
Period   5 2106.13  2371.87  7006.64  3619.78  2629.66  2045.16  
UNDS1
Period   0 -1767.97  -1727.61  -1865.16  -1942.68  -1540.12  -1939.78  
Period   1 -2649.78  -2529.09  -1383.06  -1268.44  -1855.89  -2269.06  
Period   2 -1311.32  -1588.6  -1337.75  -1750.11  -1327.71  -1335.75  
Period   3 -1579.39  -1705.8  -1852.53  -1785.74  -1816.15  -1533.72  
Period   4 -1750.43  -1521.49  -1531.13  -1839.22  -1588.92  -1900.27  
Period   5 -1723.49  -1864.26  -1891.46  -1560.55  -1565.53  -1641.25  
SCENARIO 77
UNDS0
Period   0 2668.6  1451.83  1134.52  2949.77  1428.32  1529.56  
Period   1 1063.25  5028.27  5346.87  4758.89  1816.15  432.727  
Period   2 3142.76  1363.78  5931.36  895.449  3567.97  2062.63  
Period   3 4037.93  6264.17  3742.28  2188.19  3144.93  5880.08  
Period   4 6986.24  2097.45  5332.13  7766.18  1984.17  4847.4  
Period   5 5930.46  5150.68  3592.53  6426.06  1936.42  3512.69  
UNDS1
Period   0 -1687.63  -1751.12  -1526.26  -1619.54  -1997.36  -1785.19  
Period   1 -2209.01  -1778.1  -1250.45  -1286.27  -1447.43  -2677.42  
Period   2 -1342.26  -1768.17  -1259.75  -1475.94  -1217.78  -1840.83  
Period   3 -1834.98  -1808.8  -1494.52  -1866.9  -1733.7  -1855.75  
Period   4 -1650.52  -1798.33  -1728.49  -1769.26  -1710.64  -1613.4  
Period   5 -1751.11  -1901.31  -1527.54  -1855.85  -1779.74  -1817.26  
SCENARIO 78
UNDS0
Period   0 4110.76  2123.7  3651.67  2748.63  1876.91  1470.47  
Period   1 3237.47  3390.33  1857.25  2217.37  1506.55  1844.14  
Period   2 5498.54  1535.13  2921.34  2269.92  2929.35  2443.16  
Period   3 4807.98  3728.4  3256.47  5882.03  7686.46  3502.87  
Period   4 6914.94  6498.85  3387.37  7550.62  7098.82  2977.12  
Period   5 2109.86  3380.4  2651.93  4874.55  5275.03  6783.33  
UNDS1
Period   0 -1655.89  -1548.69  -1572.88  -1745.12  -1936.12  -1753.78  
Period   1 -1999.41  -2379.73  -2146.09  -2516.78  -1640.17  -2362.67  
Period   2 -1565.04  -1202.81  -1823.83  -1395.47  -1439.6  -1342.73  
Period   3 -1608.95  -1885.88  -1859.63  -1480  -1801.17  -1692.47  
Period   4 -1766.49  -1597.02  -1722.2  -1557.91  -1633.58  -1801.33  
Period   5 -1561.01  -1576.21  -1613.94  -1536.71  -1661.64  -1965.68  
SCENARIO 79
UNDS0
Period   0 1448.51  1908.72  3915.7  3916.09  2340.06  3146.64  
Period   1 4231.47  3890.33  6131.24  1263.79  1111.38  1910.95  
Period   2 5596.48  1188.74  4126.39  6569.13  1698.65  890.819  
Period   3 5225.49  4842.06  5157  5867.79  1556.13  3777.13  
Period   4 5920.87  8092.05  3537.4  2123.93  5525.22  2684.14  
Period   5 3091.22  1994.89  2494.21  7002.5  4179.15  2706.24  
UNDS1
Period   0 -1682.5  -1497.06  -1729.35  -1794.13  -1856.8  -1854.2  
Period   1 -1687.68  -2134.94  -2632.31  -2003.71  -1559.05  -1572.55  
Period   2 -1840.34  -1840.39  -1788.08  -1565.55  -1793.4  -1375.73  
Period   3 -1745.77  -1740.69  -1889.82  -1837.75  -1616.12  -1671.4  
Period   4 -1692.59  -1701.48  -1492.9  -1711.32  -1840.15  -1903.12  
Period   5 -1572.34  -1507.88  -1824.74  -1599.54  -1897.71  -1607.94  
SCENARIO 80
UNDS0
Period   0 2513.32  3180.41  4167.82  2331.4  3207.4  1923.21  
Period   1 1639.09  484.972  5499.2  1275.93  4564.74  3867.27  
Period   2 1673.08  6088.58  4552.96  1619.16  3977.03  1499.75  
Period   3 3091.88  6674.13  3564.5  2378.48  6842.67  2572.59  
Period   4 7434.86  2204.69  5787.49  6205.87  2659.45  2445.48  
Period   5 4400.1  3248.3  4061.72  6037.15  2992.62  6707.72  
UNDS1
Period   0 -2023.36  -1547.37  -1697.03  -1879.41  -2039.87  -2016.24  
Period   1 -1587.02  -2227.73  -1523.75  -2301.6  -1301.7  -2610.87  
Period   2 -1190.49  -1477.16  -1328.57  -1252.44  -1417.76  -1637.12  
Period   3 -1618.66  -1785.26  -1675.01  -1723.06  -1587.83  -1861.18  
Period   4 -1547.24  -1638.67  -1784.42  -1511.93  -1821.74  -1568.82  
Period   5 -1886.48  -1692.12  -1743.16  -1831.92  -1888.18  -1686.79  
SCENARIO 81
UNDS0
Period   0 2004.2  1783.83  2536.43  1618.54  2716.12  1643.16  
Period   1 6124.65  4776.25  4638.01  5182.73  1809.95  150.146  
Period   2 2057.93  3353.86  4761.02  6529.83  915.665  2480.21  
Period   3 4675.5  2685.61  3851.7  4318.58  6574.5  2589.99  
Period   4 2338.44  2827.41  8249.17  7219.81  6239.07  5007.9  
Period   5 3662.02  3384.32  3508.18  6934.39  2746.31  1946.75  
UNDS1
Period   0 -1574.89  -1708.42  -1495.41  -1639.57  -1655.12  -1689.4  
Period   1 -2074.24  -1679.36  -1422.31  -2171.93  -1358.27  -1796.09  
Period   2 -1824.29  -1712.5  -1717.25  -1432.66  -1582.1  -1788.25  
Period   3 -1721.1  -1514.33  -1882.85  -1621.71  -1601.03  -1594.51  
Period   4 -1615.53  -1727.59  -1742.9  -1854.13  -1632.34  -1599.74  
Period   5 -1522.16  -1652.06  -1840.49  -1557.08  -1845.36  -1743.25  
SCENARIO 82
UNDS0
Period   0 1731.25  2749.81  3071.82  2619.99  1325.36  3681.95  
Period   1 5605.74  5761.2  1533.06  732.168  5124.93  4695.43  
Period   2 6409.56  5233.51  4851.58  989.065  1616.83  803.039  
Period   3 4017.24  3160.89  3739.67  6614.04  2945.57  2556.38  
Period   4 8294.59  4235.72  6748.21  7649.71  5439.96  3248.65  
Period   5 3620.61  5093.64  4715.81  5137.93  6845.47  6803.31  
UNDS1
Period   0 -1927.69  -1907.29  -2030.27  -1733.92  -1501.93  -2040.98  
Period   1 -2480.07  -2682.22  -2202.6  -1630.45  -2099.76  -1697.14  
Period   2 -1294.44  -1254.6  -1448.06  -1371.17  -1334.13  -1837.24  
Period   3 -1546.95  -1695.65  -1578.23  -1654.81  -1728.24  -1735.7  
Period   4 -1860.31  -1519.09  -1785.26  -1829.29  -1552.99  -1849.54  
Period   5 -1694.17  -1584.42  -1829.8  -1545.55  -1709.1  -1805.67  
SCENARIO 83
UNDS0
Period   0 3377.54  2588.95  3382.7  2775.47  1239.79  2157.56  
Period   1 2727.08  2367.25  3350.59  1340.19  5478.66  5905.76  
Period   2 4544.92  1846.86  3575.74  6376.16  1764.81  1467.63  
Period   3 6489.57  7537.17  2730.98  5215.19  3907.32  7049.44  
Period   4 4571.17  5470.58  7372.7  8010.4  7501.52  2202.09  
Period   5 3944.2  6552.84  6994.87  3913.58  6362.96  2120.39  
UNDS1
Period   0 -2034.23  -1904.6  -1976.75  -2003.29  -1903.94  -1534.08  
Period   1 -1496.8  -1340.65  -2621.78  -2528.57  -2345.01  -1595.69  
Period   2 -1831.63  -1579.45  -1733.17  -1756.24  -1864.79  -1414.89  
Period   3 -1672.2  -1819.41  -1625.01  -1634.36  -1674.72  -1641.8  
Period   4 -1559.75  -1516.36  -1846.17  -1648.86  -1619.59  -1659.81  
Period   5 -1582.49  -1732.88  -1811.38  -1819.94  -1783.66  -1771.77  
SCENARIO 84
UNDS0
Period   0 1128.69  2099.58  3548.32  1155.2  3900.28  1744.46  
Period   1 923.281  2754.2  2920.03  6369.48  2799.5  2373.01  
Period   2 1814.04  1341.8  4948.4  2739.5  4576.75  2356.78  
Period   3 5399.82  2433.04  2350.2  2598.64  5929.38  2558.42  
Period   4 2735.47  5122.37  4053.89  4228.23  6730.92  2586.59  
Period   5 4010.26  6631.91  4971.64  5723.3  2834.75  5031.68  
UNDS1
Period   0 -1682.33  -1785.12  -1735.07  -1997.84  -1850.92  -1774.49  
Period   1 -2197.68  -1543.48  -2483.54  -2011.17  -2484.34  -1477.86  
Period   2 -1414.13  -1287.18  -1472.55  -1754.29  -1315.08  -1858.39  
Period   3 -1601.04  -1602.03  -1780.1  -1868.2  -1570.3  -1733.04  
Period   4 -1634.11  -1882.48  -1582.85  -1605.6  -1846.2  -1639.49  
Period   5 -1553.95  -1546.06  -1511.8  -1616.89  -1746.25  -1985.15  
SCENARIO 85
UNDS0
Period   0 2001.65  1163.29  2224.63  1990.43  3127.31  2731.14  
Period   1 2099.64  1232.74  676.056  1575.23  155.445  1554.65  
Period   2 5462.96  3039.37  1588.18  1540.62  4782  1768.51  
Period   3 6234.27  7402.61  2147.68  4149.44  3819.63  2003.22  
Period   4 2056.63  4908.34  6953.97  3303.38  5993.14  5933.29  
Period   5 2745.9  6476.46  5202.48  5310.28  2640.22  2830.83  
UNDS1
Period   0 -1970.51  -1710.74  -1845.74  -1534.08  -1977.33  -1924.2  
Period   1 -1271.71  -2148.46  -1838.7  -1331.23  -2371.15  -2434.57  
Period   2 -1866.78  -1679.75  -1700.48  -1230.56  -1806.52  -1673.48  
Period   3 -1753.96  -1589.89  -1804.68  -1706.24  -1883.69  -1870.96  
Period   4 -1863.49  -1790.63  -1885.87  -1521.67  -1658.89  -1797.25  
Period   5 -1530.89  -1818.89  -1665.11  -1612.67  -1942.54  -1595.9  
SCENARIO 86
UNDS0
Period   0 4129.3  2642.53  1244.59  3613.24  2383.6  1644.52  
Period   1 5951.32  6152.6  6212.57  4765.16  2827.54  2343.97  
Period   2 6088.27  2409.58  812.166  4499.41  2928.13  2155.33  
Period   3 1779.31  7575.68  2653.33  3810.61  3070.22  6888.01  
Period   4 7949.86  6800.88  7297.9  5015.97  3942.64  4018.63  
Period   5 6556.49  5061.6  3790.87  4014.69  2150.65  4782.09  
UNDS1
Period   0 -1503.38  -1526.8  -1852.87  -1547.71  -1582.19  -1880.37  
Period   1 -2451.63  -2463.83  -2353.08  -1668.98  -1583.61  -2558.62  
Period   2 -1217.92  -1350.43  -1750.91  -1386.75  -1599.07  -1192.2  
Period   3 -1853.51  -1777.77  -1606.24  -1819.5  -1505.97  -1578.98  
Period   4 -1521.65  -1876.07  -1695.61  -1566.05  -1882.89  -1625.18  
Period   5 -1945.68  -1714.3  -1654.62  -1841.94  -1834.16  -1804.41  
SCENARIO 87
UNDS0
Period   0 1527.04  4167.14  1929.07  3920.61  3096.47  2056.81  
Period   1 372.163  1304.49  689.567  3655.08  1995.47  2809.03  
Period   2 1917.13  4270.49  6575.65  1946.8  3865.69  1517.07  
Period   3 2660.23  5685.21  3635.14  3960.9  7355.05  5129.23  
Period   4 6106.65  5395.32  7561.81  7962.16  3124.16  5745.12  
Period   5 6986.27  4133.09  3378.84  4115.89  5140.21  4718.25  
UNDS1
Period   0 -1723.07  -1502.14  -1678.36  -1809.66  -1575.62  -2015.04  
Period   1 -1289.75  -1522.4  -2687.15  -1939.37  -2038.63  -2414.33  
Period   2 -1725.15  -1882.4  -1489.52  -1312.78  -1515.59  -1666.82  
Period   3 -1543.49  -1631.89  -1604.61  -1639.28  -1682.4  -1507.68  
Period   4 -1669.99  -1883.88  -1554.31  -1765.22  -1611.21  -1855.9  
Period   5 -1975.35  -1649.22  -1880.89  -1791.55  -1927.15  -1793.28  
SCENARIO 88
UNDS0
Period   0 1689.74  2469.51  3701.94  1895.74  2177.67  2100.23  
Period   1 2095.84  1800.28  4112.47  542.893  2790.46  3887.12  
Period   2 4908.68  3290.42  1092.97  4997.94  2112.55  3003.62  
Period   3 5942.15  4394.31  3625.35  1982.03  4237.62  3235.68  
Period   4 5320.52  4090.15  5534.69  5669.5  4015.14  6498.36  
Period   5 5656.95  2541.48  2520.92  4193.64  6012.9  4142.58  
UNDS1
Period   0 -1803.44  -1896.48  -1744.99  -1559.01  -2019  -1518.48  
Period   1 -1666.81  -2408.19  -1608.19  -2376.89  -1426.93  -1280.57  
Period   2 -1508.19  -1216.77  -1269.16  -1302.65  -1508.24  -1621.92  
Period   3 -1871.83  -1705.34  -1555.66  -1781.94  -1710.54  -1890.17  
Period   4 -1886.27  -1728.84  -1715.88  -1583.97  -1894.2  -1549.52  
Period   5 -1606.1  -1877.72  -1902.46  -1705.62  -1940.09  -1649.82  
SCENARIO 89
UNDS0
Period   0 1896.38  3059.37  1945.85  2939.75  4158.64  2231.19  
Period   1 6325.53  4954.01  4214.22  1549.13  1445.83  5515.45  
Period   2 1632.18  2448.97  872.942  6150.32  4000.19  4571.57  
Period   3 7140.84  6199.41  7041.09  2379.14  5969.27  7699.57  
Period   4 5820.48  3166.07  1947.54  3889.55  5584.44  6951  
Period   5 3592.01  2118.29  5941.88  5866.24  4400.29  5205.28  
UNDS1
Period   0 -1953.87  -1862.06  -2018.08  -2013.21  -1587.41  -1645.33  
Period   1 -2413.87  -1316.79  -1309.5  -2634.8  -2608.54  -2399.83  
Period   2 -1274.14  -1411.23  -1777.18  -1813.53  -1872.58  -1392.68  
Period   3 -1847.38  -1616.97  -1756.77  -1846.28  -1539.34  -1868.11  
Period   4 -1792.47  -1860.99  -1725.85  -1813.93  -1763.62  -1583.42  
Period   5 -1654.67  -1919.75  -1955.49  -1964.02  -1726.08  -1571.34  
SCENARIO 90
UNDS0
Period   0 1650.13  2680.09  2390.71  3751.21  1170.8  1861.88  
Period   1 2248.4  988.061  3969.24  2350.36  5515.52  5534.42  
Period   2 4263.52  4866.74  5164.82  2671.75  1828.79  1206.17  
Period   3 1902.52  6865.19  2148.68  2790.19  5429.65  3802.54  
Period   4 2445.95  8251.47  6072.75  2485.21  4263.25  7156.99  
Period   5 6298.9  3914.55  2852.37  3538.19  5490.2  4480.23  
UNDS1
Period   0 -1499.54  -1583.11  -1896.39  -1947.16  -1799.89  -1874.58  
Period   1 -1363.35  -2573.93  -2496.46  -2130.86  -2121.02  -2491.81  
Period   2 -1784.06  -1662.77  -1316.12  -1734.86  -1560.47  -1648.74  
Period   3 -1610.92  -1799.67  -1607.02  -1674.7  -1722.43  -1762.55  
Period   4 -1533.89  -1605.42  -1589.98  -1752.75  -1901.64  -1810.68  
Period   5 -1969.08  -1884.42  -1982.57  -1740.28  -1525.78  -1615.4  
SCENARIO 91
UNDS0
Period   0 2238.06  2828.53  1775.25  3057.76  2954.13  3863.13  
Period   1 2877.32  2744.64  104.2  2364.51  6002.57  1936.73  
Period   2 4706.94  5410.3  4820.4  919.819  2053.76  1675.1  
Period   3 2769.95  6974.7  4318.25  1920.85  2873.33  6731.97  
Period   4 2372.53  5717.35  3495.02  5968.05  4935.53  3995.72  
Period   5 7017.63  5429.73  2706.13  3499.38  4587.75  4194.76  
UNDS1
Period   0 -1874.14  -1921.07  -1919.44  -1622.69  -1527.37  -1744.29  
Period   1 -1431.48  -2232.13  -1225.61  -1413.95  -1230.28  -2594.48  
Period   2 -1648.2  -1679.36  -1488.33  -1265.9  -1437.07  -1562.23  
Period   3 -1807.2  -1838.95  -1861.82  -1763.55  -1701.23  -1524.57  
Period   4 -1877.57  -1778.37  -1499.76  -1642.48  -1624.48  -1636.44  
Period   5 -1757.3  -1502.63  -1986.64  -1785.68  -1968.89  -1748.77  
SCENARIO 92
UNDS0
Period   0 3117.55  3396.32  1650.07  1399.25  3860.08  3357.63  
Period   1 4849.71  2118.4  1444.42  889.268  1251  3554.03  
Period   2 4129.13  6399.24  2493.55  2166.17  2342.9  2416.17  
Period   3 3505.95  5964.29  6503.66  7272.89  3311.17  2990.81  
Period   4 5982.31  3321.06  5003.55  5772.81  7773.22  7984.02  
Period   5 3999.79  3701.33  2712.58  3862.19  5807.83  5494.53  
UNDS1
Period   0 -1817.82  -1720.46  -2009.57  -1663.45  -1775.03  -1861.22  
Period   1 -2064.55  -2583.09  -2587.86  -2367.48  -2475.64  -1584.35  
Period   2 -1285.78  -1657.18  -1209.57  -1810.18  -1780.95  -1275.06  
Period   3 -1546.21  -1716.66  -1746.91  -1825.95  -1612.58  -1732.72  
Period   4 -1567.61  -1668.47  -1768.24  -1549.73  -1513.7  -1679.33  
Period   5 -1662.9  -1882.4  -1872.3  -1859.13  -1673.56  -1733.96  
SCENARIO 93
UNDS0
Period   0 2442.53  2991.17  2317.18  1382.05  3291.49  2072.21  
Period   1 4986.88  3843.56  2249.23  911.075  4445.79  857.855  
Period   2 4871.31  4160.15  3586.26  2961.7  2311.2  1476.7  
Period   3 6754.3  5265.59  6208.17  4982.41  3812.51  4084.35  
Period   4 2271.48  2489.28  5990.87  2798.65  5614.4  8108.28  
Period   5 5856.54  4119.66  2300  3706.98  2841.11  2641.34  
UNDS1
Period   0 -1918.62  -1692.14  -1840.55  -1597.98  -2020  -1805.68  
Period   1 -2261.68  -2323.25  -1340.01  -1475.45  -2613.85  -2385.69  
Period   2 -1903.09  -1783.69  -1791.63  -1532.34  -1802.85  -1347.3  
Period   3 -1747.72  -1702.4  -1747.08  -1607.36  -1503.6  -1809.84  
Period   4 -1642.66  -1536.42  -1807.04  -1827.99  -1757.69  -1589.56  
Period   5 -1984.39  -1803.66  -1815.24  -1647.84  -1876.9  -1685.54  
SCENARIO 94
UNDS0
Period   0 4063.86  3203.83  2421.54  2537.42  2728.15  1710.4  
Period   1 40.077  6179.56  582.399  2142.69  3788.76  1780.87  
Period   2 958.304  3509.77  1672.3  2261.4  3398.65  4877.72  
Period   3 4481.56  5671.89  1968.67  4541.11  3765.42  6043.49  
Period   4 3465.44  7647.06  4744.66  5599.29  4141.55  6830.03  
Period   5 5177.29  6928.16  3248.01  6083.53  4291.56  3296.72  
UNDS1
Period   0 -1607.99  -1842.19  -1608.39  -1498.51  -1851.05  -1994.65  
Period   1 -2664.27  -2127.81  -1334.33  -1586.3  -2500.53  -2372.97  
Period   2 -1682.56  -1827.96  -1579.86  -1903.45  -1882.67  -1407.7  
Period   3 -1561.87  -1487.63  -1883.41  -1747.1  -1654.19  -1543.06  
Period   4 -1723.31  -1837.61  -1710.52  -1733.78  -1615.97  -1564.57  
Period   5 -1977.62  -1546.03  -1651.1  -1626.73  -1759.57  -1729.27  
SCENARIO 95
UNDS0
Period   0 4173.49  2544.23  3167.22  3607.22  1397.24  1862.4  
Period   1 4098.48  1509.89  1176.73  1845.12  4300.36  4968.76  
Period   2 1818.08  4872.65  1720.45  2329.98  1619.19  5196.66  
Period   3 5170.66  3573.24  5372.46  6530.72  3015  2820.21  
Period   4 5757.4  4943.64  6104.62  4037.11  4558.12  2023.56  
Period   5 3432.91  4880.55  4865.67  5668.06  4928.04  6182.17  
UNDS1
Period   0 -1981  -1941.6  -1626.12  -1748.09  -1545.97  -1888.78  
Period   1 -1417.48  -1549.04  -2558.55  -1779.81  -1450.62  -2685.96  
Period   2 -1869.35  -1560.66  -1599.28  -1394.51  -1627.03  -1872.06  
Period   3 -1505.33  -1522.5  -1498.66  -1856.52  -1594.85  -1630.9  
Period   4 -1504.27  -1615.68  -1529.2  -1529.04  -1728.18  -1889.47  
Period   5 -1687.56  -1739.52  -1721.3  -1892.56  -1936.59  -1823.26  
SCENARIO 96
UNDS0
Period   0 3222.9  3319.52  1642.91  2069.02  1605.12  3232.41  
Period   1 123.64  6138.67  631.862  29.6611  2942.09  1565.48  
Period   2 1143.69  4126.89  3213.36  6313.23  3709.41  1587.21  
Period   3 5873.91  5227.65  5109.15  7011.37  7030.47  1539.33  
Period   4 2330.28  7638.34  4106.11  3961.88  6366.94  3226.17  
Period   5 3290.61  5426.92  3779.48  5728.25  6251.96  5295.23  
UNDS1
Period   0 -1947.86  -1662.3  -1560.16  -1762.63  -1765.44  -1535.85  
Period   1 -1959.31  -2184.32  -2607.66  -2375.12  -1838.85  -2294.13  
Period   2 -1588.18  -1248.08  -1579.27  -1626.28  -1199.63  -1505.27  
Period   3 -1765.45  -1506.35  -1538.57  -1786.92  -1788.2  -1853.03  
Period   4 -1615.64  -1758.29  -1862.47  -1755.91  -1567.89  -1512.07  
Period   5 -1898.68  -1725.4  -1919.6  -1870.93  -1582.55  -1927.61  
SCENARIO 97
UNDS0
Period   0 2548.94  4198.6  1806.83  3599.13  3502.71  1606.72  
Period   1 4507.44  3005.93  4338.13  3415.76  2320.29  27.154  
Period   2 3373.47  1069.12  3206.3  4456.64  2466.41  910.393  
Period   3 2641.34  4510.01  6600.37  1613.88  3863.65  7395.69  
Period   4 7781.19  7268.23  7191.38  6216.71  6647.29  1904.09  
Period   5 4567.73  3229.78  6218.92  3328.58  3397.51  6425.87  
UNDS1
Period   0 -1860.82  -1646.14  -1814.02  -1717.02  -1586.05  -1710.63  
Period   1 -2511.02  -1848.04  -2655.9  -1665.8  -2122.19  -1684.06  
Period   2 -1421.03  -1224.64  -1371.44  -1727.55  -1186.18  -1711.68  
Period   3 -1610.48  -1892.79  -1508.08  -1471.25  -1547.65  -1479.3  
Period   4 -1834.09  -1508.87  -1890.05  -1559.12  -1622.02  -1775.47  
Period   5 -1910.34  -1688.36  -1548.2  -1975.79  -1581.6  -1550.17  
SCENARIO 98
UNDS0
Period   0 2090.09  3592.16  1241.87  1994.78  3926.38  1654.89  
Period   1 837.648  3609.94  5530.73  2906.32  6001.96  3410.03  
Period   2 2707.3  4648.73  6493.01  4011.5  1380.64  831.683  
Period   3 3481.24  3573.78  2299.62  2718.33  1733.75  2199.52  
Period   4 4377.87  5070.51  7093.17  4099.08  3122.98  3221.94  
Period   5 3792.03  6475.89  2555.19  3695.3  4514.63  6177.71  
UNDS1
Period   0 -1847.2  -1926.15  -1543.57  -1837.55  -1870.58  -1547.95  
Period   1 -1386.2  -1981.15  -1658.44  -2675.41  -2121.96  -1659.1  
Period   2 -1813.23  -1501.76  -1670  -1300.84  -1349.38  -1735.43  
Period   3 -1667.2  -1873.15  -1841.36  -1778.51  -1820.51  -1492.32  
Period   4 -1564.02  -1891.18  -1620.79  -1637.6  -1571.11  -1525.97  
Period   5 -1602.79  -1672.3  -1697.92  -1689.02  -1770.88  -1608.18  
SCENARIO 99
UNDS0
Period   0 3397.78  2056.23  3910.33  2317.5  1964.33  2315.84  
Period   1 3145.66  3332.63  822.477  5447.88  1999.02  4543.03  
Period   2 5288.37  1854.34  4768.57  4493.92  2129.22  979.215  
Period   3 5514.7  4140.38  4087.89  5387.82  7104.05  4598.78  
Period   4 3484.11  7926.8  5300.2  5701.41  2193.67  5408.7  
Period   5 5337.33  5136.86  6514.58  3187.45  4239.81  2440.82  
UNDS1
Period   0 -1872.94  -1979.96  -1702.04  -1689.68  -1915.25  -1519.75  
Period   1 -1324.22  -2330.44  -1961.99  -1569.17  -1629.43  -2590.75  
Period   2 -1501.22  -1235.6  -1686.85  -1340.74  -1479.64  -1275.6  
Period   3 -1612.2  -1757.37  -1499.59  -1600.84  -1745  -1612.66  
Period   4 -1525.71  -1764.68  -1608.47  -1870.25  -1529.4  -1714.59  
Period   5 -1748.2  -1984.04  -1796.08  -1756.39  -1938.14  -1727.88  

