// Instance numberOfPeriods nbOfSystems
// Horizon nbPeriods...following by periods
// Period index duration costOutOfContract...following by a list of Contracts
// Contract period engagementCost unitaryCost min_use_per_period max_use_per_period min_use_per_delta max_use_per_delta
// DrivableS id cost P consumption/production of system at each period PMin minimum consumption/production of system at each period
// NDrivableS id cost P consumption/production of system at each period
// Storage id cost uMin uMax uInit lostCoeff maxAbsorption maxRefund
Instance        24         4
Horizon        24
    Period          0          6 0.01499000
  Contract          0 0.20723162 0.00148711      45000      64800          0      10800
  Contract          0 0.24358190 0.00147341      36000      81000        918      13500
  Contract          0 0.25180267 0.00147288     137700     162000          0      27000
  Contract          0 0.27452284 0.00146934     137700     162000          0      27000
  Contract          0 0.28480792 0.00145428      90000     162000          0      27000
  Contract          0 0.29349837 0.00145295          0     135000          0      27000
  Contract          0 0.33473242 0.00144053     275400     324000          0      54000
  Contract          0 0.35806165 0.00138689     275400     324000          0      54000
  Contract          0 0.39333422 0.00136587     180000     324000          0      54000
  Contract          0 0.39360054 0.00136530          0     270000          0      54000
  Contract          0 0.41370777 0.00135567     413100     486000          0      81000
  Contract          0 0.44002625 0.00135319     413100     486000          0      81000
  Contract          0 0.45018067 0.00133550     270000     486000          0      81000
  Contract          0 0.48622194 0.00132897          0     405000          0      81000
  Contract          0 0.49084520 0.00132374     550800     648000          0     108000
  Contract          0 0.54936162 0.00126131     550800     648000          0     108000
  Contract          0 0.56953346 0.00125980     360000     648000          0     108000
  Contract          0 0.60586668 0.00124881          0     540000          0     108000
    Period          1          6 0.01499000
  Contract          1 0.17110655 0.00149446      45000      64800          0      10800
  Contract          1 0.19235214 0.00145884      36000      81000        918      13500
  Contract          1 0.20604663 0.00142537     137700     162000          0      27000
  Contract          1 0.20744484 0.00141200     137700     162000          0      27000
  Contract          1 0.21238499 0.00139255      90000     162000          0      27000
  Contract          1 0.23444387 0.00139067          0     135000          0      27000
  Contract          1 0.24949829 0.00138429     275400     324000          0      54000
  Contract          1 0.25674701 0.00135846     275400     324000          0      54000
  Contract          1 0.31217955 0.00134105     180000     324000          0      54000
  Contract          1 0.32384224 0.00132651          0     270000          0      54000
  Contract          1 0.32611995 0.00128463     413100     486000          0      81000
  Contract          1 0.34931068 0.00128151     413100     486000          0      81000
  Contract          1 0.35056326 0.00127518     270000     486000          0      81000
  Contract          1 0.40013428 0.00126133          0     405000          0      81000
  Contract          1 0.41011766 0.00125252     550800     648000          0     108000
  Contract          1 0.43919259 0.00124035     550800     648000          0     108000
  Contract          1 0.46566787 0.00123225     360000     648000          0     108000
  Contract          1 0.49739998 0.00123142          0     540000          0     108000
    Period          2          6 0.01499000
  Contract          2 0.14338858 0.00149471      45000      64800          0      10800
  Contract          2 0.14346552 0.00149286      36000      81000        918      13500
  Contract          2 0.16395793 0.00147329     137700     162000          0      27000
  Contract          2 0.21041736 0.00145114     137700     162000          0      27000
  Contract          2 0.26395853 0.00143327      90000     162000          0      27000
  Contract          2 0.29056296 0.00141242          0     135000          0      27000
  Contract          2 0.33725335 0.00140421     275400     324000          0      54000
  Contract          2 0.33908175 0.00138680     275400     324000          0      54000
  Contract          2 0.34744230 0.00136694     180000     324000          0      54000
  Contract          2 0.36679252 0.00136026          0     270000          0      54000
  Contract          2 0.37457584 0.00135670     413100     486000          0      81000
  Contract          2 0.38639033 0.00133040     413100     486000          0      81000
  Contract          2 0.40817047 0.00129873     270000     486000          0      81000
  Contract          2 0.43489902 0.00129561          0     405000          0      81000
  Contract          2 0.47502651 0.00129056     550800     648000          0     108000
  Contract          2 0.51962792 0.00128291     550800     648000          0     108000
  Contract          2 0.55466610 0.00124286     360000     648000          0     108000
  Contract          2 0.62218244 0.00123731          0     540000          0     108000
    Period          3          6 0.01499000
  Contract          3 0.17863453 0.00148652      45000      64800          0      10800
  Contract          3 0.18800056 0.00146710      36000      81000        918      13500
  Contract          3 0.19378243 0.00144909     137700     162000          0      27000
  Contract          3 0.25509631 0.00142347     137700     162000          0      27000
  Contract          3 0.27670328 0.00140069      90000     162000          0      27000
  Contract          3 0.28623664 0.00136741          0     135000          0      27000
  Contract          3 0.29113223 0.00136731     275400     324000          0      54000
  Contract          3 0.35189919 0.00135324     275400     324000          0      54000
  Contract          3 0.37000017 0.00134588     180000     324000          0      54000
  Contract          3 0.39371627 0.00131481          0     270000          0      54000
  Contract          3 0.41586065 0.00130416     413100     486000          0      81000
  Contract          3 0.42609001 0.00130394     413100     486000          0      81000
  Contract          3 0.45190056 0.00129181     270000     486000          0      81000
  Contract          3 0.52414109 0.00128824          0     405000          0      81000
  Contract          3 0.52919151 0.00127959     550800     648000          0     108000
  Contract          3 0.55282130 0.00127268     550800     648000          0     108000
  Contract          3 0.59092828 0.00125207     360000     648000          0     108000
  Contract          3 0.62553685 0.00123530          0     540000          0     108000
    Period          4          6 0.01499000
  Contract          4 0.25870436 0.00149613      45000      64800          0      10800
  Contract          4 0.26150017 0.00147092      36000      81000        918      13500
  Contract          4 0.27313830 0.00144363     137700     162000          0      27000
  Contract          4 0.32254453 0.00142272     137700     162000          0      27000
  Contract          4 0.33246619 0.00141894      90000     162000          0      27000
  Contract          4 0.33492133 0.00141521          0     135000          0      27000
  Contract          4 0.34858020 0.00140630     275400     324000          0      54000
  Contract          4 0.36197174 0.00140348     275400     324000          0      54000
  Contract          4 0.39465341 0.00136024     180000     324000          0      54000
  Contract          4 0.40555897 0.00135790          0     270000          0      54000
  Contract          4 0.41460682 0.00135338     413100     486000          0      81000
  Contract          4 0.44719674 0.00132906     413100     486000          0      81000
  Contract          4 0.45901654 0.00132504     270000     486000          0      81000
  Contract          4 0.52146664 0.00130354          0     405000          0      81000
  Contract          4 0.54141859 0.00128282     550800     648000          0     108000
  Contract          4 0.54923603 0.00126526     550800     648000          0     108000
  Contract          4 0.55629098 0.00125176     360000     648000          0     108000
  Contract          4 0.61684901 0.00123182          0     540000          0     108000
    Period          5          6 0.01499000
  Contract          5 0.15682765 0.00149886      45000      64800          0      10800
  Contract          5 0.19349472 0.00147504      36000      81000        918      13500
  Contract          5 0.21338522 0.00147265     137700     162000          0      27000
  Contract          5 0.21464889 0.00138991     137700     162000          0      27000
  Contract          5 0.24109678 0.00138392      90000     162000          0      27000
  Contract          5 0.24119331 0.00136240          0     135000          0      27000
  Contract          5 0.25500519 0.00135999     275400     324000          0      54000
  Contract          5 0.31553374 0.00135694     275400     324000          0      54000
  Contract          5 0.35102282 0.00134996     180000     324000          0      54000
  Contract          5 0.38372851 0.00133663          0     270000          0      54000
  Contract          5 0.43579642 0.00133613     413100     486000          0      81000
  Contract          5 0.44320946 0.00132223     413100     486000          0      81000
  Contract          5 0.46103274 0.00131099     270000     486000          0      81000
  Contract          5 0.46473513 0.00130261          0     405000          0      81000
  Contract          5 0.47303861 0.00128544     550800     648000          0     108000
  Contract          5 0.54277560 0.00125477     550800     648000          0     108000
  Contract          5 0.59547224 0.00125403     360000     648000          0     108000
  Contract          5 0.61170020 0.00124808          0     540000          0     108000
    Period          6          6 0.02998000
  Contract          6 0.17123460 0.00296735      45000      64800          0      10800
  Contract          6 0.18633809 0.00293399      36000      81000        918      13500
  Contract          6 0.30012623 0.00291620     137700     162000          0      27000
  Contract          6 0.32934511 0.00287700     137700     162000          0      27000
  Contract          6 0.32990405 0.00283508      90000     162000          0      27000
  Contract          6 0.34704963 0.00263164          0     135000          0      27000
  Contract          6 0.38369455 0.00263026     275400     324000          0      54000
  Contract          6 0.39613172 0.00241933     275400     324000          0      54000
  Contract          6 0.41254229 0.00219793     180000     324000          0      54000
  Contract          6 0.41937003 0.00215482          0     270000          0      54000
  Contract          6 0.50147216 0.00210547     413100     486000          0      81000
  Contract          6 0.54628160 0.00210042     413100     486000          0      81000
  Contract          6 0.56432120 0.00201554     270000     486000          0      81000
  Contract          6 0.59560633 0.00192147          0     405000          0      81000
  Contract          6 0.60585572 0.00177970     550800     648000          0     108000
  Contract          6 0.61636999 0.00176097     550800     648000          0     108000
  Contract          6 0.62516828 0.00166764     360000     648000          0     108000
  Contract          6 0.62570786 0.00162355          0     540000          0     108000
    Period          7          6 0.02998000
  Contract          7 0.19744924 0.00297918      45000      64800          0      10800
  Contract          7 0.21619238 0.00283260      36000      81000        918      13500
  Contract          7 0.22855679 0.00282254     137700     162000          0      27000
  Contract          7 0.25963284 0.00280368     137700     162000          0      27000
  Contract          7 0.26740331 0.00272353      90000     162000          0      27000
  Contract          7 0.27838106 0.00269672          0     135000          0      27000
  Contract          7 0.29553934 0.00269073     275400     324000          0      54000
  Contract          7 0.39450560 0.00263142     275400     324000          0      54000
  Contract          7 0.44304788 0.00242731     180000     324000          0      54000
  Contract          7 0.45666907 0.00237314          0     270000          0      54000
  Contract          7 0.49958257 0.00234018     413100     486000          0      81000
  Contract          7 0.50052707 0.00233126     413100     486000          0      81000
  Contract          7 0.54957581 0.00229049     270000     486000          0      81000
  Contract          7 0.57246294 0.00204461          0     405000          0      81000
  Contract          7 0.57861775 0.00197247     550800     648000          0     108000
  Contract          7 0.58064182 0.00196859     550800     648000          0     108000
  Contract          7 0.58816023 0.00192529     360000     648000          0     108000
  Contract          7 0.61161514 0.00160360          0     540000          0     108000
    Period          8          6 0.02998000
  Contract          8 0.15486540 0.00287444      45000      64800          0      10800
  Contract          8 0.16543089 0.00271486      36000      81000        918      13500
  Contract          8 0.17695465 0.00259616     137700     162000          0      27000
  Contract          8 0.21412975 0.00255572     137700     162000          0      27000
  Contract          8 0.23561066 0.00251165      90000     162000          0      27000
  Contract          8 0.25057005 0.00233790          0     135000          0      27000
  Contract          8 0.29690517 0.00229599     275400     324000          0      54000
  Contract          8 0.30502969 0.00229111     275400     324000          0      54000
  Contract          8 0.31052981 0.00225343     180000     324000          0      54000
  Contract          8 0.34145295 0.00224192          0     270000          0      54000
  Contract          8 0.35539589 0.00216486     413100     486000          0      81000
  Contract          8 0.41750374 0.00215544     413100     486000          0      81000
  Contract          8 0.42752249 0.00212545     270000     486000          0      81000
  Contract          8 0.45534557 0.00212396          0     405000          0      81000
  Contract          8 0.47009124 0.00197527     550800     648000          0     108000
  Contract          8 0.49807596 0.00188403     550800     648000          0     108000
  Contract          8 0.50546202 0.00178724     360000     648000          0     108000
  Contract          8 0.61226929 0.00163307          0     540000          0     108000
    Period          9          6 0.06275000
  Contract          9 0.15915924 0.00622819      45000      64800          0      10800
  Contract          9 0.19870144 0.00614400      36000      81000        918      13500
  Contract          9 0.22846133 0.00604614     137700     162000          0      27000
  Contract          9 0.22904259 0.00562257     137700     162000          0      27000
  Contract          9 0.25241586 0.00548159      90000     162000          0      27000
  Contract          9 0.26630560 0.00545230          0     135000          0      27000
  Contract          9 0.30342963 0.00506524     275400     324000          0      54000
  Contract          9 0.30371471 0.00505606     275400     324000          0      54000
  Contract          9 0.31385384 0.00469353     180000     324000          0      54000
  Contract          9 0.31809057 0.00457952          0     270000          0      54000
  Contract          9 0.32234766 0.00434946     413100     486000          0      81000
  Contract          9 0.32928146 0.00403555     413100     486000          0      81000
  Contract          9 0.36128442 0.00399523     270000     486000          0      81000
  Contract          9 0.42200690 0.00348905          0     405000          0      81000
  Contract          9 0.47051946 0.00347620     550800     648000          0     108000
  Contract          9 0.53892431 0.00345745     550800     648000          0     108000
  Contract          9 0.59181157 0.00335608     360000     648000          0     108000
  Contract          9 0.60356151 0.00307821          0     540000          0     108000
    Period         10          6 0.06275000
  Contract         10 0.15583258 0.00625924      45000      64800          0      10800
  Contract         10 0.16037671 0.00622919      36000      81000        918      13500
  Contract         10 0.16210546 0.00616098     137700     162000          0      27000
  Contract         10 0.16405537 0.00590072     137700     162000          0      27000
  Contract         10 0.16735967 0.00561890      90000     162000          0      27000
  Contract         10 0.19551125 0.00540094          0     135000          0      27000
  Contract         10 0.25693021 0.00505844     275400     324000          0      54000
  Contract         10 0.33931713 0.00485049     275400     324000          0      54000
  Contract         10 0.34273607 0.00455056     180000     324000          0      54000
  Contract         10 0.35663111 0.00451713          0     270000          0      54000
  Contract         10 0.36044820 0.00446495     413100     486000          0      81000
  Contract         10 0.40493322 0.00426874     413100     486000          0      81000
  Contract         10 0.44673734 0.00412495     270000     486000          0      81000
  Contract         10 0.47588561 0.00398467          0     405000          0      81000
  Contract         10 0.51002736 0.00386587     550800     648000          0     108000
  Contract         10 0.53026463 0.00376674     550800     648000          0     108000
  Contract         10 0.60006272 0.00344561     360000     648000          0     108000
  Contract         10 0.60378591 0.00343223          0     540000          0     108000
    Period         11          6 0.02998000
  Contract         11 0.14216450 0.00299438      45000      64800          0      10800
  Contract         11 0.14752906 0.00295263      36000      81000        918      13500
  Contract         11 0.18555968 0.00288720     137700     162000          0      27000
  Contract         11 0.22100139 0.00281363     137700     162000          0      27000
  Contract         11 0.23930677 0.00264589      90000     162000          0      27000
  Contract         11 0.24596985 0.00256183          0     135000          0      27000
  Contract         11 0.24671655 0.00249473     275400     324000          0      54000
  Contract         11 0.26227412 0.00239864     275400     324000          0      54000
  Contract         11 0.31416497 0.00230602     180000     324000          0      54000
  Contract         11 0.36282058 0.00228029          0     270000          0      54000
  Contract         11 0.43423637 0.00225146     413100     486000          0      81000
  Contract         11 0.46043714 0.00224041     413100     486000          0      81000
  Contract         11 0.46702363 0.00205651     270000     486000          0      81000
  Contract         11 0.53025589 0.00184793          0     405000          0      81000
  Contract         11 0.57300940 0.00173451     550800     648000          0     108000
  Contract         11 0.57547052 0.00167251     550800     648000          0     108000
  Contract         11 0.60179632 0.00158268     360000     648000          0     108000
  Contract         11 0.62230403 0.00153141          0     540000          0     108000
    Period         12          6 0.02998000
  Contract         12 0.16279856 0.00288544      45000      64800          0      10800
  Contract         12 0.16474699 0.00286423      36000      81000        918      13500
  Contract         12 0.16768305 0.00280785     137700     162000          0      27000
  Contract         12 0.19109230 0.00280665     137700     162000          0      27000
  Contract         12 0.21325063 0.00271158      90000     162000          0      27000
  Contract         12 0.24285148 0.00268388          0     135000          0      27000
  Contract         12 0.25712048 0.00264341     275400     324000          0      54000
  Contract         12 0.30422346 0.00263189     275400     324000          0      54000
  Contract         12 0.33499995 0.00255621     180000     324000          0      54000
  Contract         12 0.35426861 0.00252109          0     270000          0      54000
  Contract         12 0.41408653 0.00231356     413100     486000          0      81000
  Contract         12 0.46471470 0.00199021     413100     486000          0      81000
  Contract         12 0.49912059 0.00191665     270000     486000          0      81000
  Contract         12 0.50389861 0.00187970          0     405000          0      81000
  Contract         12 0.54220805 0.00186999     550800     648000          0     108000
  Contract         12 0.54398047 0.00176161     550800     648000          0     108000
  Contract         12 0.56641818 0.00168983     360000     648000          0     108000
  Contract         12 0.60452039 0.00156831          0     540000          0     108000
    Period         13          6 0.02998000
  Contract         13 0.21340915 0.00299498      45000      64800          0      10800
  Contract         13 0.22578191 0.00294756      36000      81000        918      13500
  Contract         13 0.25542728 0.00268351     137700     162000          0      27000
  Contract         13 0.31356217 0.00248498     137700     162000          0      27000
  Contract         13 0.31642830 0.00240189      90000     162000          0      27000
  Contract         13 0.36246756 0.00233884          0     135000          0      27000
  Contract         13 0.43895235 0.00231966     275400     324000          0      54000
  Contract         13 0.45208426 0.00231565     275400     324000          0      54000
  Contract         13 0.46226149 0.00230817     180000     324000          0      54000
  Contract         13 0.46621691 0.00215402          0     270000          0      54000
  Contract         13 0.47205480 0.00211622     413100     486000          0      81000
  Contract         13 0.51874038 0.00204231     413100     486000          0      81000
  Contract         13 0.55930344 0.00204067     270000     486000          0      81000
  Contract         13 0.57657252 0.00203632          0     405000          0      81000
  Contract         13 0.58908607 0.00191661     550800     648000          0     108000
  Contract         13 0.61203524 0.00183202     550800     648000          0     108000
  Contract         13 0.61429003 0.00166894     360000     648000          0     108000
  Contract         13 0.61613360 0.00158512          0     540000          0     108000
    Period         14          6 0.02998000
  Contract         14 0.14999712 0.00296017      45000      64800          0      10800
  Contract         14 0.15438369 0.00286148      36000      81000        918      13500
  Contract         14 0.17470223 0.00263204     137700     162000          0      27000
  Contract         14 0.18940757 0.00253860     137700     162000          0      27000
  Contract         14 0.23111365 0.00242906      90000     162000          0      27000
  Contract         14 0.23804275 0.00235595          0     135000          0      27000
  Contract         14 0.27700048 0.00235142     275400     324000          0      54000
  Contract         14 0.31605284 0.00228456     275400     324000          0      54000
  Contract         14 0.33860145 0.00227584     180000     324000          0      54000
  Contract         14 0.35322215 0.00213312          0     270000          0      54000
  Contract         14 0.38881604 0.00195323     413100     486000          0      81000
  Contract         14 0.44568966 0.00195106     413100     486000          0      81000
  Contract         14 0.46684681 0.00193405     270000     486000          0      81000
  Contract         14 0.50414372 0.00189847          0     405000          0      81000
  Contract         14 0.54840226 0.00178694     550800     648000          0     108000
  Contract         14 0.58260554 0.00171371     550800     648000          0     108000
  Contract         14 0.58356134 0.00162318     360000     648000          0     108000
  Contract         14 0.60507974 0.00153965          0     540000          0     108000
    Period         15          6 0.02998000
  Contract         15 0.17418043 0.00291603      45000      64800          0      10800
  Contract         15 0.22591287 0.00290133      36000      81000        918      13500
  Contract         15 0.23187090 0.00279306     137700     162000          0      27000
  Contract         15 0.24351021 0.00274693     137700     162000          0      27000
  Contract         15 0.26117661 0.00261471      90000     162000          0      27000
  Contract         15 0.27179855 0.00258309          0     135000          0      27000
  Contract         15 0.29301463 0.00248293     275400     324000          0      54000
  Contract         15 0.29879413 0.00230289     275400     324000          0      54000
  Contract         15 0.38392921 0.00228318     180000     324000          0      54000
  Contract         15 0.41979030 0.00208587          0     270000          0      54000
  Contract         15 0.44776528 0.00207469     413100     486000          0      81000
  Contract         15 0.47279035 0.00206043     413100     486000          0      81000
  Contract         15 0.53944947 0.00194535     270000     486000          0      81000
  Contract         15 0.57589125 0.00188814          0     405000          0      81000
  Contract         15 0.59403811 0.00179541     550800     648000          0     108000
  Contract         15 0.60750099 0.00166512     550800     648000          0     108000
  Contract         15 0.60878316 0.00163263     360000     648000          0     108000
  Contract         15 0.62194297 0.00154834          0     540000          0     108000
    Period         16          6 0.02998000
  Contract         16 0.17781901 0.00292316      45000      64800          0      10800
  Contract         16 0.26175619 0.00282959      36000      81000        918      13500
  Contract         16 0.29318846 0.00279059     137700     162000          0      27000
  Contract         16 0.31860508 0.00260723     137700     162000          0      27000
  Contract         16 0.33191053 0.00257851      90000     162000          0      27000
  Contract         16 0.34370155 0.00254913          0     135000          0      27000
  Contract         16 0.36063636 0.00250314     275400     324000          0      54000
  Contract         16 0.36295263 0.00247786     275400     324000          0      54000
  Contract         16 0.37494631 0.00246598     180000     324000          0      54000
  Contract         16 0.45019465 0.00241153          0     270000          0      54000
  Contract         16 0.48596684 0.00221479     413100     486000          0      81000
  Contract         16 0.51274180 0.00218426     413100     486000          0      81000
  Contract         16 0.51341166 0.00213856     270000     486000          0      81000
  Contract         16 0.53971466 0.00188029          0     405000          0      81000
  Contract         16 0.58676914 0.00167418     550800     648000          0     108000
  Contract         16 0.60356296 0.00165170     550800     648000          0     108000
  Contract         16 0.61132243 0.00158561     360000     648000          0     108000
  Contract         16 0.61842808 0.00157226          0     540000          0     108000
    Period         17          6 0.02998000
  Contract         17 0.16107733 0.00292950      45000      64800          0      10800
  Contract         17 0.16496326 0.00292369      36000      81000        918      13500
  Contract         17 0.17017555 0.00288301     137700     162000          0      27000
  Contract         17 0.20574773 0.00283282     137700     162000          0      27000
  Contract         17 0.22453386 0.00273521      90000     162000          0      27000
  Contract         17 0.26087775 0.00259469          0     135000          0      27000
  Contract         17 0.28371969 0.00254731     275400     324000          0      54000
  Contract         17 0.33742775 0.00254485     275400     324000          0      54000
  Contract         17 0.38233105 0.00250146     180000     324000          0      54000
  Contract         17 0.38669702 0.00228875          0     270000          0      54000
  Contract         17 0.40665904 0.00223275     413100     486000          0      81000
  Contract         17 0.40690402 0.00217923     413100     486000          0      81000
  Contract         17 0.41216061 0.00213652     270000     486000          0      81000
  Contract         17 0.47688226 0.00211964          0     405000          0      81000
  Contract         17 0.51165798 0.00209250     550800     648000          0     108000
  Contract         17 0.55081625 0.00199820     550800     648000          0     108000
  Contract         17 0.56959735 0.00156296     360000     648000          0     108000
  Contract         17 0.60318824 0.00151287          0     540000          0     108000
    Period         18          6 0.06275000
  Contract         18 0.14915223 0.00604032      45000      64800          0      10800
  Contract         18 0.17969148 0.00599603      36000      81000        918      13500
  Contract         18 0.18367090 0.00587071     137700     162000          0      27000
  Contract         18 0.23406412 0.00586152     137700     162000          0      27000
  Contract         18 0.26873908 0.00576261      90000     162000          0      27000
  Contract         18 0.27203811 0.00542562          0     135000          0      27000
  Contract         18 0.28111342 0.00519110     275400     324000          0      54000
  Contract         18 0.31756908 0.00518192     275400     324000          0      54000
  Contract         18 0.37849120 0.00516228     180000     324000          0      54000
  Contract         18 0.46190175 0.00512491          0     270000          0      54000
  Contract         18 0.47156470 0.00499749     413100     486000          0      81000
  Contract         18 0.47834648 0.00498575     413100     486000          0      81000
  Contract         18 0.48872605 0.00448408     270000     486000          0      81000
  Contract         18 0.49157973 0.00433201          0     405000          0      81000
  Contract         18 0.57223703 0.00430568     550800     648000          0     108000
  Contract         18 0.58867990 0.00406089     550800     648000          0     108000
  Contract         18 0.61852878 0.00322560     360000     648000          0     108000
  Contract         18 0.62586470 0.00317945          0     540000          0     108000
    Period         19          6 0.06275000
  Contract         19 0.15280672 0.00611459      45000      64800          0      10800
  Contract         19 0.22008219 0.00606272      36000      81000        918      13500
  Contract         19 0.29827150 0.00594003     137700     162000          0      27000
  Contract         19 0.31359600 0.00557761     137700     162000          0      27000
  Contract         19 0.32332373 0.00554094      90000     162000          0      27000
  Contract         19 0.32542958 0.00544790          0     135000          0      27000
  Contract         19 0.33199336 0.00511546     275400     324000          0      54000
  Contract         19 0.34230445 0.00493050     275400     324000          0      54000
  Contract         19 0.34304503 0.00462598     180000     324000          0      54000
  Contract         19 0.40501810 0.00460519          0     270000          0      54000
  Contract         19 0.40695093 0.00422864     413100     486000          0      81000
  Contract         19 0.48668399 0.00403118     413100     486000          0      81000
  Contract         19 0.50442243 0.00395310     270000     486000          0      81000
  Contract         19 0.52162156 0.00392254          0     405000          0      81000
  Contract         19 0.52820304 0.00387178     550800     648000          0     108000
  Contract         19 0.55961611 0.00356275     550800     648000          0     108000
  Contract         19 0.58341156 0.00345600     360000     648000          0     108000
  Contract         19 0.58590930 0.00323428          0     540000          0     108000
    Period         20          6 0.02998000
  Contract         20 0.22724774 0.00292360      45000      64800          0      10800
  Contract         20 0.25193925 0.00267731      36000      81000        918      13500
  Contract         20 0.26342583 0.00264608     137700     162000          0      27000
  Contract         20 0.30794150 0.00260516     137700     162000          0      27000
  Contract         20 0.31248605 0.00254275      90000     162000          0      27000
  Contract         20 0.31981345 0.00248331          0     135000          0      27000
  Contract         20 0.32245028 0.00239305     275400     324000          0      54000
  Contract         20 0.32602654 0.00234575     275400     324000          0      54000
  Contract         20 0.35181427 0.00233786     180000     324000          0      54000
  Contract         20 0.35204915 0.00228408          0     270000          0      54000
  Contract         20 0.36620207 0.00222302     413100     486000          0      81000
  Contract         20 0.39884880 0.00199456     413100     486000          0      81000
  Contract         20 0.44161318 0.00167980     270000     486000          0      81000
  Contract         20 0.52853897 0.00165325          0     405000          0      81000
  Contract         20 0.57587329 0.00163907     550800     648000          0     108000
  Contract         20 0.61868723 0.00162502     550800     648000          0     108000
  Contract         20 0.62224379 0.00161652     360000     648000          0     108000
  Contract         20 0.62444393 0.00160903          0     540000          0     108000
    Period         21          6 0.02998000
  Contract         21 0.22781690 0.00299671      45000      64800          0      10800
  Contract         21 0.22793576 0.00289074      36000      81000        918      13500
  Contract         21 0.23558156 0.00282396     137700     162000          0      27000
  Contract         21 0.27053571 0.00273602     137700     162000          0      27000
  Contract         21 0.29034593 0.00268444      90000     162000          0      27000
  Contract         21 0.31615893 0.00260684          0     135000          0      27000
  Contract         21 0.32892646 0.00260344     275400     324000          0      54000
  Contract         21 0.38515778 0.00259432     275400     324000          0      54000
  Contract         21 0.40675322 0.00254334     180000     324000          0      54000
  Contract         21 0.41533988 0.00248973          0     270000          0      54000
  Contract         21 0.41917267 0.00237251     413100     486000          0      81000
  Contract         21 0.43097611 0.00210806     413100     486000          0      81000
  Contract         21 0.43652812 0.00202862     270000     486000          0      81000
  Contract         21 0.54511418 0.00188999          0     405000          0      81000
  Contract         21 0.54841926 0.00183116     550800     648000          0     108000
  Contract         21 0.56520735 0.00179099     550800     648000          0     108000
  Contract         21 0.59519151 0.00154040     360000     648000          0     108000
  Contract         21 0.62372306 0.00153387          0     540000          0     108000
    Period         22          6 0.01499000
  Contract         22 0.15359426 0.00147585      45000      64800          0      10800
  Contract         22 0.16247486 0.00147577      36000      81000        918      13500
  Contract         22 0.16278980 0.00143567     137700     162000          0      27000
  Contract         22 0.18309959 0.00143142     137700     162000          0      27000
  Contract         22 0.19309326 0.00141855      90000     162000          0      27000
  Contract         22 0.21040791 0.00139152          0     135000          0      27000
  Contract         22 0.29031542 0.00138182     275400     324000          0      54000
  Contract         22 0.29495802 0.00137626     275400     324000          0      54000
  Contract         22 0.29827026 0.00134735     180000     324000          0      54000
  Contract         22 0.33192188 0.00134471          0     270000          0      54000
  Contract         22 0.35171063 0.00133495     413100     486000          0      81000
  Contract         22 0.35373599 0.00132420     413100     486000          0      81000
  Contract         22 0.40837032 0.00132371     270000     486000          0      81000
  Contract         22 0.46738521 0.00130942          0     405000          0      81000
  Contract         22 0.49080886 0.00130000     550800     648000          0     108000
  Contract         22 0.54320364 0.00127570     550800     648000          0     108000
  Contract         22 0.57462166 0.00126803     360000     648000          0     108000
  Contract         22 0.61135781 0.00124156          0     540000          0     108000
    Period         23          6 0.01499000
  Contract         23 0.15170606 0.00149880      45000      64800          0      10800
  Contract         23 0.22349668 0.00148998      36000      81000        918      13500
  Contract         23 0.23152285 0.00147748     137700     162000          0      27000
  Contract         23 0.23881063 0.00147053     137700     162000          0      27000
  Contract         23 0.26386200 0.00145920      90000     162000          0      27000
  Contract         23 0.27783920 0.00145396          0     135000          0      27000
  Contract         23 0.29702624 0.00142791     275400     324000          0      54000
  Contract         23 0.31246368 0.00141114     275400     324000          0      54000
  Contract         23 0.33696362 0.00140047     180000     324000          0      54000
  Contract         23 0.39618925 0.00137048          0     270000          0      54000
  Contract         23 0.39750605 0.00134822     413100     486000          0      81000
  Contract         23 0.40064580 0.00129067     413100     486000          0      81000
  Contract         23 0.40636166 0.00128788     270000     486000          0      81000
  Contract         23 0.43219443 0.00128649          0     405000          0      81000
  Contract         23 0.45512679 0.00128632     550800     648000          0     108000
  Contract         23 0.45787508 0.00127744     550800     648000          0     108000
  Contract         23 0.52124790 0.00124788     360000     648000          0     108000
  Contract         23 0.59892859 0.00123905          0     540000          0     108000
// DrivableS id cost P consumption/production of system at each period PMin minimum consumption/production of system at each period
// NDrivableS id cost P consumption/production of system at each period
// e.g., fixed energy consumption of the building
NDrivableS      NDS0 0.0000000000
 P     -420305.40     -464266.20     -456228.00     -433914.90     -458415.60     -466317.30     -468395.40     -490317.60     -491509.80     -507607.20     -495891.30     -495928.80     -506328.60     -509104.20     -507750.30     -500897.40     -500974.20     -502179.90     -508279.80     -501442.80     -504809.10     -492739.20     -431511.00     -425356.50
// Storage id cost uMin uMax uInit lostCoeff maxAbsorption maxRefund
Storage     STOR0 0.00041000   98000.00  309700.00  100000.00       0.15   15000.00   15000.00
UNDS     UNDS0 0.0000000000
 Pmin     -298803.70     -252414.00     -251032.00     -273166.90     -251442.55     -247113.60     -278712.70     -276442.95     -414791.15     -456417.80     -502055.95     -520769.55     -528105.40     -537944.80     -531907.90     -527268.75     -499466.25     -462642.75     -418037.45     -384784.90     -333884.35     -292675.90     -311327.70     -304097.50
 Pmax      -96447.50      -50964.55      -52987.65      -74399.30      -47589.95      -42811.55      -57139.90      -41942.70      -68403.35      -62588.70      -93824.40      -89501.45      -89546.00      -83459.75      -90575.95      -95505.55      -89236.70      -79843.30      -61952.45      -63283.95      -54114.30      -48190.40      -96487.50      -90818.55
 Pdt_min      -51865.04      -43343.90      -43741.45      -47095.73      -42631.89      -43470.62      -49595.85      -47678.23      -76520.76      -80037.14      -85987.54      -91145.67      -90877.76      -94161.55      -92890.96      -92577.24      -88550.56      -82245.21      -72569.61      -67879.78      -58393.48      -54694.09      -54110.21      -52740.89
 Pdt_max      -13640.60       -7063.92       -6876.30      -10427.94       -6783.71       -5168.61       -6140.70       -5647.41       -8828.39       -8987.60      -13394.62      -13095.50      -12948.63      -12563.15      -13763.55      -14529.96      -14195.75      -11537.45       -8198.39       -8179.34       -7306.32       -6134.65      -13948.99      -13426.14
UNDS     UNDS1 0.0000000000
 Pmin           0.00           0.00           0.00           0.00           0.00           0.00           0.00         860.00        4217.95        5606.95        5292.55        6348.00        6779.20        6671.80        3612.40         540.45          23.10           0.00           0.00           0.00           0.00           0.00           0.00           0.00
 Pmax           0.00           0.00           0.00           0.00           0.00        3859.00       16484.30       30574.75       43514.25       52003.10       58659.55       59523.55       58258.40       53849.80       46690.45       35728.90       21446.20        7237.30           1.85           0.00           0.00           0.00           0.00           0.00
 Pdt_min           0.00           0.00           0.00           0.00           0.00           0.00           0.00           0.00         151.15         356.24         512.14         589.43         522.79         353.98          49.40           0.00           0.00           0.00           0.00           0.00           0.00           0.00           0.00           0.00
 Pdt_max           0.00           0.00           0.00           0.00           0.00        1324.11        3903.51        6147.33        8273.50        9665.71       10455.54       10645.55       10444.75        9632.11        8912.57        7039.08        4625.95        2208.27           1.39           0.00           0.00           0.00           0.00           0.00
