// Instance numberOfPeriods nbOfSystems
// Horizon nbPeriods...following by periods
// Period index duration costOutOfContract...following by a list of Contracts
// Contract period engagementCost unitaryCost min_use_per_period max_use_per_period min_use_per_delta max_use_per_delta
// DrivableS id cost P consumption/production of system at each period PMin minimum consumption/production of system at each period
// NDrivableS id cost P consumption/production of system at each period
// Storage id cost uMin uMax uInit lostCoeff maxAbsorption maxRefund
Instance        24         3
Horizon        24
    Period          0          6 0.01499000
  Contract          0 0.17360422 0.00148041    3500000    5040000          0     840000
  Contract          0 0.21475947 0.00146423    2800000    6300000      71400    1050000
  Contract          0 0.26006431 0.00143777   10710000   12600000          0    2100000
  Contract          0 0.26192164 0.00137696   10710000   12600000          0    2100000
  Contract          0 0.29596400 0.00137188    7000000   12600000          0    2100000
  Contract          0 0.30984636 0.00136529          0   10500000          0    2100000
  Contract          0 0.35188706 0.00134941   21420000   25200000          0    4200000
  Contract          0 0.37683242 0.00133334   21420000   25200000          0    4200000
  Contract          0 0.38066618 0.00132087   14000000   25200000          0    4200000
  Contract          0 0.39408948 0.00131967          0   21000000          0    4200000
  Contract          0 0.39681292 0.00130587   32130000   37800000          0    6300000
  Contract          0 0.46840030 0.00130578   32130000   37800000          0    6300000
  Contract          0 0.48448471 0.00128733   21000000   37800000          0    6300000
  Contract          0 0.52779256 0.00127399          0   31500000          0    6300000
  Contract          0 0.53966940 0.00124416   42840000   50400000          0    8400000
  Contract          0 0.58030211 0.00123734   42840000   50400000          0    8400000
  Contract          0 0.58725757 0.00123329   28000000   50400000          0    8400000
  Contract          0 0.59623220 0.00123249          0   42000000          0    8400000
    Period          1          6 0.01499000
  Contract          1 0.19482945 0.00147680    3500000    5040000          0     840000
  Contract          1 0.20678563 0.00146580    2800000    6300000      71400    1050000
  Contract          1 0.22368503 0.00145636   10710000   12600000          0    2100000
  Contract          1 0.24701852 0.00145183   10710000   12600000          0    2100000
  Contract          1 0.24884420 0.00145162    7000000   12600000          0    2100000
  Contract          1 0.25056111 0.00144162          0   10500000          0    2100000
  Contract          1 0.29030600 0.00142042   21420000   25200000          0    4200000
  Contract          1 0.35045193 0.00141886   21420000   25200000          0    4200000
  Contract          1 0.43934500 0.00138500   14000000   25200000          0    4200000
  Contract          1 0.46192568 0.00137579          0   21000000          0    4200000
  Contract          1 0.46814225 0.00136955   32130000   37800000          0    6300000
  Contract          1 0.47287349 0.00136821   32130000   37800000          0    6300000
  Contract          1 0.52016251 0.00132120   21000000   37800000          0    6300000
  Contract          1 0.52384769 0.00130784          0   31500000          0    6300000
  Contract          1 0.56751254 0.00128208   42840000   50400000          0    8400000
  Contract          1 0.61213183 0.00128123   42840000   50400000          0    8400000
  Contract          1 0.61631120 0.00126947   28000000   50400000          0    8400000
  Contract          1 0.62529688 0.00126265          0   42000000          0    8400000
    Period          2          6 0.01499000
  Contract          2 0.15123777 0.00149752    3500000    5040000          0     840000
  Contract          2 0.16008290 0.00148398    2800000    6300000      71400    1050000
  Contract          2 0.17959818 0.00146768   10710000   12600000          0    2100000
  Contract          2 0.23561681 0.00145065   10710000   12600000          0    2100000
  Contract          2 0.30745423 0.00143862    7000000   12600000          0    2100000
  Contract          2 0.34391858 0.00139884          0   10500000          0    2100000
  Contract          2 0.34478444 0.00139228   21420000   25200000          0    4200000
  Contract          2 0.38925051 0.00137797   21420000   25200000          0    4200000
  Contract          2 0.42391273 0.00136455   14000000   25200000          0    4200000
  Contract          2 0.43162828 0.00135474          0   21000000          0    4200000
  Contract          2 0.43537939 0.00132881   32130000   37800000          0    6300000
  Contract          2 0.43688548 0.00132644   32130000   37800000          0    6300000
  Contract          2 0.46918884 0.00131936   21000000   37800000          0    6300000
  Contract          2 0.47095632 0.00130984          0   31500000          0    6300000
  Contract          2 0.49498645 0.00128466   42840000   50400000          0    8400000
  Contract          2 0.52114833 0.00128343   42840000   50400000          0    8400000
  Contract          2 0.53570353 0.00125446   28000000   50400000          0    8400000
  Contract          2 0.56235621 0.00125161          0   42000000          0    8400000
    Period          3          6 0.01499000
  Contract          3 0.15334516 0.00149212    3500000    5040000          0     840000
  Contract          3 0.17437337 0.00148619    2800000    6300000      71400    1050000
  Contract          3 0.17547749 0.00148514   10710000   12600000          0    2100000
  Contract          3 0.22335276 0.00145037   10710000   12600000          0    2100000
  Contract          3 0.22539477 0.00144675    7000000   12600000          0    2100000
  Contract          3 0.23098445 0.00143092          0   10500000          0    2100000
  Contract          3 0.23147684 0.00139188   21420000   25200000          0    4200000
  Contract          3 0.28673201 0.00137420   21420000   25200000          0    4200000
  Contract          3 0.35610674 0.00136318   14000000   25200000          0    4200000
  Contract          3 0.45773651 0.00135532          0   21000000          0    4200000
  Contract          3 0.48851109 0.00133748   32130000   37800000          0    6300000
  Contract          3 0.49425343 0.00130930   32130000   37800000          0    6300000
  Contract          3 0.53784187 0.00129902   21000000   37800000          0    6300000
  Contract          3 0.53834899 0.00127314          0   31500000          0    6300000
  Contract          3 0.59296552 0.00125816   42840000   50400000          0    8400000
  Contract          3 0.59493579 0.00125238   42840000   50400000          0    8400000
  Contract          3 0.60608492 0.00124232   28000000   50400000          0    8400000
  Contract          3 0.61903673 0.00123301          0   42000000          0    8400000
    Period          4          6 0.01499000
  Contract          4 0.14187515 0.00148410    3500000    5040000          0     840000
  Contract          4 0.15622120 0.00148185    2800000    6300000      71400    1050000
  Contract          4 0.16048388 0.00144796   10710000   12600000          0    2100000
  Contract          4 0.19717360 0.00143394   10710000   12600000          0    2100000
  Contract          4 0.20006776 0.00143169    7000000   12600000          0    2100000
  Contract          4 0.22167866 0.00143120          0   10500000          0    2100000
  Contract          4 0.32560692 0.00141128   21420000   25200000          0    4200000
  Contract          4 0.36253741 0.00138570   21420000   25200000          0    4200000
  Contract          4 0.38195230 0.00138354   14000000   25200000          0    4200000
  Contract          4 0.38753160 0.00136686          0   21000000          0    4200000
  Contract          4 0.39400295 0.00135641   32130000   37800000          0    6300000
  Contract          4 0.42434141 0.00135462   32130000   37800000          0    6300000
  Contract          4 0.44827799 0.00132892   21000000   37800000          0    6300000
  Contract          4 0.48451705 0.00130730          0   31500000          0    6300000
  Contract          4 0.50072149 0.00130581   42840000   50400000          0    8400000
  Contract          4 0.51859154 0.00129512   42840000   50400000          0    8400000
  Contract          4 0.55347423 0.00127697   28000000   50400000          0    8400000
  Contract          4 0.56855006 0.00124925          0   42000000          0    8400000
    Period          5          6 0.01499000
  Contract          5 0.14272398 0.00149001    3500000    5040000          0     840000
  Contract          5 0.18371352 0.00147912    2800000    6300000      71400    1050000
  Contract          5 0.23651116 0.00146675   10710000   12600000          0    2100000
  Contract          5 0.24924063 0.00146555   10710000   12600000          0    2100000
  Contract          5 0.29511145 0.00146014    7000000   12600000          0    2100000
  Contract          5 0.29794872 0.00143499          0   10500000          0    2100000
  Contract          5 0.29947554 0.00142880   21420000   25200000          0    4200000
  Contract          5 0.40210704 0.00142578   21420000   25200000          0    4200000
  Contract          5 0.41125060 0.00141520   14000000   25200000          0    4200000
  Contract          5 0.41295997 0.00139701          0   21000000          0    4200000
  Contract          5 0.41464060 0.00139004   32130000   37800000          0    6300000
  Contract          5 0.45389616 0.00137746   32130000   37800000          0    6300000
  Contract          5 0.47886883 0.00137416   21000000   37800000          0    6300000
  Contract          5 0.50962466 0.00128233          0   31500000          0    6300000
  Contract          5 0.51970110 0.00125423   42840000   50400000          0    8400000
  Contract          5 0.53476176 0.00125098   42840000   50400000          0    8400000
  Contract          5 0.53666127 0.00124404   28000000   50400000          0    8400000
  Contract          5 0.61312698 0.00123917          0   42000000          0    8400000
    Period          6          6 0.02998000
  Contract          6 0.19446680 0.00295733    3500000    5040000          0     840000
  Contract          6 0.28678686 0.00295463    2800000    6300000      71400    1050000
  Contract          6 0.28759256 0.00280400   10710000   12600000          0    2100000
  Contract          6 0.30281840 0.00279675   10710000   12600000          0    2100000
  Contract          6 0.33843878 0.00267511    7000000   12600000          0    2100000
  Contract          6 0.34834754 0.00265571          0   10500000          0    2100000
  Contract          6 0.40367233 0.00251249   21420000   25200000          0    4200000
  Contract          6 0.43101312 0.00250777   21420000   25200000          0    4200000
  Contract          6 0.44449998 0.00246880   14000000   25200000          0    4200000
  Contract          6 0.46472931 0.00231242          0   21000000          0    4200000
  Contract          6 0.51096116 0.00227266   32130000   37800000          0    6300000
  Contract          6 0.55082868 0.00222382   32130000   37800000          0    6300000
  Contract          6 0.56142514 0.00213850   21000000   37800000          0    6300000
  Contract          6 0.56292047 0.00208585          0   31500000          0    6300000
  Contract          6 0.58600161 0.00201015   42840000   50400000          0    8400000
  Contract          6 0.58691842 0.00199395   42840000   50400000          0    8400000
  Contract          6 0.59728176 0.00192090   28000000   50400000          0    8400000
  Contract          6 0.59929087 0.00186458          0   42000000          0    8400000
    Period          7          6 0.02998000
  Contract          7 0.18108065 0.00282271    3500000    5040000          0     840000
  Contract          7 0.20345521 0.00282179    2800000    6300000      71400    1050000
  Contract          7 0.23977184 0.00281065   10710000   12600000          0    2100000
  Contract          7 0.28104686 0.00277759   10710000   12600000          0    2100000
  Contract          7 0.30541768 0.00275849    7000000   12600000          0    2100000
  Contract          7 0.31148011 0.00272383          0   10500000          0    2100000
  Contract          7 0.33271852 0.00264046   21420000   25200000          0    4200000
  Contract          7 0.35795445 0.00252330   21420000   25200000          0    4200000
  Contract          7 0.41469606 0.00244577   14000000   25200000          0    4200000
  Contract          7 0.52207309 0.00239574          0   21000000          0    4200000
  Contract          7 0.52438110 0.00236175   32130000   37800000          0    6300000
  Contract          7 0.52693521 0.00235430   32130000   37800000          0    6300000
  Contract          7 0.55069951 0.00210401   21000000   37800000          0    6300000
  Contract          7 0.55391368 0.00208422          0   31500000          0    6300000
  Contract          7 0.57261258 0.00196060   42840000   50400000          0    8400000
  Contract          7 0.60444002 0.00190557   42840000   50400000          0    8400000
  Contract          7 0.60521065 0.00177730   28000000   50400000          0    8400000
  Contract          7 0.61327330 0.00150075          0   42000000          0    8400000
    Period          8          6 0.02998000
  Contract          8 0.17207872 0.00288312    3500000    5040000          0     840000
  Contract          8 0.20535782 0.00281888    2800000    6300000      71400    1050000
  Contract          8 0.21554166 0.00278587   10710000   12600000          0    2100000
  Contract          8 0.23510739 0.00278527   10710000   12600000          0    2100000
  Contract          8 0.26207556 0.00277780    7000000   12600000          0    2100000
  Contract          8 0.26869232 0.00270942          0   10500000          0    2100000
  Contract          8 0.29001106 0.00256941   21420000   25200000          0    4200000
  Contract          8 0.30001699 0.00256005   21420000   25200000          0    4200000
  Contract          8 0.31068452 0.00254452   14000000   25200000          0    4200000
  Contract          8 0.42699709 0.00251501          0   21000000          0    4200000
  Contract          8 0.43546971 0.00250529   32130000   37800000          0    6300000
  Contract          8 0.44036604 0.00245058   32130000   37800000          0    6300000
  Contract          8 0.44969027 0.00224533   21000000   37800000          0    6300000
  Contract          8 0.45341506 0.00213918          0   31500000          0    6300000
  Contract          8 0.46075817 0.00207744   42840000   50400000          0    8400000
  Contract          8 0.46965134 0.00202894   42840000   50400000          0    8400000
  Contract          8 0.47872813 0.00183390   28000000   50400000          0    8400000
  Contract          8 0.48233335 0.00171958          0   42000000          0    8400000
    Period          9          6 0.06275000
  Contract          9 0.15498665 0.00627494    3500000    5040000          0     840000
  Contract          9 0.19424295 0.00616773    2800000    6300000      71400    1050000
  Contract          9 0.19687802 0.00605442   10710000   12600000          0    2100000
  Contract          9 0.23904588 0.00595339   10710000   12600000          0    2100000
  Contract          9 0.25299972 0.00577345    7000000   12600000          0    2100000
  Contract          9 0.25867870 0.00551712          0   10500000          0    2100000
  Contract          9 0.28355621 0.00540960   21420000   25200000          0    4200000
  Contract          9 0.32918819 0.00503472   21420000   25200000          0    4200000
  Contract          9 0.35552958 0.00495985   14000000   25200000          0    4200000
  Contract          9 0.36254800 0.00467962          0   21000000          0    4200000
  Contract          9 0.42286470 0.00463545   32130000   37800000          0    6300000
  Contract          9 0.48083473 0.00440920   32130000   37800000          0    6300000
  Contract          9 0.48423511 0.00440146   21000000   37800000          0    6300000
  Contract          9 0.49229187 0.00420052          0   31500000          0    6300000
  Contract          9 0.49627411 0.00407435   42840000   50400000          0    8400000
  Contract          9 0.57024448 0.00402087   42840000   50400000          0    8400000
  Contract          9 0.58772705 0.00401290   28000000   50400000          0    8400000
  Contract          9 0.60888410 0.00392477          0   42000000          0    8400000
    Period         10          6 0.06275000
  Contract         10 0.20239033 0.00593498    3500000    5040000          0     840000
  Contract         10 0.20784278 0.00550624    2800000    6300000      71400    1050000
  Contract         10 0.22595773 0.00523437   10710000   12600000          0    2100000
  Contract         10 0.27206867 0.00496210   10710000   12600000          0    2100000
  Contract         10 0.28509627 0.00484142    7000000   12600000          0    2100000
  Contract         10 0.30782389 0.00479601          0   10500000          0    2100000
  Contract         10 0.33339717 0.00478169   21420000   25200000          0    4200000
  Contract         10 0.35216103 0.00474190   21420000   25200000          0    4200000
  Contract         10 0.35384940 0.00473456   14000000   25200000          0    4200000
  Contract         10 0.35436385 0.00464203          0   21000000          0    4200000
  Contract         10 0.39455110 0.00458091   32130000   37800000          0    6300000
  Contract         10 0.42533790 0.00429576   32130000   37800000          0    6300000
  Contract         10 0.43720355 0.00410683   21000000   37800000          0    6300000
  Contract         10 0.48384805 0.00363589          0   31500000          0    6300000
  Contract         10 0.49098605 0.00361780   42840000   50400000          0    8400000
  Contract         10 0.59366209 0.00341564   42840000   50400000          0    8400000
  Contract         10 0.59797071 0.00310676   28000000   50400000          0    8400000
  Contract         10 0.62202148 0.00300844          0   42000000          0    8400000
    Period         11          6 0.02998000
  Contract         11 0.15148852 0.00297158    3500000    5040000          0     840000
  Contract         11 0.19234422 0.00295116    2800000    6300000      71400    1050000
  Contract         11 0.20641757 0.00272521   10710000   12600000          0    2100000
  Contract         11 0.28941702 0.00271859   10710000   12600000          0    2100000
  Contract         11 0.29600107 0.00266836    7000000   12600000          0    2100000
  Contract         11 0.34692480 0.00249320          0   10500000          0    2100000
  Contract         11 0.37350963 0.00230828   21420000   25200000          0    4200000
  Contract         11 0.38944102 0.00225915   21420000   25200000          0    4200000
  Contract         11 0.39113538 0.00223137   14000000   25200000          0    4200000
  Contract         11 0.40476374 0.00221638          0   21000000          0    4200000
  Contract         11 0.46069396 0.00221208   32130000   37800000          0    6300000
  Contract         11 0.50957660 0.00197295   32130000   37800000          0    6300000
  Contract         11 0.55964473 0.00190236   21000000   37800000          0    6300000
  Contract         11 0.57864624 0.00184623          0   31500000          0    6300000
  Contract         11 0.58841115 0.00182786   42840000   50400000          0    8400000
  Contract         11 0.59479768 0.00172784   42840000   50400000          0    8400000
  Contract         11 0.59849509 0.00170639   28000000   50400000          0    8400000
  Contract         11 0.61927098 0.00158357          0   42000000          0    8400000
    Period         12          6 0.02998000
  Contract         12 0.14748564 0.00299485    3500000    5040000          0     840000
  Contract         12 0.15177573 0.00294617    2800000    6300000      71400    1050000
  Contract         12 0.15738353 0.00285151   10710000   12600000          0    2100000
  Contract         12 0.25864131 0.00254297   10710000   12600000          0    2100000
  Contract         12 0.27918602 0.00244434    7000000   12600000          0    2100000
  Contract         12 0.28884788 0.00243425          0   10500000          0    2100000
  Contract         12 0.34827340 0.00240076   21420000   25200000          0    4200000
  Contract         12 0.36040571 0.00228722   21420000   25200000          0    4200000
  Contract         12 0.37158079 0.00225902   14000000   25200000          0    4200000
  Contract         12 0.38966903 0.00220143          0   21000000          0    4200000
  Contract         12 0.39752879 0.00211994   32130000   37800000          0    6300000
  Contract         12 0.42660900 0.00192276   32130000   37800000          0    6300000
  Contract         12 0.44623856 0.00191338   21000000   37800000          0    6300000
  Contract         12 0.45201180 0.00177370          0   31500000          0    6300000
  Contract         12 0.52673787 0.00176280   42840000   50400000          0    8400000
  Contract         12 0.53436051 0.00170976   42840000   50400000          0    8400000
  Contract         12 0.57721554 0.00155355   28000000   50400000          0    8400000
  Contract         12 0.61575584 0.00150291          0   42000000          0    8400000
    Period         13          6 0.02998000
  Contract         13 0.15836336 0.00284026    3500000    5040000          0     840000
  Contract         13 0.22662321 0.00271850    2800000    6300000      71400    1050000
  Contract         13 0.24337891 0.00268514   10710000   12600000          0    2100000
  Contract         13 0.27715555 0.00244333   10710000   12600000          0    2100000
  Contract         13 0.29027142 0.00243365    7000000   12600000          0    2100000
  Contract         13 0.29210344 0.00243087          0   10500000          0    2100000
  Contract         13 0.29321536 0.00234650   21420000   25200000          0    4200000
  Contract         13 0.29552084 0.00232573   21420000   25200000          0    4200000
  Contract         13 0.31975021 0.00231902   14000000   25200000          0    4200000
  Contract         13 0.32720974 0.00231113          0   21000000          0    4200000
  Contract         13 0.33333350 0.00227959   32130000   37800000          0    6300000
  Contract         13 0.36731808 0.00205008   32130000   37800000          0    6300000
  Contract         13 0.39052181 0.00198606   21000000   37800000          0    6300000
  Contract         13 0.40702239 0.00172811          0   31500000          0    6300000
  Contract         13 0.46953797 0.00160373   42840000   50400000          0    8400000
  Contract         13 0.57672053 0.00159895   42840000   50400000          0    8400000
  Contract         13 0.60768200 0.00154143   28000000   50400000          0    8400000
  Contract         13 0.61854311 0.00153055          0   42000000          0    8400000
    Period         14          6 0.02998000
  Contract         14 0.16732568 0.00288236    3500000    5040000          0     840000
  Contract         14 0.19962464 0.00279133    2800000    6300000      71400    1050000
  Contract         14 0.22377964 0.00276854   10710000   12600000          0    2100000
  Contract         14 0.28834148 0.00273581   10710000   12600000          0    2100000
  Contract         14 0.31636412 0.00264286    7000000   12600000          0    2100000
  Contract         14 0.31864178 0.00254102          0   10500000          0    2100000
  Contract         14 0.33728732 0.00246076   21420000   25200000          0    4200000
  Contract         14 0.36904787 0.00245346   21420000   25200000          0    4200000
  Contract         14 0.39085052 0.00242418   14000000   25200000          0    4200000
  Contract         14 0.42326362 0.00236695          0   21000000          0    4200000
  Contract         14 0.46011374 0.00232559   32130000   37800000          0    6300000
  Contract         14 0.46013271 0.00215215   32130000   37800000          0    6300000
  Contract         14 0.46343645 0.00213981   21000000   37800000          0    6300000
  Contract         14 0.52083127 0.00165824          0   31500000          0    6300000
  Contract         14 0.53404006 0.00164728   42840000   50400000          0    8400000
  Contract         14 0.53718181 0.00163524   42840000   50400000          0    8400000
  Contract         14 0.59412996 0.00160393   28000000   50400000          0    8400000
  Contract         14 0.61022336 0.00153234          0   42000000          0    8400000
    Period         15          6 0.02998000
  Contract         15 0.14952639 0.00282706    3500000    5040000          0     840000
  Contract         15 0.18586786 0.00258085    2800000    6300000      71400    1050000
  Contract         15 0.24113958 0.00250134   10710000   12600000          0    2100000
  Contract         15 0.28647938 0.00248122   10710000   12600000          0    2100000
  Contract         15 0.29575113 0.00242993    7000000   12600000          0    2100000
  Contract         15 0.30385530 0.00241567          0   10500000          0    2100000
  Contract         15 0.33505955 0.00240780   21420000   25200000          0    4200000
  Contract         15 0.37663381 0.00238558   21420000   25200000          0    4200000
  Contract         15 0.38448954 0.00227864   14000000   25200000          0    4200000
  Contract         15 0.38947170 0.00223182          0   21000000          0    4200000
  Contract         15 0.39826247 0.00218561   32130000   37800000          0    6300000
  Contract         15 0.41735196 0.00217027   32130000   37800000          0    6300000
  Contract         15 0.45944469 0.00212651   21000000   37800000          0    6300000
  Contract         15 0.50623026 0.00206089          0   31500000          0    6300000
  Contract         15 0.54244712 0.00203827   42840000   50400000          0    8400000
  Contract         15 0.54339097 0.00184693   42840000   50400000          0    8400000
  Contract         15 0.60505774 0.00153140   28000000   50400000          0    8400000
  Contract         15 0.62567057 0.00150000          0   42000000          0    8400000
    Period         16          6 0.02998000
  Contract         16 0.14854640 0.00296713    3500000    5040000          0     840000
  Contract         16 0.15566481 0.00292048    2800000    6300000      71400    1050000
  Contract         16 0.19553452 0.00271607   10710000   12600000          0    2100000
  Contract         16 0.31260536 0.00266706   10710000   12600000          0    2100000
  Contract         16 0.31734631 0.00262591    7000000   12600000          0    2100000
  Contract         16 0.33987832 0.00253048          0   10500000          0    2100000
  Contract         16 0.38760196 0.00230570   21420000   25200000          0    4200000
  Contract         16 0.39557741 0.00223873   21420000   25200000          0    4200000
  Contract         16 0.40524550 0.00210248   14000000   25200000          0    4200000
  Contract         16 0.44679161 0.00201558          0   21000000          0    4200000
  Contract         16 0.46186134 0.00198422   32130000   37800000          0    6300000
  Contract         16 0.50629980 0.00188012   32130000   37800000          0    6300000
  Contract         16 0.51798298 0.00180521   21000000   37800000          0    6300000
  Contract         16 0.54843697 0.00173319          0   31500000          0    6300000
  Contract         16 0.55157159 0.00171974   42840000   50400000          0    8400000
  Contract         16 0.59136254 0.00167185   42840000   50400000          0    8400000
  Contract         16 0.59237952 0.00157442   28000000   50400000          0    8400000
  Contract         16 0.61449093 0.00156103          0   42000000          0    8400000
    Period         17          6 0.02998000
  Contract         17 0.14146010 0.00298192    3500000    5040000          0     840000
  Contract         17 0.14247337 0.00292950    2800000    6300000      71400    1050000
  Contract         17 0.14255098 0.00290490   10710000   12600000          0    2100000
  Contract         17 0.15477441 0.00287436   10710000   12600000          0    2100000
  Contract         17 0.18240299 0.00279763    7000000   12600000          0    2100000
  Contract         17 0.22179132 0.00268186          0   10500000          0    2100000
  Contract         17 0.26553773 0.00260853   21420000   25200000          0    4200000
  Contract         17 0.26868584 0.00260529   21420000   25200000          0    4200000
  Contract         17 0.28021437 0.00257140   14000000   25200000          0    4200000
  Contract         17 0.29544656 0.00243202          0   21000000          0    4200000
  Contract         17 0.31223434 0.00229594   32130000   37800000          0    6300000
  Contract         17 0.31825630 0.00223529   32130000   37800000          0    6300000
  Contract         17 0.31895312 0.00202409   21000000   37800000          0    6300000
  Contract         17 0.33186830 0.00184884          0   31500000          0    6300000
  Contract         17 0.40375759 0.00179879   42840000   50400000          0    8400000
  Contract         17 0.47278254 0.00172260   42840000   50400000          0    8400000
  Contract         17 0.50585708 0.00163945   28000000   50400000          0    8400000
  Contract         17 0.51709016 0.00156390          0   42000000          0    8400000
    Period         18          6 0.06275000
  Contract         18 0.15530108 0.00625022    3500000    5040000          0     840000
  Contract         18 0.20940278 0.00591187    2800000    6300000      71400    1050000
  Contract         18 0.25403089 0.00585315   10710000   12600000          0    2100000
  Contract         18 0.26783931 0.00566610   10710000   12600000          0    2100000
  Contract         18 0.29089820 0.00559507    7000000   12600000          0    2100000
  Contract         18 0.31955213 0.00542482          0   10500000          0    2100000
  Contract         18 0.34828279 0.00534728   21420000   25200000          0    4200000
  Contract         18 0.35889324 0.00505959   21420000   25200000          0    4200000
  Contract         18 0.35961408 0.00503062   14000000   25200000          0    4200000
  Contract         18 0.42585943 0.00486983          0   21000000          0    4200000
  Contract         18 0.43024789 0.00475119   32130000   37800000          0    6300000
  Contract         18 0.44556921 0.00468409   32130000   37800000          0    6300000
  Contract         18 0.47314828 0.00462213   21000000   37800000          0    6300000
  Contract         18 0.49559470 0.00455842          0   31500000          0    6300000
  Contract         18 0.54814067 0.00413463   42840000   50400000          0    8400000
  Contract         18 0.55838737 0.00402667   42840000   50400000          0    8400000
  Contract         18 0.55985513 0.00374269   28000000   50400000          0    8400000
  Contract         18 0.60268197 0.00309094          0   42000000          0    8400000
    Period         19          6 0.06275000
  Contract         19 0.17559270 0.00621460    3500000    5040000          0     840000
  Contract         19 0.21677970 0.00580517    2800000    6300000      71400    1050000
  Contract         19 0.22409877 0.00569345   10710000   12600000          0    2100000
  Contract         19 0.25354204 0.00541751   10710000   12600000          0    2100000
  Contract         19 0.30684845 0.00533924    7000000   12600000          0    2100000
  Contract         19 0.32033775 0.00525562          0   10500000          0    2100000
  Contract         19 0.32247911 0.00499023   21420000   25200000          0    4200000
  Contract         19 0.42447237 0.00466010   21420000   25200000          0    4200000
  Contract         19 0.42703306 0.00457342   14000000   25200000          0    4200000
  Contract         19 0.43072710 0.00432977          0   21000000          0    4200000
  Contract         19 0.45139048 0.00422353   32130000   37800000          0    6300000
  Contract         19 0.49627035 0.00420675   32130000   37800000          0    6300000
  Contract         19 0.50334025 0.00403595   21000000   37800000          0    6300000
  Contract         19 0.54900261 0.00384782          0   31500000          0    6300000
  Contract         19 0.54932058 0.00351373   42840000   50400000          0    8400000
  Contract         19 0.56078318 0.00346408   42840000   50400000          0    8400000
  Contract         19 0.56610596 0.00345050   28000000   50400000          0    8400000
  Contract         19 0.59756601 0.00311359          0   42000000          0    8400000
    Period         20          6 0.02998000
  Contract         20 0.17241568 0.00298121    3500000    5040000          0     840000
  Contract         20 0.18015015 0.00288245    2800000    6300000      71400    1050000
  Contract         20 0.18052419 0.00285865   10710000   12600000          0    2100000
  Contract         20 0.27183036 0.00279259   10710000   12600000          0    2100000
  Contract         20 0.30628922 0.00276175    7000000   12600000          0    2100000
  Contract         20 0.30932676 0.00274539          0   10500000          0    2100000
  Contract         20 0.32350358 0.00266947   21420000   25200000          0    4200000
  Contract         20 0.34697411 0.00266681   21420000   25200000          0    4200000
  Contract         20 0.35337921 0.00222209   14000000   25200000          0    4200000
  Contract         20 0.35641441 0.00205440          0   21000000          0    4200000
  Contract         20 0.44252922 0.00185677   32130000   37800000          0    6300000
  Contract         20 0.45640208 0.00180634   32130000   37800000          0    6300000
  Contract         20 0.48112394 0.00178148   21000000   37800000          0    6300000
  Contract         20 0.48635697 0.00171507          0   31500000          0    6300000
  Contract         20 0.53998273 0.00165962   42840000   50400000          0    8400000
  Contract         20 0.57714486 0.00164933   42840000   50400000          0    8400000
  Contract         20 0.59042478 0.00159184   28000000   50400000          0    8400000
  Contract         20 0.59696033 0.00155522          0   42000000          0    8400000
    Period         21          6 0.02998000
  Contract         21 0.15443106 0.00297631    3500000    5040000          0     840000
  Contract         21 0.16541860 0.00287006    2800000    6300000      71400    1050000
  Contract         21 0.18924160 0.00285348   10710000   12600000          0    2100000
  Contract         21 0.19889897 0.00284031   10710000   12600000          0    2100000
  Contract         21 0.23461130 0.00283957    7000000   12600000          0    2100000
  Contract         21 0.26158277 0.00279148          0   10500000          0    2100000
  Contract         21 0.29321036 0.00273250   21420000   25200000          0    4200000
  Contract         21 0.31674181 0.00241057   21420000   25200000          0    4200000
  Contract         21 0.33320016 0.00237094   14000000   25200000          0    4200000
  Contract         21 0.34335159 0.00236457          0   21000000          0    4200000
  Contract         21 0.39223433 0.00233554   32130000   37800000          0    6300000
  Contract         21 0.39558662 0.00231545   32130000   37800000          0    6300000
  Contract         21 0.39992209 0.00223993   21000000   37800000          0    6300000
  Contract         21 0.42073422 0.00214609          0   31500000          0    6300000
  Contract         21 0.47613501 0.00214448   42840000   50400000          0    8400000
  Contract         21 0.47616686 0.00213923   42840000   50400000          0    8400000
  Contract         21 0.52954111 0.00211888   28000000   50400000          0    8400000
  Contract         21 0.54194826 0.00195231          0   42000000          0    8400000
    Period         22          6 0.01499000
  Contract         22 0.18704701 0.00149848    3500000    5040000          0     840000
  Contract         22 0.18845737 0.00147034    2800000    6300000      71400    1050000
  Contract         22 0.19371331 0.00145833   10710000   12600000          0    2100000
  Contract         22 0.19676738 0.00141682   10710000   12600000          0    2100000
  Contract         22 0.21429245 0.00139882    7000000   12600000          0    2100000
  Contract         22 0.23036434 0.00139486          0   10500000          0    2100000
  Contract         22 0.23055367 0.00138403   21420000   25200000          0    4200000
  Contract         22 0.23506743 0.00137310   21420000   25200000          0    4200000
  Contract         22 0.36294781 0.00136505   14000000   25200000          0    4200000
  Contract         22 0.40442926 0.00136112          0   21000000          0    4200000
  Contract         22 0.42268840 0.00132618   32130000   37800000          0    6300000
  Contract         22 0.42337922 0.00131482   32130000   37800000          0    6300000
  Contract         22 0.42629739 0.00131030   21000000   37800000          0    6300000
  Contract         22 0.43023441 0.00130721          0   31500000          0    6300000
  Contract         22 0.44790133 0.00128148   42840000   50400000          0    8400000
  Contract         22 0.50742280 0.00127717   42840000   50400000          0    8400000
  Contract         22 0.56927153 0.00126889   28000000   50400000          0    8400000
  Contract         22 0.62631436 0.00123908          0   42000000          0    8400000
    Period         23          6 0.01499000
  Contract         23 0.15575504 0.00148469    3500000    5040000          0     840000
  Contract         23 0.20868664 0.00147593    2800000    6300000      71400    1050000
  Contract         23 0.21652877 0.00146972   10710000   12600000          0    2100000
  Contract         23 0.25469222 0.00145062   10710000   12600000          0    2100000
  Contract         23 0.27146859 0.00143728    7000000   12600000          0    2100000
  Contract         23 0.30701111 0.00143694          0   10500000          0    2100000
  Contract         23 0.35692414 0.00142839   21420000   25200000          0    4200000
  Contract         23 0.35718392 0.00142392   21420000   25200000          0    4200000
  Contract         23 0.37514238 0.00141332   14000000   25200000          0    4200000
  Contract         23 0.37933665 0.00140983          0   21000000          0    4200000
  Contract         23 0.38849456 0.00138501   32130000   37800000          0    6300000
  Contract         23 0.40251601 0.00137718   32130000   37800000          0    6300000
  Contract         23 0.43697883 0.00135253   21000000   37800000          0    6300000
  Contract         23 0.45371717 0.00132596          0   31500000          0    6300000
  Contract         23 0.47993046 0.00131841   42840000   50400000          0    8400000
  Contract         23 0.57082916 0.00131235   42840000   50400000          0    8400000
  Contract         23 0.59563800 0.00130195   28000000   50400000          0    8400000
  Contract         23 0.62363704 0.00128899          0   42000000          0    8400000
// DrivableS id cost P consumption/production of system at each period PMin minimum consumption/production of system at each period
// NDrivableS id cost P consumption/production of system at each period
// Storage id cost uMin uMax uInit lostCoeff maxAbsorption maxRefund
Storage     STOR0 0.00041000      98000     309700     100000          0      15000      15000
UNDS     UNDS0 0.00000000
 Pmin -35585184 -35560897 -35603618 -35583231 -36264514 -36327095 -37951603 -41483548 -49356571 -54488074 -50948087 -49488605 -48812750 -49087743 -49915191 -49510804 -48978494 -44678351 -41179725 -40258500 -37386167 -36889320 -34896906 -35599103
 Pmax -26765521 -27110309 -27226255 -27049230 -27084174 -27313843 -27926656 -27980387 -28296443 -28394683 -28716550 -28236726 -28525507 -28463297 -28554835 -28678379 -28396845 -28247611 -28294876 -28309953 -28169180 -27979502 -26036878 -25574753
 Pdt_min  -6886419  -6678140  -6664094  -6754519  -6986854  -7296815  -7389236  -7752260 -10913189 -11054498 -10628543  -9803655  -9713546  -9427042  -9350732  -9472122  -8999180  -8848234  -8406544  -8426500  -7515885  -7216125  -6700295  -7070019
 Pdt_max  -3885155  -4188159  -4162874  -4121789  -4131809  -4096169  -4200722  -4329523  -4367226  -4256142  -4210431  -4459369  -4344405  -4412475  -4433957  -4365535  -4383425  -4416036  -4345470  -4320859  -4393170  -4276934  -3859615  -3623365
UNDS     UNDS1 0.00000000
 Pmin         0         0         0         0         0         0         0         0    105583    297784    387029    333211    354723    310807    292850     62452         0         0         0         0         0         0         0         0
 Pmax         0         0         0         0         0    188506    957688   1921371   2756501   3387165   3773235   3880683   3817670   3492816   2927572   2085319   1138226    304514         0         0         0         0         0         0
 Pdt_min         0         0         0         0         0         0         0         0         0         0         0         0         0         0         0         0         0         0         0         0         0         0         0         0
 Pdt_max         0         0         0         0         0    105867    252658    414083    548878    622301    705865    716560    715398    659450    593208    445312    380208    127728     16034         0         0         0         0         0
