NBScenarios 50
SCENARIO 0
UNDS0
Period   0 3625.64  1519.98  3907.95  3688.53  1412.12  3178.97  
Period   1 5845.61  1414.62  4047.1  1972.27  624.259  3502.21  
Period   2 2443.14  1911.45  4026.6  6658  4113.75  946.54  
Period   3 7482.31  7499.71  2477.2  6000.2  7517.68  5643.13  
Period   4 8025.87  2603.12  5006.4  7007.88  7021.8  3603.45  
Period   5 2637.81  1924.87  4093.16  2484.82  6661.82  5226.77  
UNDS1
Period   0 -1602.25  -1554.37  -1509.35  -1762.48  -1678.03  -1713.44  
Period   1 -2635.23  -2156.39  -1438.94  -2376.07  -1314.13  -1685.67  
Period   2 -1410.24  -1614.13  -1352.72  -1365.16  -1363.35  -1558.77  
Period   3 -1724.48  -1711.56  -1610.61  -1818.93  -1820.09  -1763.55  
Period   4 -1610.57  -1572.26  -1893.72  -1774.15  -1790.79  -1540.7  
Period   5 -1966.13  -1915.56  -1941.1  -1500.46  -1584.27  -1585.04  
SCENARIO 1
UNDS0
Period   0 3253.97  1488.07  2083.01  3467.63  4045.69  2062.36  
Period   1 220.455  4247.08  2807.96  805.738  2441.97  1345.34  
Period   2 5316.55  1102.18  5491.68  1010.98  1842.49  2654.06  
Period   3 4536.54  4339.53  4262.63  4522.93  5507.14  6422.64  
Period   4 6439.93  7793.6  6729.99  7068.2  3409.38  4694.08  
Period   5 5434.45  1914.66  5306.51  5595.66  2745.58  5248.6  
UNDS1
Period   0 -1976.08  -1788.92  -1765.42  -1612.4  -1509.21  -1723.55  
Period   1 -2187.14  -1398.3  -1827  -1499.17  -2358.59  -2661.61  
Period   2 -1357.43  -1306.47  -1718.72  -1306.77  -1536.06  -1219.95  
Period   3 -1591.75  -1715.64  -1508.78  -1711.1  -1479.19  -1642.84  
Period   4 -1677.28  -1840.71  -1848.87  -1587.19  -1844.39  -1810.43  
Period   5 -1862.31  -1591.01  -1575.79  -1503.18  -1863.89  -1825.49  
SCENARIO 2
UNDS0
Period   0 3624.28  2029.48  1854.93  1141.97  3980.72  1773.44  
Period   1 2239.9  5807.13  1258.21  5430.19  1606.94  6112.11  
Period   2 4434.66  5395.5  3592.4  5023.8  818.863  802.351  
Period   3 6651.14  6420.31  5128.64  5185.92  4908.29  6043.35  
Period   4 7770.04  6349.49  3729.37  6250.85  6746.08  3686.69  
Period   5 5819.39  4820.1  3878.32  2981.95  4852.67  4642.33  
UNDS1
Period   0 -2000.04  -1817.7  -2012.2  -1846.27  -1747.41  -1687.23  
Period   1 -1541.83  -2163.67  -1314.1  -1268.58  -2496.69  -2460.61  
Period   2 -1490.28  -1616.92  -1562.68  -1622.46  -1895.81  -1375.13  
Period   3 -1748.32  -1726.06  -1823.99  -1492.95  -1550.57  -1705.5  
Period   4 -1776.39  -1544.79  -1685.12  -1646.56  -1837.52  -1856.89  
Period   5 -1693.08  -1756.96  -1859.63  -1821.68  -1667.48  -1728.52  
SCENARIO 3
UNDS0
Period   0 3236.56  3319.91  3419.27  4163.98  1577.7  1519.74  
Period   1 536.457  5840.5  1465.45  3235.19  5845.36  3572.92  
Period   2 1699.03  3768.82  5672.32  3528.6  2862.51  1766.77  
Period   3 7676.04  4275.02  1984.69  6797.6  4244.61  5246.24  
Period   4 2582.58  5090.68  8056.15  8171.52  1929.66  2119.63  
Period   5 5929.53  6980.41  6149.98  3788.57  6417.21  3622.1  
UNDS1
Period   0 -1995.27  -1849.9  -1820.16  -1566.89  -1897.85  -2017.14  
Period   1 -1511.09  -1716.91  -2053.27  -1584.81  -1348.46  -2495.63  
Period   2 -1772.06  -1189.16  -1712.38  -1835.04  -1798.5  -1698.64  
Period   3 -1835.28  -1547.18  -1518.12  -1860.59  -1643.39  -1622.76  
Period   4 -1676.17  -1903.69  -1846.22  -1621.39  -1548.84  -1682.86  
Period   5 -1683.22  -1773.31  -1816.4  -1890.78  -1736.67  -1921.02  
SCENARIO 4
UNDS0
Period   0 2345.6  2285.23  1335.5  3463.51  1843.74  1225.46  
Period   1 789.241  1618.92  1177.01  3230.53  1535.7  5264.67  
Period   2 3261.88  6592.17  1092.96  5658.39  2510.29  855.631  
Period   3 7357.68  1797.25  4543.36  3036.66  4533.37  4873.15  
Period   4 4061.4  7581.45  7660.34  4100.57  4263.18  2112.92  
Period   5 2478.25  2746.94  5957.31  6462.29  3926.64  2993.57  
UNDS1
Period   0 -1907.95  -1890.7  -1817.87  -1768.71  -1988.6  -1907.68  
Period   1 -2493.65  -1966.66  -1302.28  -1283.32  -1281.56  -1728.9  
Period   2 -1485.63  -1352.89  -1860.95  -1587.54  -1733.52  -1501.89  
Period   3 -1741.38  -1871.15  -1538.93  -1754.64  -1887.48  -1718.96  
Period   4 -1889.02  -1525.57  -1836.12  -1567.28  -1634.48  -1798.62  
Period   5 -1629.34  -1925.03  -1670.6  -1746.46  -1767.29  -1802.87  
SCENARIO 5
UNDS0
Period   0 2795.73  3327.26  2018.59  1992.2  3408.55  2819.23  
Period   1 1209.31  5195.99  4395.36  2000.05  1174.47  2468.55  
Period   2 2974.06  2829.19  4491.15  5613.04  2822.79  1181.34  
Period   3 2002.98  3852.4  7262.19  4342.68  6309.42  3382.41  
Period   4 5015.47  7727.62  4689.49  5027.15  4759.42  6737.06  
Period   5 3493.02  2461.92  4544.25  3946.67  4556.01  6424.97  
UNDS1
Period   0 -1588.13  -1841.77  -1600.79  -1532.88  -1684.37  -1741.19  
Period   1 -2130.93  -2481.64  -1494.16  -2393.79  -1904.12  -1292.17  
Period   2 -1649.09  -1183.51  -1220.73  -1729.66  -1266.65  -1893.01  
Period   3 -1656.17  -1726.04  -1624.89  -1556.88  -1640.21  -1687.97  
Period   4 -1819.85  -1680.25  -1780.58  -1899.34  -1709.32  -1529.04  
Period   5 -1875.58  -1893.27  -1574.03  -1553.55  -1893.13  -1772.05  
SCENARIO 6
UNDS0
Period   0 1800.36  1558.27  1629.19  1842.46  1805.76  3578.92  
Period   1 2788.47  3027.3  1991.05  574.868  5909.63  4125.12  
Period   2 3338.22  4535.08  1890.42  4247.86  4861.49  1110.23  
Period   3 7574.44  3698.76  4220.99  5718.52  2188.94  5885.39  
Period   4 3551.61  2938.9  4515.81  2755.91  5707.33  4777.16  
Period   5 3263.5  2118.68  5034.78  6046.29  5598.32  2771.29  
UNDS1
Period   0 -1919.02  -1580.59  -1976.96  -1861.71  -1877.42  -1678  
Period   1 -2218.92  -2069.78  -2063.93  -1537.8  -1940.84  -2521.27  
Period   2 -1842.21  -1181.02  -1713.34  -1772.26  -1321.21  -1348.94  
Period   3 -1881.5  -1779.12  -1492.36  -1788.54  -1578.23  -1850.57  
Period   4 -1701.89  -1762.48  -1664.13  -1788.82  -1807.44  -1500.29  
Period   5 -1763.4  -1883.8  -1515.68  -1691.14  -1720.18  -1877.52  
SCENARIO 7
UNDS0
Period   0 2715.52  1688.71  1817.94  2344.87  2615.58  2381.2  
Period   1 3993.98  1088.97  4346.47  1913.93  2531.3  4073.4  
Period   2 2967.88  1694.29  6629.09  5338.53  870.58  2390.81  
Period   3 6988.04  7447.17  7162.38  1612.01  6436.34  4737.16  
Period   4 2531.76  6807.87  3575.98  3997.91  4046.28  2726.02  
Period   5 5434.59  3418.2  2610.08  6304.97  5650.38  3099.97  
UNDS1
Period   0 -1982.88  -1763.41  -1679.13  -2041.27  -1767.74  -2035.2  
Period   1 -1542  -2266.27  -1636.15  -2542.59  -1358.65  -2121.89  
Period   2 -1255.74  -1645.72  -1661.15  -1380.22  -1395.67  -1856.82  
Period   3 -1808.58  -1671.87  -1880.93  -1710.75  -1572.29  -1595.76  
Period   4 -1697.1  -1800.44  -1705.54  -1738.47  -1527.13  -1796.02  
Period   5 -1689.2  -1529.84  -1685.37  -1756.68  -1566.59  -1789.69  
SCENARIO 8
UNDS0
Period   0 3597.02  2614.05  2887.84  2695.01  1667.06  1795.62  
Period   1 1535.56  2131.23  5673.68  3215.12  183.515  3814.77  
Period   2 3690.42  2629.92  1790.77  6481.69  4623.91  819.359  
Period   3 5918.71  6130.81  4602.92  3499.7  4420.75  3473.04  
Period   4 2281.56  7995.82  6264.62  5322.21  2171.56  7479.55  
Period   5 2271.52  6759.93  4612.58  5368.99  2403  3406.38  
UNDS1
Period   0 -1587.84  -2005.77  -1588.17  -1913.39  -1640.99  -1650.83  
Period   1 -2467.34  -2400.8  -1717.67  -2066.79  -1925.05  -1311.1  
Period   2 -1195.99  -1800.92  -1431.9  -1436.13  -1321.7  -1560.25  
Period   3 -1697.85  -1705.14  -1707.11  -1788.46  -1537.15  -1675.3  
Period   4 -1872.04  -1526.2  -1851.16  -1874.96  -1834.27  -1607.27  
Period   5 -1796.76  -1685.6  -1580.38  -1895.92  -1594.14  -1793.79  
SCENARIO 9
UNDS0
Period   0 1287.46  1960.76  2337.7  3760.11  2733.32  3917.7  
Period   1 2667.52  3950.59  4203.9  1157.24  4019.03  3296.15  
Period   2 2522.71  5665.33  3346.74  2920.01  862.649  4050.24  
Period   3 7601.2  3319.01  2536.44  2567.13  2158.54  4555.3  
Period   4 4283.42  3150.08  3167.96  7431.57  5034  3206.86  
Period   5 3665.37  5104.62  6848.48  6465.86  6685.73  3089.16  
UNDS1
Period   0 -2012.91  -1516.52  -1632.43  -1949.59  -1892.72  -1502.48  
Period   1 -2065.88  -1858.33  -1882  -1807.73  -1301.27  -2494.76  
Period   2 -1600.29  -1491.77  -1188.65  -1500.8  -1684.97  -1678.39  
Period   3 -1590.88  -1841.95  -1605.91  -1575.01  -1660.94  -1789.15  
Period   4 -1613.91  -1561.51  -1627.17  -1829.2  -1832.28  -1775.78  
Period   5 -1925.93  -1555.65  -1497.99  -1657.59  -1904.75  -1625.62  
SCENARIO 10
UNDS0
Period   0 1201.06  1293.88  2839.72  1507.84  3833.79  1378.85  
Period   1 4282.72  53.2124  1218.77  2921.67  2361.07  4059.54  
Period   2 3518.28  3925.6  6591.66  2624.42  1087.79  1321.24  
Period   3 6804.24  3067.5  5497.54  2948.79  3832.89  2573.61  
Period   4 3121.91  5714.28  4640.82  6552.12  4984.94  7516.47  
Period   5 2527.18  5577.23  4965.44  3120.78  3076.18  4385.58  
UNDS1
Period   0 -1828.58  -2032.05  -1718.43  -1627.17  -1902.33  -1678.59  
Period   1 -2260.6  -2572.93  -1780.19  -1992.45  -2297.6  -1222.24  
Period   2 -1304.19  -1517.02  -1188.94  -1249.54  -1372.73  -1690.69  
Period   3 -1745.39  -1806  -1641.5  -1501.77  -1847.52  -1732.01  
Period   4 -1526.47  -1550.92  -1537.66  -1769.89  -1563.66  -1853.96  
Period   5 -1860.73  -1664.96  -1696.82  -1700.55  -1977.76  -1964.75  
SCENARIO 11
UNDS0
Period   0 2418.3  3486.89  2069.43  2624.43  1600.6  2613.37  
Period   1 1144.1  2746.41  2706.47  2526.26  603.068  4969.3  
Period   2 4331.29  6551.05  3578.45  3224.56  1366.95  957.162  
Period   3 5839.3  1947.52  5458.89  5426.85  1708.34  4779.31  
Period   4 2340.36  3795.47  3945.44  3982.1  5297.53  5939.17  
Period   5 5303.12  7071.43  4019.62  4583.45  6163.9  5274.86  
UNDS1
Period   0 -1643.25  -1905.79  -1504.27  -1857.61  -1747.11  -1626.46  
Period   1 -2209.56  -1683.31  -2532.4  -1685.8  -1789.21  -2571.79  
Period   2 -1337.38  -1570.29  -1596.13  -1396.11  -1838.34  -1855.04  
Period   3 -1778.88  -1864.23  -1827.68  -1666.17  -1772.59  -1749.71  
Period   4 -1722.27  -1704.09  -1685.71  -1852.16  -1714.99  -1867.43  
Period   5 -1558.77  -1929.68  -1734.31  -1512.36  -1525.24  -1717.61  
SCENARIO 12
UNDS0
Period   0 3076.9  1931.35  4068.85  3347.21  1768.13  1976.25  
Period   1 4327.18  3038.2  1850.01  354.825  4299.57  3927.96  
Period   2 4901.33  3694.65  1201.16  6136.4  1453.91  2588.64  
Period   3 2889.05  7193.32  5640.56  3383.72  6735.23  6398.63  
Period   4 4104.56  3347.86  6895.33  4773.29  6222.13  5164.7  
Period   5 1934.92  3099.29  5031.29  5601.78  3911.21  7019.15  
UNDS1
Period   0 -1533.51  -1678.32  -2041.52  -1890.75  -1785.36  -1781.72  
Period   1 -2063.66  -2683.33  -2009.88  -2031.19  -1555.08  -1259.78  
Period   2 -1669.66  -1682.63  -1333.06  -1747.84  -1561.25  -1724.19  
Period   3 -1878.67  -1545.31  -1818.07  -1683.76  -1581.94  -1717.87  
Period   4 -1708.24  -1816.53  -1842.95  -1680.2  -1763.83  -1603.44  
Period   5 -1690.42  -1849.44  -1894.62  -1722.12  -1626.05  -1617.45  
SCENARIO 13
UNDS0
Period   0 1852.83  2129.13  3944.02  3585.47  1934.09  3546.48  
Period   1 4899.2  95.3069  1207.44  5663.63  1839.99  3795.76  
Period   2 1337.57  1308.68  4199.64  6256.77  4488.35  2361.54  
Period   3 4888.88  7580.69  4139.52  7080.14  5495.55  7212.75  
Period   4 6044.75  7880.94  6245.71  1953.28  5969.03  6877.88  
Period   5 6814.91  2034.99  2986.46  4956.96  5588.26  5278.86  
UNDS1
Period   0 -1910.98  -1859.89  -1975.86  -1980.48  -1704.92  -1910.34  
Period   1 -2025.73  -1255.42  -2013.1  -1903.53  -1714.23  -1713.71  
Period   2 -1343.58  -1388.75  -1649.46  -1854.42  -1422.42  -1754.51  
Period   3 -1714.13  -1706.66  -1529.96  -1889.3  -1533.86  -1864.18  
Period   4 -1799.39  -1763.02  -1649.46  -1775.96  -1662.56  -1490.17  
Period   5 -1723.16  -1856.63  -1561.44  -1567.76  -1858.74  -1814.11  
SCENARIO 14
UNDS0
Period   0 2086.03  3414.98  1469.57  3719.05  4013.47  1446.75  
Period   1 4131.53  6175.69  3068.56  4558.03  4091.63  6289.07  
Period   2 4013.83  5283.4  4619.14  1531.23  2460.16  1290.89  
Period   3 5970.49  2717.06  4739.47  6658.82  7660.97  7406.09  
Period   4 3299.53  6811.17  2577.11  7416.6  2602.06  4816.25  
Period   5 2230.68  3629.96  4003.82  6258.95  4231.54  4782.41  
UNDS1
Period   0 -1839.02  -1975.04  -1618.18  -1924.33  -1693.49  -1769.37  
Period   1 -1552.4  -2085.27  -1315.8  -1570.74  -1257.14  -2326.63  
Period   2 -1764.65  -1342.49  -1803.35  -1189.75  -1397.48  -1288.33  
Period   3 -1853.56  -1533.12  -1666.87  -1735.31  -1664.74  -1872.24  
Period   4 -1545.44  -1497.38  -1703.47  -1553.23  -1741.85  -1685.04  
Period   5 -1658.96  -1951.73  -1624.66  -1972.91  -1733.33  -1687.21  
SCENARIO 15
UNDS0
Period   0 2177.91  3380.61  1564.99  3008.14  2916.89  3154.15  
Period   1 1677.73  6088.09  284.506  1701.68  4831.57  5884.07  
Period   2 2232.43  1498.54  3410.17  2647.09  4858  4858.62  
Period   3 3727.21  2948.59  6065.31  6509.96  3947.19  4950.5  
Period   4 6273.86  7938.99  6405.9  5123.7  4730.75  5183.29  
Period   5 2001.8  2695.42  3620.46  6960.79  4106.41  5195.59  
UNDS1
Period   0 -1892.08  -1942.96  -1932.74  -2000.99  -1585.86  -1767.3  
Period   1 -2055.46  -1531.81  -1382.11  -2004.34  -2112.44  -1389.08  
Period   2 -1344.43  -1433.08  -1615.55  -1246.77  -1315.74  -1900.89  
Period   3 -1567.53  -1594.14  -1730.9  -1641.06  -1800.7  -1848.57  
Period   4 -1575.14  -1491.18  -1508.41  -1810.5  -1769.52  -1784.32  
Period   5 -1659.04  -1650.14  -1773.32  -1516.5  -1579.34  -1926.14  
SCENARIO 16
UNDS0
Period   0 3483.45  3965.15  1618.49  3816.36  3096.82  1238.04  
Period   1 6335.18  3013.68  3292.31  3597.46  5659.4  5360.74  
Period   2 4269.35  1675.02  1713.04  4571.74  1979.19  5869.22  
Period   3 4023.12  5464.24  6141.98  4225.01  6618.62  1676.01  
Period   4 6955.76  2432.17  3938.56  5294.35  5318.01  6904.81  
Period   5 2367.74  5730.56  2480.87  2888.84  2608.72  3261.5  
UNDS1
Period   0 -1665.3  -1791.03  -1767.19  -1786.71  -1936.81  -1668.09  
Period   1 -1959.74  -2427.5  -2470.66  -2411.5  -2606.9  -1918.6  
Period   2 -1285.02  -1668.64  -1496.3  -1780.45  -1227.57  -1886.46  
Period   3 -1592.79  -1534.84  -1642.05  -1788.24  -1541.44  -1832.7  
Period   4 -1537.93  -1841.81  -1491.78  -1779.84  -1906.87  -1892.99  
Period   5 -1563.65  -1787.74  -1687.88  -1604.09  -1502.48  -1880.59  
SCENARIO 17
UNDS0
Period   0 2735.81  1154.21  2586.52  1985.93  3584.18  4049.33  
Period   1 1458.19  1096.42  3187.8  602.559  5765.46  1753.04  
Period   2 4190.5  1988.05  5786.55  5119.05  1845.81  1096.36  
Period   3 5133.12  5133.72  3029.75  4581.37  5631.78  5164.03  
Period   4 2434.29  5540.27  5906.14  3084.63  6130.05  7670.6  
Period   5 5694.71  2027.2  6531.91  3274.76  7007.98  5969.08  
UNDS1
Period   0 -1615.12  -1709.14  -1719.28  -1733.29  -1526.67  -1988.56  
Period   1 -1834.61  -1324.73  -2662.77  -2101.83  -2510  -2629.06  
Period   2 -1276.28  -1478.41  -1551.83  -1603.59  -1289.28  -1810.15  
Period   3 -1803.56  -1630.74  -1655.24  -1870.17  -1621.68  -1527.21  
Period   4 -1893.66  -1717.24  -1648.93  -1703.4  -1754.89  -1878.77  
Period   5 -1964.48  -1880.24  -1748.3  -1672.26  -1894.24  -1509.42  
SCENARIO 18
UNDS0
Period   0 1481.56  4042.96  1737.03  3383.06  1554.2  2404.65  
Period   1 1210.06  4388.7  272.975  4391.78  4065.27  1480.1  
Period   2 2463.01  6669.17  3977.72  2799.41  2600.95  1387.4  
Period   3 4594.52  3595.91  4821.97  3750.08  4260.14  7637.28  
Period   4 2693.17  6540.5  5038.29  7260.04  7359.19  4447.43  
Period   5 6444.42  6328.82  3305.53  2792.34  2984  6826.45  
UNDS1
Period   0 -1728.43  -1847.31  -1686.59  -1828.44  -1810.58  -1820.19  
Period   1 -2384.82  -1631.25  -1293.63  -1458.37  -2567.04  -1289.3  
Period   2 -1827.5  -1857.89  -1801.05  -1420.59  -1783.26  -1652.55  
Period   3 -1625.54  -1733.68  -1645.98  -1821.3  -1871.61  -1845.17  
Period   4 -1516.01  -1843.02  -1601.07  -1740.99  -1597.22  -1740.58  
Period   5 -1957.67  -1975.08  -1566.1  -1767.73  -1529.77  -1940.4  
SCENARIO 19
UNDS0
Period   0 4151.63  3939.66  3762.71  2147.35  2041.61  1292.56  
Period   1 3285.62  4667.71  1136.66  4712.36  2550.97  4201.91  
Period   2 1590.19  2073.24  982.248  1103.81  6340.94  1146.32  
Period   3 3368.1  4112.72  3332.31  6524.54  3564.2  3464.28  
Period   4 4889.24  7558.19  6048.47  4518.29  2061.46  3190.03  
Period   5 6279.47  2032.6  4806.97  2245.49  6341.32  5417.26  
UNDS1
Period   0 -1848.98  -1997.14  -1794.48  -1859.24  -2012.04  -1741.44  
Period   1 -2427.28  -1515.81  -1712.96  -2428.19  -2201.2  -2551.4  
Period   2 -1250.23  -1861.07  -1818.44  -1695.56  -1184.74  -1383.12  
Period   3 -1660.57  -1680.66  -1588.36  -1502.62  -1461.8  -1762.96  
Period   4 -1786.2  -1878.8  -1733  -1749.59  -1711.87  -1550.71  
Period   5 -1613.5  -1809.64  -1586.85  -1918.75  -1939.58  -1781.65  
SCENARIO 20
UNDS0
Period   0 1652.16  3793.78  2214.87  4190.83  1275.78  2754.45  
Period   1 3340.07  2525.22  2149.43  2126.5  1124.28  275.403  
Period   2 2032.79  5853.44  6140.41  1463.75  2832.67  1125.63  
Period   3 4404.5  4174.46  7155.22  3530.26  2144.87  3066.06  
Period   4 6671.49  2742.02  6612.11  2479.34  5495.91  7993.72  
Period   5 2857.81  3353.63  5005.5  4906.43  3459.67  3735.65  
UNDS1
Period   0 -1967.68  -1866.15  -1924.1  -1610.84  -1545.2  -1836.6  
Period   1 -2582.66  -2406.13  -2331.12  -2671.53  -2583.7  -1264.23  
Period   2 -1582.83  -1244.27  -1894.8  -1185.57  -1251.17  -1388.26  
Period   3 -1809.08  -1618.19  -1853.75  -1625.5  -1761.19  -1493.99  
Period   4 -1715.56  -1537.2  -1864.39  -1898.92  -1489.06  -1604.54  
Period   5 -1825.67  -1698.44  -1842.74  -1961.05  -1958.33  -1675  
SCENARIO 21
UNDS0
Period   0 2024.56  2019.06  1243.69  2540.14  2666.83  4038.59  
Period   1 4873.13  3532.37  4038.85  3221.83  575.307  853.353  
Period   2 1277.09  5007.44  5385.72  6258.09  1317.43  849  
Period   3 4809.39  5445.01  2176.76  3620.21  6620.01  5614.65  
Period   4 4063.83  6121.51  3781.43  3630.8  6676.41  6010.59  
Period   5 1953.75  4132.12  2151.93  6071.51  5373.16  3627.35  
UNDS1
Period   0 -1707.05  -1647.61  -1750.01  -1678.84  -1636.95  -1908.52  
Period   1 -1647.59  -1336.01  -1538.58  -1799.69  -2264.22  -2124.11  
Period   2 -1400.2  -1336.42  -1499.13  -1544.03  -1615.74  -1260.01  
Period   3 -1867.5  -1721.99  -1556.67  -1773.92  -1748.12  -1789.23  
Period   4 -1651.81  -1906.47  -1595.79  -1741.21  -1863.07  -1822.26  
Period   5 -1925.99  -1609.52  -1718.84  -1689.9  -1750.44  -1606.09  
SCENARIO 22
UNDS0
Period   0 3860.47  2648.12  3576.78  2291.98  3172.79  1722.93  
Period   1 328.524  818.926  466.466  1597.86  566.576  3220.18  
Period   2 5510.27  1556.45  6363.75  4978.54  862.217  820.92  
Period   3 2318.91  2885.07  5980.89  5731.98  2184.19  4281.99  
Period   4 2651.95  6201.18  6000.59  7719.94  4004.41  7268.08  
Period   5 5299.82  3001.82  5795.48  6845.56  4932.57  6465.04  
UNDS1
Period   0 -1631.22  -1648.41  -1911.76  -1503.12  -1634.04  -1807.32  
Period   1 -1260.29  -1456.37  -1412.76  -2550.5  -2560.92  -1697.34  
Period   2 -1637.65  -1832.84  -1635.64  -1396.59  -1405.66  -1747.23  
Period   3 -1635.5  -1557.69  -1552.7  -1859.22  -1735.11  -1718.83  
Period   4 -1820.57  -1819.95  -1870.7  -1871.38  -1582.9  -1689.05  
Period   5 -1887.77  -1508.11  -1798.07  -1907.22  -1717.74  -1537.59  
SCENARIO 23
UNDS0
Period   0 1809.76  2044.73  3090.02  2900.76  2601.89  3716.02  
Period   1 971.811  2483.66  5004.36  38.4867  643.88  63.4868  
Period   2 2534.99  1970.4  2200.5  3120.95  3932.15  1888.92  
Period   3 2067.29  6678.6  4012.96  6334.38  2150.05  1978.66  
Period   4 2618.62  3765.09  6920.34  3663.07  3766.05  5878.92  
Period   5 5038.37  6690.09  6915  3072.18  4148.92  3380.94  
UNDS1
Period   0 -1656.36  -1995.16  -1621.19  -1860.13  -1801.91  -2013.23  
Period   1 -1723.71  -1789.32  -2526.33  -1886.85  -1314.47  -2176.09  
Period   2 -1767.97  -1520.76  -1710.65  -1176.41  -1323.52  -1281.71  
Period   3 -1683.22  -1503.56  -1561.52  -1838.43  -1722.85  -1627.77  
Period   4 -1792.47  -1558.37  -1891.46  -1492.23  -1624.33  -1635.95  
Period   5 -1777.78  -1620.2  -1766.89  -1616.74  -1689.21  -1661.31  
SCENARIO 24
UNDS0
Period   0 1284.15  2774.09  2079.02  3363.79  3495.44  3517.2  
Period   1 4457.17  3127.34  802.126  3800.06  832.969  6189.91  
Period   2 1344.88  1262.43  846.14  1007.5  3296.35  2996.05  
Period   3 5564.55  1983.06  5982.12  6361.96  4793.5  4458.14  
Period   4 2596.43  4720.18  5943.3  3703.48  2709.6  5207.55  
Period   5 2598.38  3812.88  2412.69  2513.04  2638.54  5012.85  
UNDS1
Period   0 -1948.73  -2032.95  -1933.18  -1782.4  -1865.86  -1801.88  
Period   1 -2222.38  -2189.58  -2367.78  -2559.95  -2318.54  -2007.56  
Period   2 -1254.28  -1527.45  -1392.41  -1557.3  -1499.81  -1878.85  
Period   3 -1814.36  -1525.11  -1802.43  -1482.95  -1860.68  -1525.2  
Period   4 -1523.32  -1495.39  -1610.29  -1544.95  -1742.51  -1799.93  
Period   5 -1834.84  -1537.52  -1907.16  -1694.92  -1683  -1582.64  
SCENARIO 25
UNDS0
Period   0 4162.6  2766.58  1628.34  3930.73  1799.07  1437.69  
Period   1 2539.52  120.887  473.567  5481.6  4378.21  5384.81  
Period   2 3174.09  5450.3  6598.73  2606.93  1069.44  1094.19  
Period   3 5348.17  5136.07  2457.09  4992.03  3864.34  7230.24  
Period   4 2931.26  5773.52  6751.92  2548.46  7475.11  5861.69  
Period   5 3724.04  5715.86  5464.79  3413.01  3429.57  3556.85  
UNDS1
Period   0 -1747.5  -1723.48  -1579.91  -1686.07  -1710.37  -2011.38  
Period   1 -2194.61  -1246.59  -2247.68  -1522.2  -2022.12  -1747.71  
Period   2 -1596.72  -1668.31  -1642.62  -1196.21  -1497.93  -1536.58  
Period   3 -1572.95  -1495.57  -1710.59  -1647.75  -1708.42  -1701.07  
Period   4 -1854.65  -1502.04  -1896.83  -1856.61  -1785.22  -1493.45  
Period   5 -1832.83  -1875.84  -1667.68  -1695.53  -1518.7  -1708.62  
SCENARIO 26
UNDS0
Period   0 4000.77  3470.4  2519.45  2377.77  1780.94  1220.19  
Period   1 4888.95  3238.41  4859.7  1101.06  4740.15  3385.77  
Period   2 5187.76  3953.65  1424.93  4827.84  2916.8  1267.24  
Period   3 4372.22  3551.05  2815.41  3821.99  2110.82  2355.14  
Period   4 7170.88  6568.09  3020.06  4007.52  2946.85  6127.24  
Period   5 5363.13  2231.47  6550.82  6618.41  4586.1  2444.22  
UNDS1
Period   0 -1651.95  -1987.05  -1956.87  -1824.19  -1512.7  -1672.51  
Period   1 -1892.27  -1958.87  -1688.07  -2007.71  -2633.97  -2377.01  
Period   2 -1315.24  -1606.29  -1359.36  -1826.03  -1816.96  -1548.17  
Period   3 -1667.03  -1845.77  -1753.2  -1739.03  -1657.77  -1768.41  
Period   4 -1739.57  -1769.42  -1732.76  -1798.31  -1831.19  -1678.12  
Period   5 -1863.35  -1954.61  -1978.73  -1980.3  -1535.04  -1922.53  
SCENARIO 27
UNDS0
Period   0 3126.47  3879.27  3991.1  3401.2  1231.13  1504.95  
Period   1 5895.02  6098.47  5085.81  5850.64  3695.32  963.283  
Period   2 3396.21  6122.2  2319.92  3397.5  3254.48  1255.6  
Period   3 2917.75  3677.05  1897.96  1727.4  6257.44  4995.46  
Period   4 6195.69  4122.01  6477.36  6839.02  6009.19  5527.83  
Period   5 4079.05  6541.57  3931.96  6382.37  6143.93  3493.91  
UNDS1
Period   0 -1865.89  -1673.56  -1589.84  -1662.13  -1603.99  -1819.99  
Period   1 -1434.33  -2660.7  -1944.11  -2681.74  -1752.88  -2113.74  
Period   2 -1212.07  -1176.35  -1581.2  -1758.79  -1860.77  -1447.16  
Period   3 -1519.22  -1496.41  -1621.12  -1525.26  -1740.55  -1618.62  
Period   4 -1488.38  -1519.2  -1812.95  -1791.24  -1633.08  -1636.21  
Period   5 -1691.6  -1783.37  -1798.57  -1501.45  -1918.96  -1757.55  
SCENARIO 28
UNDS0
Period   0 1177.92  3193.54  2405.45  3993.32  1670.71  2870.42  
Period   1 4644.96  2805.39  2370.32  2048.3  5385.98  5858.97  
Period   2 5131.96  6594.44  3754.26  1420.76  1082.72  826.024  
Period   3 7435.78  3585.05  3145  6994.11  7232.4  2189.84  
Period   4 3332.13  3897.3  4290.81  5258.88  2460  2664  
Period   5 5228.61  5856.56  2839.21  3525.8  2134.27  3402.73  
UNDS1
Period   0 -1640.58  -1861.24  -1849.23  -1813.57  -1675.32  -1895.92  
Period   1 -2123.19  -1972.37  -1765.11  -2354.33  -2655.91  -1318.09  
Period   2 -1241.43  -1872.04  -1321.54  -1193.44  -1361.38  -1408.05  
Period   3 -1542.42  -1699.26  -1728.34  -1801.59  -1627.13  -1849.55  
Period   4 -1665.4  -1678.21  -1684.49  -1681.95  -1791.57  -1626.58  
Period   5 -1866.67  -1949.1  -1766.94  -1671.07  -1876.95  -1917.22  
SCENARIO 29
UNDS0
Period   0 3593.79  2349.59  4156.92  3947.16  1134.57  1573.4  
Period   1 3428.25  4110.82  557.294  3940.19  5133.39  5117.74  
Period   2 6635.95  3412.19  1194.98  4931.46  2984.49  915.426  
Period   3 1612.7  3145.24  5739.8  1845.37  6359.17  5886.42  
Period   4 5318.48  7024.26  7566.3  8090.75  6844.71  2451.08  
Period   5 5154.88  2119.64  2616.92  6700.97  3032.57  2226.67  
UNDS1
Period   0 -1941.02  -1830.32  -2018.94  -1971.24  -1982.78  -1583  
Period   1 -1781.15  -2675.09  -1305.79  -1402.35  -2166.45  -1383.22  
Period   2 -1605.47  -1526.93  -1187.71  -1681.82  -1215.94  -1615.83  
Period   3 -1601.45  -1719.98  -1466.64  -1796.84  -1562.44  -1655.67  
Period   4 -1765.69  -1787.02  -1628.91  -1751.19  -1804.55  -1886.32  
Period   5 -1843.64  -1588.85  -1654.66  -1683.59  -1729.5  -1836.12  
SCENARIO 30
UNDS0
Period   0 2375.94  1810.2  2968.18  2435.52  3426.61  3346  
Period   1 3734.61  5517.24  3531.47  4365.51  3734.85  3694.17  
Period   2 3819.74  5531.61  1287.3  1785.83  5045.46  1966.65  
Period   3 7676.17  7647.8  3698.11  7138.14  7521.8  2219.35  
Period   4 4117.27  5804.95  7573.88  7646.01  4810.05  5781.48  
Period   5 4049.82  4112.98  3032.21  4643.82  2553.4  3088.66  
UNDS1
Period   0 -1870.62  -1545.4  -1638.95  -1981.75  -1607.43  -1514.67  
Period   1 -1667.4  -2102.29  -2673.33  -2646.52  -1447.64  -2030.25  
Period   2 -1232.87  -1754.53  -1343.09  -1255.78  -1873.41  -1219.7  
Period   3 -1730.55  -1861.28  -1589.47  -1834.22  -1578.59  -1671.81  
Period   4 -1812.9  -1542.94  -1794.1  -1568.48  -1624.44  -1554.3  
Period   5 -1754.24  -1538.5  -1682.4  -1583.74  -1872.66  -1666.45  
SCENARIO 31
UNDS0
Period   0 1649.08  3901.14  3671.89  1963.53  3477.46  2449.2  
Period   1 5980.66  4373.1  690.489  4587.72  1166.26  4997.64  
Period   2 1384.66  4707.34  3689.61  5229.76  1474.16  1368.92  
Period   3 7054.53  5026.45  2114.36  5521.38  1773.83  5826.39  
Period   4 5466.69  5980.14  6843.97  7078.43  3896.42  6742.08  
Period   5 2830.71  5671.96  3662.57  2040.96  2992.76  6856.11  
UNDS1
Period   0 -1758.87  -1966.44  -1538.85  -1926.15  -1692.92  -1969.57  
Period   1 -2538.42  -1406.19  -2112.92  -1380.4  -2607.42  -2678.38  
Period   2 -1539.46  -1398.14  -1590.11  -1307.53  -1178.09  -1474.19  
Period   3 -1543.08  -1695.11  -1684.07  -1577.03  -1507.24  -1648.9  
Period   4 -1849.33  -1720.72  -1743.3  -1686.32  -1517.63  -1669.43  
Period   5 -1538.08  -1673.96  -1638.26  -1696  -1685.04  -1735.96  
SCENARIO 32
UNDS0
Period   0 2164.19  3202.13  4001.68  1516.07  1486.8  1877.58  
Period   1 4675.75  2120.67  4137.46  1174.18  5332.17  3809.42  
Period   2 3149.87  5368.38  5223.95  2162.77  2967.43  926.305  
Period   3 3499.25  7104.43  4924.02  4453.28  7570.6  5058.11  
Period   4 5415.57  3645.47  4014.71  2917.33  5864.62  6358.16  
Period   5 3775.31  2906.86  5833.85  2623.57  4052.28  2454.82  
UNDS1
Period   0 -1768.76  -1874.2  -1656.37  -1878.66  -1502  -2039.93  
Period   1 -2205.72  -2484.56  -1455.59  -1593.59  -1600.8  -2433.97  
Period   2 -1209.68  -1430.51  -1881.23  -1319.17  -1644.62  -1526.5  
Period   3 -1607.51  -1855.85  -1772.38  -1592.49  -1794.49  -1519.97  
Period   4 -1608.44  -1715.86  -1644.79  -1533.66  -1659.05  -1707.15  
Period   5 -1664.36  -1829.93  -1965.45  -1899.83  -1817.47  -1714.13  
SCENARIO 33
UNDS0
Period   0 2499.16  1873.6  1846.81  2269.65  3316.64  1417.26  
Period   1 5479.57  6316.27  1801.65  1621.31  4678.73  2675.43  
Period   2 1612.8  3376.4  5736.66  5120.49  1167.8  1677.4  
Period   3 5146.9  3330.58  3770.17  6762.63  6501.91  2285.71  
Period   4 5124.2  4952.35  5033.4  6924.71  7513.11  7740.76  
Period   5 3736.34  6031.23  4237.11  2041.96  6910.36  6888.43  
UNDS1
Period   0 -2018.67  -1855.86  -1501.87  -2016.05  -1937.09  -1705.68  
Period   1 -1706.62  -1255.21  -1825.27  -1670.91  -1694.86  -1755.02  
Period   2 -1641.59  -1758.25  -1452.81  -1752.37  -1313.82  -1275.82  
Period   3 -1885.81  -1519.75  -1857.86  -1582.22  -1472.48  -1885.42  
Period   4 -1633.54  -1749.75  -1809.98  -1775.53  -1737.64  -1697.82  
Period   5 -1928.87  -1630.59  -1856.94  -1637.58  -1862.14  -1926.91  
SCENARIO 34
UNDS0
Period   0 2128.16  3581.9  1571.93  2125.44  2178.82  2382.45  
Period   1 778.614  2106.72  5658.58  3938.64  603.382  2009.01  
Period   2 6287.24  5424.68  2870.15  2890.41  848.706  1326.04  
Period   3 3622.72  5974.14  6062.99  6024.65  6427.03  5464.79  
Period   4 5387.4  5971.67  6291.83  2552.86  7619.25  2634.23  
Period   5 2184.92  4791.61  3479.04  4328.21  2140.2  5766.74  
UNDS1
Period   0 -1933.61  -1991.23  -1642.25  -1599.55  -1641.37  -1739.17  
Period   1 -1396.77  -1260.48  -1831.17  -2385.07  -2583.79  -1362.97  
Period   2 -1232.57  -1369.19  -1321.67  -1329.25  -1696.26  -1668.72  
Period   3 -1658.98  -1500.9  -1468.17  -1844.58  -1584.57  -1829.62  
Period   4 -1554.75  -1816.92  -1725.13  -1852.29  -1709.44  -1877.97  
Period   5 -1713.35  -1944.83  -1856.62  -1695.65  -1620.84  -1518.69  
SCENARIO 35
UNDS0
Period   0 2662.05  1474.62  3105.11  3752.27  2054.01  3648.91  
Period   1 887.838  3021.03  3043.67  4304.66  2319.74  1049.64  
Period   2 5449.87  5319.07  5403.75  1168.99  1574.36  1006.33  
Period   3 2327.72  5982.43  1633.65  2773.96  4971.01  5121.57  
Period   4 3825.24  2824.66  7912.22  4826.24  8177.78  4569.75  
Period   5 3390.43  3958.49  6064.27  4244.9  6559.78  5146.33  
UNDS1
Period   0 -1710.35  -1731.13  -1551.26  -1607.45  -1518.1  -1914.49  
Period   1 -1880.1  -1501.89  -1616.51  -1655.04  -1839.51  -2182.34  
Period   2 -1885.65  -1889.47  -1579.33  -1622.67  -1433.86  -1673.24  
Period   3 -1668.69  -1835.93  -1733.09  -1705.78  -1488.78  -1571.28  
Period   4 -1558.71  -1903.16  -1550.5  -1488.26  -1750.64  -1788.86  
Period   5 -1697.4  -1512.05  -1560.15  -1601.9  -1560.73  -1958.99  
SCENARIO 36
UNDS0
Period   0 3172.24  1577.25  1741.01  2302.61  3126.94  3946.1  
Period   1 461.13  3223.75  2603.05  2942.36  4268.36  759.469  
Period   2 6308.98  4337.38  5584.61  2046.54  907.807  817.434  
Period   3 6191.85  5472.88  4085.69  5899.14  7525.07  1989.54  
Period   4 8223.04  6512.36  7430.54  1921.65  4388.86  7397.77  
Period   5 4264.66  7027.08  3182.77  2907.08  5979  3649.48  
UNDS1
Period   0 -1551.92  -1701.03  -1534.77  -1536.72  -1732.14  -2033.02  
Period   1 -1806.99  -2507.93  -2468.79  -2458.62  -1364.54  -1591.56  
Period   2 -1576.51  -1830.99  -1754.71  -1820.52  -1249.38  -1220.67  
Period   3 -1564.28  -1677.72  -1512.42  -1820.44  -1770.88  -1523.7  
Period   4 -1624.36  -1767.59  -1628.11  -1685.75  -1855.51  -1719.98  
Period   5 -1788.71  -1833.95  -1853.57  -1913.34  -1636.73  -1834.1  
SCENARIO 37
UNDS0
Period   0 1978.49  3744.05  3878.22  2347.86  3662.39  1747.01  
Period   1 2496.17  2621.81  3186.58  4922.67  4446.75  2323.87  
Period   2 5722.78  4583.45  4396.82  3406.22  1024.57  954.089  
Period   3 3521.46  4063.36  4329.83  7263.7  5925.53  4215.51  
Period   4 7560.19  7075.56  6513.48  4158.97  2019.12  4047.53  
Period   5 5408.84  3594.29  4180.25  2404.28  4176.66  5645.3  
UNDS1
Period   0 -1977.17  -2038.61  -1589.77  -1814.27  -1861.77  -1541.59  
Period   1 -2325.62  -2596.12  -2183.72  -1371.87  -2135.22  -2011.9  
Period   2 -1506.49  -1658.81  -1495.3  -1596.47  -1616.25  -1745.87  
Period   3 -1721.93  -1852.04  -1671.22  -1786.76  -1609.72  -1699.18  
Period   4 -1507.73  -1725.75  -1603.73  -1731.87  -1739.07  -1721.74  
Period   5 -1580.14  -1913.57  -1922.82  -1983.85  -1959.11  -1620.73  
SCENARIO 38
UNDS0
Period   0 1361.17  4052.35  1608.08  3918.63  2105.08  1330.05  
Period   1 1931.05  3284.29  74.7584  577.935  3455.39  205.59  
Period   2 1362.7  1494.72  1664.44  1684.54  4523.73  5831.08  
Period   3 6827.79  3025.18  7540.17  7162.55  5039.2  5930.33  
Period   4 8279.84  8022  5442.67  4127.94  5198.93  4874.02  
Period   5 3619.55  4955.31  4136.01  4064.63  4457.39  6969.41  
UNDS1
Period   0 -2002.71  -2038.53  -1549.2  -1728.25  -2006.27  -1629.39  
Period   1 -2046.25  -1590.53  -1472.03  -2281.62  -2107.51  -1312.71  
Period   2 -1457.76  -1316.45  -1308.37  -1532.39  -1259.15  -1688.35  
Period   3 -1491.38  -1826.78  -1811.62  -1464.59  -1782.29  -1770.19  
Period   4 -1530.01  -1794.36  -1657.9  -1578.31  -1695.49  -1881.55  
Period   5 -1687.76  -1639.95  -1586.26  -1681.76  -1727.51  -1619.11  
SCENARIO 39
UNDS0
Period   0 1726.43  2166.74  2507.07  3324.83  2426.52  2478.43  
Period   1 6182.74  1158.88  3968.35  3844.56  4450.5  2690.97  
Period   2 5048.97  865.223  2846.68  2537.73  3850.24  3459.52  
Period   3 4951.51  5830.45  2470.27  6164.57  4984.75  4252.59  
Period   4 6346.74  7474.81  4629.32  2514.73  7252.13  7383.39  
Period   5 5703.21  3505.97  3772.16  4386.77  4261.9  4914.2  
UNDS1
Period   0 -1827.6  -1869.36  -1611.49  -2029.54  -1634.42  -1741.62  
Period   1 -2054.94  -1548.56  -1667.45  -2254.77  -1297.63  -1624.86  
Period   2 -1333.43  -1498.01  -1390.7  -1366.3  -1824.86  -1743.14  
Period   3 -1725.47  -1513.02  -1638.54  -1730  -1695.43  -1752.88  
Period   4 -1885.95  -1635.1  -1811.05  -1508.54  -1556.76  -1698.15  
Period   5 -1981.13  -1935.27  -1564.5  -1518.81  -1950.46  -1534.33  
SCENARIO 40
UNDS0
Period   0 3174.03  2265.54  2650.66  2541.13  1775.78  2297.64  
Period   1 3658.34  6097.98  782.011  1428.42  4295.46  5773.16  
Period   2 4337.55  863.005  1130.26  4733.88  1132.42  6331.55  
Period   3 2445.5  1605.55  1621.65  1513.72  4198.09  1652.55  
Period   4 7226.22  5773.71  5851.3  2553.42  5228.83  4389.45  
Period   5 6392.11  2802.44  2408.03  5050.99  6621.87  5109.04  
UNDS1
Period   0 -1982.18  -1890.5  -1755.07  -1900.48  -1962.67  -1897.4  
Period   1 -1865.08  -2190.67  -2681.01  -1626.93  -1560.19  -1285.48  
Period   2 -1286.48  -1825.93  -1236.88  -1266.95  -1185.8  -1703.88  
Period   3 -1675.64  -1781.23  -1776.74  -1565.66  -1850.56  -1545.97  
Period   4 -1693.81  -1805.71  -1661.15  -1761.04  -1586.7  -1598.98  
Period   5 -1948.06  -1854.95  -1663.79  -1552.07  -1734.84  -1606.83  
SCENARIO 41
UNDS0
Period   0 1630.25  2002.63  4009.53  1556.17  2930.5  2520.72  
Period   1 2820.06  4670.24  6028.28  5034.05  4197.85  4599.77  
Period   2 3466.48  2430.04  5754.21  897.079  3942.48  1871.93  
Period   3 4934.1  4842.37  5716.41  3601.21  3776.58  6684.64  
Period   4 3431.46  5068.26  5605.11  7299.58  7448.08  7728.84  
Period   5 4015.24  4808.3  2485.6  3807.26  4208  5996.31  
UNDS1
Period   0 -1875.47  -1868.92  -1819.27  -1726.72  -1579.39  -1995.15  
Period   1 -2094.13  -2580.16  -2113.92  -1310.94  -2157.64  -1909.11  
Period   2 -1802.35  -1423.18  -1715.06  -1439.93  -1841.26  -1471.72  
Period   3 -1708.4  -1464.65  -1782.85  -1537.14  -1765.43  -1628.15  
Period   4 -1728.66  -1596.03  -1857.03  -1688.44  -1699.18  -1604.52  
Period   5 -1641.78  -1928.45  -1869.15  -1653.5  -1603.13  -1636.1  
SCENARIO 42
UNDS0
Period   0 1329.68  3191.74  2321.04  3165.65  1110.52  2565.75  
Period   1 1412.33  367.053  8.32366  2407.05  1210.75  3998.09  
Period   2 1640.66  1474.36  2381.65  3948.65  1831.86  4662.12  
Period   3 2359.62  7431.51  5213.09  7423.9  7086.56  6600.72  
Period   4 7912.03  7699.39  3315.58  2828.38  4989.1  4308.59  
Period   5 3855.26  5447.26  4623.66  4673.24  3277.34  5620.91  
UNDS1
Period   0 -2004.2  -1584.6  -1799.87  -2039.8  -1945.62  -1659.62  
Period   1 -2649.35  -1597.67  -1283.71  -1337.59  -2054.47  -1834.39  
Period   2 -1204.3  -1889.26  -1349.31  -1294.88  -1899.12  -1469.71  
Period   3 -1599.99  -1775.29  -1588.78  -1757.81  -1615.09  -1891.61  
Period   4 -1675.14  -1704.72  -1815.49  -1836.34  -1582.72  -1749.56  
Period   5 -1876.79  -1736.64  -1806.62  -1509.35  -1551.13  -1906.39  
SCENARIO 43
UNDS0
Period   0 3754.77  3787.55  2347.54  3353.5  1722.25  1648.4  
Period   1 3895.27  4352.83  5825.25  2325.62  5818.23  1891.53  
Period   2 4290.41  3520.25  2762.17  4873.01  3405.4  868.208  
Period   3 4242.87  1971.03  7107  5162.75  1705.71  4496.36  
Period   4 5307.53  7072.48  6485.58  8081.42  3047.53  2462.01  
Period   5 3649.97  5530.7  2876.11  4364.56  3574.02  2462.91  
UNDS1
Period   0 -1817.9  -1920.62  -1737.54  -1806.62  -2015.1  -1937.12  
Period   1 -1874.85  -2529.1  -2283.58  -2120.39  -2332.57  -2564.8  
Period   2 -1727.43  -1501  -1792.22  -1891.85  -1208.05  -1178.84  
Period   3 -1489.41  -1461.93  -1540  -1616.06  -1579.68  -1823.29  
Period   4 -1833.26  -1602.66  -1755.75  -1581.29  -1827.81  -1824.3  
Period   5 -1988.23  -1939.14  -1833.37  -1876.78  -1645.11  -1799.96  
SCENARIO 44
UNDS0
Period   0 3038.29  3281.97  2783.49  2145.91  2461.02  3549.93  
Period   1 1839.53  5163.23  3210.62  3443.52  4873.9  5168.94  
Period   2 5298.21  1492.27  4198.73  2569.17  4494.66  1271.73  
Period   3 5502.31  6078.18  2263.96  6427.57  4627.27  6396.22  
Period   4 4122.47  4561.09  2489.75  7628.01  2846.24  6286.13  
Period   5 2930.48  2084.97  5395.81  6442.49  4143.86  4893.56  
UNDS1
Period   0 -1656.56  -2002.08  -1899.57  -1671.45  -2036.74  -1589.07  
Period   1 -1904.92  -2024.97  -2276.85  -1514.56  -1296.13  -2142.8  
Period   2 -1244.44  -1327.86  -1618.54  -1461.83  -1886.38  -1893.14  
Period   3 -1603.71  -1750.73  -1532.02  -1622.23  -1473.91  -1808.7  
Period   4 -1883.18  -1683.83  -1717.97  -1903.15  -1662.47  -1685.97  
Period   5 -1651.49  -1782.2  -1635.38  -1742.09  -1669.47  -1580.65  
SCENARIO 45
UNDS0
Period   0 3353.44  2568.27  2258.93  2114.15  2902.9  3748.45  
Period   1 743.158  6169.54  368.988  2377.93  6270.5  2147  
Period   2 2480.46  3748.38  4310.35  4367.24  4257.6  875.123  
Period   3 2651.83  4144.21  2696.85  4686.64  3618.19  4662.4  
Period   4 7870.55  2109.17  4400.27  2976.29  3648.59  7016.12  
Period   5 2690.12  6233.05  3964.97  5237.02  3848.56  2652.7  
UNDS1
Period   0 -1969.35  -1994.02  -1800.58  -1629.33  -1991.34  -1813.29  
Period   1 -1783.82  -1405.23  -2671.6  -1477.7  -1844.66  -2402.4  
Period   2 -1329.42  -1702.06  -1733.09  -1511.99  -1578.24  -1875.09  
Period   3 -1647.86  -1557.3  -1867.58  -1859.45  -1679.47  -1607.69  
Period   4 -1637.34  -1719.86  -1814.17  -1662.7  -1555.55  -1769.74  
Period   5 -1511.75  -1850.63  -1573.02  -1975.56  -1740.23  -1822.34  
SCENARIO 46
UNDS0
Period   0 1964.51  3959.83  3414.51  1718.3  1834.48  3734.37  
Period   1 6127.01  3906.81  3969.66  5193.96  3841.68  2396.41  
Period   2 1818.37  1116.96  1333.05  6262.19  2306.05  6010.28  
Period   3 6823.14  1706.86  7148.62  7468.78  5837.73  5648.56  
Period   4 6541.17  2392.34  3371.27  3199.72  5586.74  2629.6  
Period   5 6115.27  4536.98  3999.99  3836.36  7039.88  5589.58  
UNDS1
Period   0 -1992.18  -1781.04  -1863.94  -1917.8  -1758.17  -1571.71  
Period   1 -2598.61  -1477.18  -1620.48  -2194.53  -1869.22  -2574.02  
Period   2 -1519.01  -1609.32  -1300.11  -1680.63  -1279.16  -1574.91  
Period   3 -1552.84  -1715.29  -1756.66  -1740.83  -1698.54  -1881.71  
Period   4 -1591.18  -1874.27  -1860.95  -1680.28  -1861  -1748.34  
Period   5 -1856.23  -1906.91  -1731.08  -1731.86  -1510.98  -1650.49  
SCENARIO 47
UNDS0
Period   0 3302.27  3237.46  2066.77  2004.91  2003.52  2595.08  
Period   1 5442.29  5187.53  5834.54  6319.28  4091.37  193.65  
Period   2 2306.68  1913.84  1323.13  4342.03  5745.71  2423.55  
Period   3 5125.26  5200.28  7378.27  3743.21  1878.38  2854.65  
Period   4 5641.7  4660.2  3724.69  5045.81  7197.49  6461.46  
Period   5 2893.13  2675.9  4201.16  2413.74  3945.74  4779.31  
UNDS1
Period   0 -1583.16  -1769.49  -1666.29  -1869.92  -1926.88  -1708.76  
Period   1 -2219.91  -1790.7  -2490.95  -2046.61  -1700.23  -2008.2  
Period   2 -1488.7  -1280.55  -1780.86  -1255.46  -1796.96  -1223.36  
Period   3 -1688.21  -1836.72  -1501.34  -1835.8  -1655.29  -1658.77  
Period   4 -1893.26  -1669.62  -1884.47  -1651.07  -1568.99  -1725.03  
Period   5 -1767.07  -1755.64  -1800.83  -1714.04  -1600.88  -1576.77  
SCENARIO 48
UNDS0
Period   0 2229.29  4089.93  2750.28  3507.15  2966.92  1245.82  
Period   1 5577.45  1604.82  2103.61  5733.43  4160.76  1924.71  
Period   2 6551.53  6447.49  1096.35  3089.13  1572.22  1288.02  
Period   3 4066.1  3862.31  3416.65  6474.52  3135.77  5361.26  
Period   4 6756.1  3065.51  8269.38  7381.77  3094.06  4090.93  
Period   5 5961.96  2839.57  2918.15  2734.05  7060.27  5751.24  
UNDS1
Period   0 -1596.66  -1955.82  -1806.59  -1953.24  -1637.42  -1824.96  
Period   1 -1954.82  -1824.49  -1497.97  -1750.08  -2163.43  -2594.31  
Period   2 -1851.14  -1636.41  -1474.14  -1617.28  -1241.71  -1399.44  
Period   3 -1810.33  -1584.4  -1707.12  -1617.25  -1570.09  -1572.06  
Period   4 -1890.64  -1583.43  -1509.66  -1872.94  -1586.37  -1723.83  
Period   5 -1714.28  -1669.93  -1898.5  -1834.05  -1744.19  -1688.09  
SCENARIO 49
UNDS0
Period   0 2705.32  3946.45  4182.15  4102.43  1325.38  1126.08  
Period   1 6159.39  1320.89  4345.22  4293.92  2582.41  4161.06  
Period   2 6316.38  4778.57  3583.43  1784.76  1272.13  1561.84  
Period   3 3957  6357.93  5871.48  6296.41  4963.07  5050.06  
Period   4 6742.44  5798.17  8271.08  7956.46  6454.08  1979.99  
Period   5 4682.35  2914.09  6912.12  6745.71  2501.25  6068.9  
UNDS1
Period   0 -2013.59  -2027.26  -1873.15  -2040.75  -1685.89  -1583.52  
Period   1 -1906.86  -2038.28  -1362.34  -1730.15  -1892.76  -1311.49  
Period   2 -1589.92  -1810.37  -1509.32  -1821.24  -1385.72  -1448.18  
Period   3 -1886.93  -1856.99  -1547.7  -1851.94  -1832.5  -1523.1  
Period   4 -1706.15  -1630.32  -1799.23  -1609.72  -1752.08  -1530.06  
Period   5 -1663.71  -1919.04  -1905.49  -1698.66  -1851.86  -1583.01 
