NBScenarios 50
SCENARIO 0
UNDS0
Period   0 3625.64  1519.98  3907.95  3688.53  1412.12  3178.97  
Period   1 5845.61  1414.62  4047.1  1972.27  624.259  3502.21  
Period   2 2443.14  1911.45  4026.6  6658  4113.75  946.54  
Period   3 7482.31  7499.71  2477.2  6000.2  7517.68  5643.13  
Period   4 8025.87  2603.12  5006.4  7007.88  7021.8  3603.45  
Period   5 2637.81  1924.87  4093.16  2484.82  6661.82  5226.77  
UNDS1
Period   0 -6408.98  -6217.46  -6037.41  -7049.9  -6712.11  -6853.77  
Period   1 -10540.9  -8625.57  -5755.75  -9504.28  -5256.51  -6742.7  
Period   2 -5640.98  -6456.51  -5410.86  -5460.65  -5453.41  -6235.09  
Period   3 -6897.92  -6846.26  -6442.44  -7275.74  -7280.37  -7054.19  
Period   4 -6442.29  -6289.03  -7574.9  -7096.6  -7163.17  -6162.78  
Period   5 -7864.53  -7662.24  -7764.39  -6001.82  -6337.09  -6340.15  
SCENARIO 1
UNDS0
Period   0 3253.97  1488.07  2083.01  3467.63  4045.69  2062.36  
Period   1 220.455  4247.08  2807.96  805.738  2441.97  1345.34  
Period   2 5316.55  1102.18  5491.68  1010.98  1842.49  2654.06  
Period   3 4536.54  4339.53  4262.63  4522.93  5507.14  6422.64  
Period   4 6439.93  7793.6  6729.99  7068.2  3409.38  4694.08  
Period   5 5434.45  1914.66  5306.51  5595.66  2745.58  5248.6  
UNDS1
Period   0 -7904.32  -7155.7  -7061.67  -6449.61  -6036.85  -6894.21  
Period   1 -8748.57  -5593.22  -7307.99  -5996.67  -9434.35  -10646.4  
Period   2 -5429.72  -5225.89  -6874.89  -5227.07  -6144.22  -4879.79  
Period   3 -6367  -6862.56  -6035.1  -6844.39  -5916.77  -6571.38  
Period   4 -6709.11  -7362.85  -7395.5  -6348.74  -7377.57  -7241.73  
Period   5 -7449.24  -6364.06  -6303.17  -6012.72  -7455.58  -7301.97  
SCENARIO 2
UNDS0
Period   0 3624.28  2029.48  1854.93  1141.97  3980.72  1773.44  
Period   1 2239.9  5807.13  1258.21  5430.19  1606.94  6112.11  
Period   2 4434.66  5395.5  3592.4  5023.8  818.863  802.351  
Period   3 6651.14  6420.31  5128.64  5185.92  4908.29  6043.35  
Period   4 7770.04  6349.49  3729.37  6250.85  6746.08  3686.69  
Period   5 5819.39  4820.1  3878.32  2981.95  4852.67  4642.33  
UNDS1
Period   0 -8000.15  -7270.81  -8048.81  -7385.08  -6989.63  -6748.9  
Period   1 -6167.32  -8654.69  -5256.41  -5074.3  -9986.78  -9842.46  
Period   2 -5961.11  -6467.67  -6250.73  -6489.84  -7583.23  -5500.53  
Period   3 -6993.27  -6904.25  -7295.95  -5971.79  -6202.27  -6821.98  
Period   4 -7105.56  -6179.16  -6740.49  -6586.23  -7350.1  -7427.55  
Period   5 -6772.31  -7027.82  -7438.5  -7286.7  -6669.94  -6914.07  
SCENARIO 3
UNDS0
Period   0 3236.56  3319.91  3419.27  4163.98  1577.7  1519.74  
Period   1 536.457  5840.5  1465.45  3235.19  5845.36  3572.92  
Period   2 1699.03  3768.82  5672.32  3528.6  2862.51  1766.77  
Period   3 7676.04  4275.02  1984.69  6797.6  4244.61  5246.24  
Period   4 2582.58  5090.68  8056.15  8171.52  1929.66  2119.63  
Period   5 5929.53  6980.41  6149.98  3788.57  6417.21  3622.1  
UNDS1
Period   0 -7981.09  -7399.59  -7280.64  -6267.57  -7591.42  -8068.56  
Period   1 -6044.36  -6867.65  -8213.07  -6339.25  -5393.85  -9982.51  
Period   2 -7088.24  -4756.62  -6849.53  -7340.16  -7193.99  -6794.57  
Period   3 -7341.13  -6188.73  -6072.49  -7442.37  -6573.54  -6491.05  
Period   4 -6704.66  -7614.78  -7384.86  -6485.56  -6195.37  -6731.42  
Period   5 -6732.87  -7093.24  -7265.61  -7563.13  -6946.68  -7684.08  
SCENARIO 4
UNDS0
Period   0 2345.6  2285.23  1335.5  3463.51  1843.74  1225.46  
Period   1 789.241  1618.92  1177.01  3230.53  1535.7  5264.67  
Period   2 3261.88  6592.17  1092.96  5658.39  2510.29  855.631  
Period   3 7357.68  1797.25  4543.36  3036.66  4533.37  4873.15  
Period   4 4061.4  7581.45  7660.34  4100.57  4263.18  2112.92  
Period   5 2478.25  2746.94  5957.31  6462.29  3926.64  2993.57  
UNDS1
Period   0 -7631.8  -7562.8  -7271.47  -7074.83  -7954.4  -7630.71  
Period   1 -9974.62  -7866.65  -5209.11  -5133.27  -5126.26  -6915.6  
Period   2 -5942.52  -5411.55  -7443.78  -6350.18  -6934.07  -6007.55  
Period   3 -6965.52  -7484.6  -6155.71  -7018.55  -7549.91  -6875.85  
Period   4 -7556.1  -6102.3  -7344.49  -6269.11  -6537.93  -7194.46  
Period   5 -6517.36  -7700.1  -6682.38  -6985.83  -7069.16  -7211.47  
SCENARIO 5
UNDS0
Period   0 2795.73  3327.26  2018.59  1992.2  3408.55  2819.23  
Period   1 1209.31  5195.99  4395.36  2000.05  1174.47  2468.55  
Period   2 2974.06  2829.19  4491.15  5613.04  2822.79  1181.34  
Period   3 2002.98  3852.4  7262.19  4342.68  6309.42  3382.41  
Period   4 5015.47  7727.62  4689.49  5027.15  4759.42  6737.06  
Period   5 3493.02  2461.92  4544.25  3946.67  4556.01  6424.97  
UNDS1
Period   0 -6352.52  -7367.1  -6403.16  -6131.53  -6737.48  -6964.78  
Period   1 -8523.71  -9926.55  -5976.64  -9575.18  -7616.49  -5168.67  
Period   2 -6596.35  -4734.05  -4882.91  -6918.64  -5066.58  -7572.05  
Period   3 -6624.67  -6904.17  -6499.54  -6227.53  -6560.84  -6751.87  
Period   4 -7279.39  -6721  -7122.31  -7597.38  -6837.27  -6116.16  
Period   5 -7502.33  -7573.06  -6296.12  -6214.19  -7572.53  -7088.22  
SCENARIO 6
UNDS0
Period   0 1800.36  1558.27  1629.19  1842.46  1805.76  3578.92  
Period   1 2788.47  3027.3  1991.05  574.868  5909.63  4125.12  
Period   2 3338.22  4535.08  1890.42  4247.86  4861.49  1110.23  
Period   3 7574.44  3698.76  4220.99  5718.52  2188.94  5885.39  
Period   4 3551.61  2938.9  4515.81  2755.91  5707.33  4777.16  
Period   5 3263.5  2118.68  5034.78  6046.29  5598.32  2771.29  
UNDS1
Period   0 -7676.1  -6322.34  -7907.83  -7446.83  -7509.66  -6712.02  
Period   1 -8875.68  -8279.1  -8255.71  -6151.19  -7763.37  -10085.1  
Period   2 -7368.82  -4724.08  -6853.38  -7089.04  -5284.82  -5395.74  
Period   3 -7526.01  -7116.46  -5969.44  -7154.15  -6312.93  -7402.26  
Period   4 -6807.56  -7049.94  -6656.51  -7155.27  -7229.76  -6001.16  
Period   5 -7053.58  -7535.18  -6062.7  -6764.56  -6880.74  -7510.07  
SCENARIO 7
UNDS0
Period   0 2715.52  1688.71  1817.94  2344.87  2615.58  2381.2  
Period   1 3993.98  1088.97  4346.47  1913.93  2531.3  4073.4  
Period   2 2967.88  1694.29  6629.09  5338.53  870.58  2390.81  
Period   3 6988.04  7447.17  7162.38  1612.01  6436.34  4737.16  
Period   4 2531.76  6807.87  3575.98  3997.91  4046.28  2726.02  
Period   5 5434.59  3418.2  2610.08  6304.97  5650.38  3099.97  
UNDS1
Period   0 -7931.5  -7053.65  -6716.51  -8165.09  -7070.98  -8140.79  
Period   1 -6168  -9065.06  -6544.58  -10170.4  -5434.6  -8487.56  
Period   2 -5022.95  -6582.89  -6644.6  -5520.87  -5582.69  -7427.28  
Period   3 -7234.31  -6687.47  -7523.72  -6842.99  -6289.15  -6383.05  
Period   4 -6788.39  -7201.77  -6822.15  -6953.86  -6108.53  -7184.08  
Period   5 -6756.82  -6119.37  -6741.49  -7026.71  -6266.38  -7158.76  
SCENARIO 8
UNDS0
Period   0 3597.02  2614.05  2887.84  2695.01  1667.06  1795.62  
Period   1 1535.56  2131.23  5673.68  3215.12  183.515  3814.77  
Period   2 3690.42  2629.92  1790.77  6481.69  4623.91  819.359  
Period   3 5918.71  6130.81  4602.92  3499.7  4420.75  3473.04  
Period   4 2281.56  7995.82  6264.62  5322.21  2171.56  7479.55  
Period   5 2271.52  6759.93  4612.58  5368.99  2403  3406.38  
UNDS1
Period   0 -6351.36  -8023.1  -6352.7  -7653.57  -6563.95  -6603.3  
Period   1 -9869.36  -9603.21  -6870.67  -8267.17  -7700.21  -5244.38  
Period   2 -4783.96  -7203.67  -5727.61  -5744.54  -5286.81  -6240.99  
Period   3 -6791.39  -6820.57  -6828.43  -7153.84  -6148.59  -6701.21  
Period   4 -7488.15  -6104.8  -7404.66  -7499.85  -7337.1  -6429.09  
Period   5 -7187.03  -6742.4  -6321.52  -7583.7  -6376.58  -7175.16  
SCENARIO 9
UNDS0
Period   0 1287.46  1960.76  2337.7  3760.11  2733.32  3917.7  
Period   1 2667.52  3950.59  4203.9  1157.24  4019.03  3296.15  
Period   2 2522.71  5665.33  3346.74  2920.01  862.649  4050.24  
Period   3 7601.2  3319.01  2536.44  2567.13  2158.54  4555.3  
Period   4 4283.42  3150.08  3167.96  7431.57  5034  3206.86  
Period   5 3665.37  5104.62  6848.48  6465.86  6685.73  3089.16  
UNDS1
Period   0 -8051.64  -6066.1  -6529.71  -7798.37  -7570.87  -6009.9  
Period   1 -8263.54  -7433.31  -7527.98  -7230.91  -5205.07  -9979.04  
Period   2 -6401.15  -5967.07  -4754.61  -6003.18  -6739.86  -6713.55  
Period   3 -6363.51  -7367.81  -6423.65  -6300.02  -6643.75  -7156.6  
Period   4 -6455.63  -6246.06  -6508.68  -7316.79  -7329.13  -7103.11  
Period   5 -7703.7  -6222.59  -5991.98  -6630.37  -7619  -6502.47  
SCENARIO 10
UNDS0
Period   0 1201.06  1293.88  2839.72  1507.84  3833.79  1378.85  
Period   1 4282.72  53.2124  1218.77  2921.67  2361.07  4059.54  
Period   2 3518.28  3925.6  6591.66  2624.42  1087.79  1321.24  
Period   3 6804.24  3067.5  5497.54  2948.79  3832.89  2573.61  
Period   4 3121.91  5714.28  4640.82  6552.12  4984.94  7516.47  
Period   5 2527.18  5577.23  4965.44  3120.78  3076.18  4385.58  
UNDS1
Period   0 -7314.32  -8128.19  -6873.71  -6508.66  -7609.33  -6714.36  
Period   1 -9042.39  -10291.7  -7120.78  -7969.79  -9190.4  -4888.94  
Period   2 -5216.78  -6068.08  -4755.74  -4998.15  -5490.94  -6762.74  
Period   3 -6981.58  -7224.01  -6565.99  -6007.06  -7390.1  -6928.05  
Period   4 -6105.87  -6203.67  -6150.65  -7079.55  -6254.62  -7415.84  
Period   5 -7442.91  -6659.85  -6787.3  -6802.22  -7911.03  -7859.01  
SCENARIO 11
UNDS0
Period   0 2418.3  3486.89  2069.43  2624.43  1600.6  2613.37  
Period   1 1144.1  2746.41  2706.47  2526.26  603.068  4969.3  
Period   2 4331.29  6551.05  3578.45  3224.56  1366.95  957.162  
Period   3 5839.3  1947.52  5458.89  5426.85  1708.34  4779.31  
Period   4 2340.36  3795.47  3945.44  3982.1  5297.53  5939.17  
Period   5 5303.12  7071.43  4019.62  4583.45  6163.9  5274.86  
UNDS1
Period   0 -6573.02  -7623.17  -6017.07  -7430.45  -6988.44  -6505.83  
Period   1 -8838.23  -6733.25  -10129.6  -6743.22  -7156.85  -10287.2  
Period   2 -5349.52  -6281.18  -6384.53  -5584.44  -7353.36  -7420.17  
Period   3 -7115.51  -7456.94  -7310.7  -6664.66  -7090.36  -6998.83  
Period   4 -6889.08  -6816.35  -6742.83  -7408.63  -6859.95  -7469.72  
Period   5 -6235.08  -7718.7  -6937.24  -6049.44  -6100.96  -6870.42  
SCENARIO 12
UNDS0
Period   0 3076.9  1931.35  4068.85  3347.21  1768.13  1976.25  
Period   1 4327.18  3038.2  1850.01  354.825  4299.57  3927.96  
Period   2 4901.33  3694.65  1201.16  6136.4  1453.91  2588.64  
Period   3 2889.05  7193.32  5640.56  3383.72  6735.23  6398.63  
Period   4 4104.56  3347.86  6895.33  4773.29  6222.13  5164.7  
Period   5 1934.92  3099.29  5031.29  5601.78  3911.21  7019.15  
UNDS1
Period   0 -6134.04  -6713.28  -8166.09  -7562.99  -7141.45  -7126.86  
Period   1 -8254.63  -10733.3  -8039.52  -8124.77  -6220.31  -5039.14  
Period   2 -6678.65  -6730.52  -5332.22  -6991.36  -6245  -6896.77  
Period   3 -7514.69  -6181.22  -7272.26  -6735.03  -6327.76  -6871.49  
Period   4 -6832.97  -7266.14  -7371.82  -6720.81  -7055.32  -6413.77  
Period   5 -6761.69  -7397.78  -7578.47  -6888.49  -6504.18  -6469.8  
SCENARIO 13
UNDS0
Period   0 1852.83  2129.13  3944.02  3585.47  1934.09  3546.48  
Period   1 4899.2  95.3069  1207.44  5663.63  1839.99  3795.76  
Period   2 1337.57  1308.68  4199.64  6256.77  4488.35  2361.54  
Period   3 4888.88  7580.69  4139.52  7080.14  5495.55  7212.75  
Period   4 6044.75  7880.94  6245.71  1953.28  5969.03  6877.88  
Period   5 6814.91  2034.99  2986.46  4956.96  5588.26  5278.86  
UNDS1
Period   0 -7643.92  -7439.56  -7903.44  -7921.91  -6819.69  -7641.36  
Period   1 -8102.93  -5021.66  -8052.41  -7614.12  -6856.91  -6854.82  
Period   2 -5374.32  -5554.99  -6597.83  -7417.69  -5689.69  -7018.02  
Period   3 -6856.52  -6826.63  -6119.84  -7557.2  -6135.43  -7456.72  
Period   4 -7197.58  -7052.06  -6597.82  -7103.86  -6650.25  -5960.67  
Period   5 -6892.66  -7426.53  -6245.75  -6271.05  -7434.95  -7256.45  
SCENARIO 14
UNDS0
Period   0 2086.03  3414.98  1469.57  3719.05  4013.47  1446.75  
Period   1 4131.53  6175.69  3068.56  4558.03  4091.63  6289.07  
Period   2 4013.83  5283.4  4619.14  1531.23  2460.16  1290.89  
Period   3 5970.49  2717.06  4739.47  6658.82  7660.97  7406.09  
Period   4 3299.53  6811.17  2577.11  7416.6  2602.06  4816.25  
Period   5 2230.68  3629.96  4003.82  6258.95  4231.54  4782.41  
UNDS1
Period   0 -7356.09  -7900.17  -6472.74  -7697.34  -6773.95  -7077.5  
Period   1 -6209.6  -8341.08  -5263.22  -6282.95  -5028.57  -9306.52  
Period   2 -7058.59  -5369.95  -7213.41  -4759.01  -5589.92  -5153.32  
Period   3 -7414.23  -6132.48  -6667.5  -6941.23  -6658.95  -7488.97  
Period   4 -6181.75  -5989.53  -6813.87  -6212.91  -6967.41  -6740.15  
Period   5 -6635.84  -7806.9  -6498.62  -7891.64  -6933.31  -6748.83  
SCENARIO 15
UNDS0
Period   0 2177.91  3380.61  1564.99  3008.14  2916.89  3154.15  
Period   1 1677.73  6088.09  284.506  1701.68  4831.57  5884.07  
Period   2 2232.43  1498.54  3410.17  2647.09  4858  4858.62  
Period   3 3727.21  2948.59  6065.31  6509.96  3947.19  4950.5  
Period   4 6273.86  7938.99  6405.9  5123.7  4730.75  5183.29  
Period   5 2001.8  2695.42  3620.46  6960.79  4106.41  5195.59  
UNDS1
Period   0 -7568.32  -7771.82  -7730.94  -8003.96  -6343.43  -7069.2  
Period   1 -8221.85  -6127.24  -5528.43  -8017.38  -8449.74  -5556.31  
Period   2 -5377.73  -5732.34  -6462.18  -4987.07  -5262.98  -7603.57  
Period   3 -6270.11  -6376.55  -6923.58  -6564.23  -7202.8  -7394.26  
Period   4 -6300.57  -5964.74  -6033.64  -7242.01  -7078.1  -7137.28  
Period   5 -6636.17  -6600.56  -7093.29  -6065.98  -6317.36  -7704.56  
SCENARIO 16
UNDS0
Period   0 3483.45  3965.15  1618.49  3816.36  3096.82  1238.04  
Period   1 6335.18  3013.68  3292.31  3597.46  5659.4  5360.74  
Period   2 4269.35  1675.02  1713.04  4571.74  1979.19  5869.22  
Period   3 4023.12  5464.24  6141.98  4225.01  6618.62  1676.01  
Period   4 6955.76  2432.17  3938.56  5294.35  5318.01  6904.81  
Period   5 2367.74  5730.56  2480.87  2888.84  2608.72  3261.5  
UNDS1
Period   0 -6661.21  -7164.11  -7068.75  -7146.83  -7747.26  -6672.35  
Period   1 -7838.98  -9710.01  -9882.64  -9646.02  -10427.6  -7674.41  
Period   2 -5140.07  -6674.56  -5985.18  -7121.8  -4910.27  -7545.86  
Period   3 -6371.17  -6139.37  -6568.2  -7152.96  -6165.74  -7330.81  
Period   4 -6151.72  -7367.25  -5967.1  -7119.35  -7627.49  -7571.97  
Period   5 -6254.59  -7150.97  -6751.51  -6416.35  -6009.92  -7522.37  
SCENARIO 17
UNDS0
Period   0 2735.81  1154.21  2586.52  1985.93  3584.18  4049.33  
Period   1 1458.19  1096.42  3187.8  602.559  5765.46  1753.04  
Period   2 4190.5  1988.05  5786.55  5119.05  1845.81  1096.36  
Period   3 5133.12  5133.72  3029.75  4581.37  5631.78  5164.03  
Period   4 2434.29  5540.27  5906.14  3084.63  6130.05  7670.6  
Period   5 5694.71  2027.2  6531.91  3274.76  7007.98  5969.08  
UNDS1
Period   0 -6460.47  -6836.58  -6877.13  -6933.17  -6106.67  -7954.22  
Period   1 -7338.44  -5298.9  -10651.1  -8407.34  -10040  -10516.2  
Period   2 -5105.12  -5913.66  -6207.31  -6414.35  -5157.13  -7240.61  
Period   3 -7214.25  -6522.96  -6620.98  -7480.7  -6486.72  -6108.82  
Period   4 -7574.63  -6868.95  -6595.72  -6813.6  -7019.56  -7515.07  
Period   5 -7857.93  -7520.97  -6993.21  -6689.03  -7576.96  -6037.66  
SCENARIO 18
UNDS0
Period   0 1481.56  4042.96  1737.03  3383.06  1554.2  2404.65  
Period   1 1210.06  4388.7  272.975  4391.78  4065.27  1480.1  
Period   2 2463.01  6669.17  3977.72  2799.41  2600.95  1387.4  
Period   3 4594.52  3595.91  4821.97  3750.08  4260.14  7637.28  
Period   4 2693.17  6540.5  5038.29  7260.04  7359.19  4447.43  
Period   5 6444.42  6328.82  3305.53  2792.34  2984  6826.45  
UNDS1
Period   0 -6913.7  -7389.23  -6746.38  -7313.75  -7242.33  -7280.76  
Period   1 -9539.28  -6525  -5174.51  -5833.47  -10268.2  -5157.2  
Period   2 -7310  -7431.54  -7204.18  -5682.37  -7133.06  -6610.21  
Period   3 -6502.17  -6934.72  -6583.92  -7285.19  -7486.46  -7380.7  
Period   4 -6064.05  -7372.06  -6404.3  -6963.95  -6388.88  -6962.34  
Period   5 -7830.67  -7900.31  -6264.42  -7070.91  -6119.07  -7761.62  
SCENARIO 19
UNDS0
Period   0 4151.63  3939.66  3762.71  2147.35  2041.61  1292.56  
Period   1 3285.62  4667.71  1136.66  4712.36  2550.97  4201.91  
Period   2 1590.19  2073.24  982.248  1103.81  6340.94  1146.32  
Period   3 3368.1  4112.72  3332.31  6524.54  3564.2  3464.28  
Period   4 4889.24  7558.19  6048.47  4518.29  2061.46  3190.03  
Period   5 6279.47  2032.6  4806.97  2245.49  6341.32  5417.26  
UNDS1
Period   0 -7395.93  -7988.56  -7177.92  -7436.95  -8048.16  -6965.76  
Period   1 -9709.1  -6063.25  -6851.83  -9712.76  -8804.79  -10205.6  
Period   2 -5000.92  -7444.26  -7273.75  -6782.24  -4738.98  -5532.48  
Period   3 -6642.27  -6722.63  -6353.44  -6010.5  -5847.22  -7051.84  
Period   4 -7144.82  -7515.19  -6932.02  -6998.37  -6847.49  -6202.85  
Period   5 -6454.02  -7238.58  -6347.42  -7675.02  -7758.32  -7126.58  
SCENARIO 20
UNDS0
Period   0 1652.16  3793.78  2214.87  4190.83  1275.78  2754.45  
Period   1 3340.07  2525.22  2149.43  2126.5  1124.28  275.403  
Period   2 2032.79  5853.44  6140.41  1463.75  2832.67  1125.63  
Period   3 4404.5  4174.46  7155.22  3530.26  2144.87  3066.06  
Period   4 6671.49  2742.02  6612.11  2479.34  5495.91  7993.72  
Period   5 2857.81  3353.63  5005.5  4906.43  3459.67  3735.65  
UNDS1
Period   0 -7870.73  -7464.6  -7696.41  -6443.34  -6180.79  -7346.4  
Period   1 -10330.6  -9624.51  -9324.49  -10686.1  -10334.8  -5056.94  
Period   2 -6331.32  -4977.07  -7579.21  -4742.28  -5004.69  -5553.05  
Period   3 -7236.3  -6472.76  -7415.01  -6502  -7044.75  -5975.94  
Period   4 -6862.24  -6148.81  -7457.58  -7595.69  -5956.22  -6418.17  
Period   5 -7302.67  -6793.74  -7370.95  -7844.21  -7833.34  -6700  
SCENARIO 21
UNDS0
Period   0 2024.56  2019.06  1243.69  2540.14  2666.83  4038.59  
Period   1 4873.13  3532.37  4038.85  3221.83  575.307  853.353  
Period   2 1277.09  5007.44  5385.72  6258.09  1317.43  849  
Period   3 4809.39  5445.01  2176.76  3620.21  6620.01  5614.65  
Period   4 4063.83  6121.51  3781.43  3630.8  6676.41  6010.59  
Period   5 1953.75  4132.12  2151.93  6071.51  5373.16  3627.35  
UNDS1
Period   0 -6828.21  -6590.46  -7000.06  -6715.35  -6547.81  -7634.1  
Period   1 -6590.37  -5344.02  -6154.32  -7198.75  -9056.88  -8496.44  
Period   2 -5600.79  -5345.66  -5996.51  -6176.12  -6462.97  -5040.02  
Period   3 -7470  -6887.96  -6226.69  -7095.67  -6992.47  -7156.94  
Period   4 -6607.22  -7625.87  -6383.14  -6964.83  -7452.3  -7289.04  
Period   5 -7703.95  -6438.06  -6875.37  -6759.59  -7001.74  -6424.34  
SCENARIO 22
UNDS0
Period   0 3860.47  2648.12  3576.78  2291.98  3172.79  1722.93  
Period   1 328.524  818.926  466.466  1597.86  566.576  3220.18  
Period   2 5510.27  1556.45  6363.75  4978.54  862.217  820.92  
Period   3 2318.91  2885.07  5980.89  5731.98  2184.19  4281.99  
Period   4 2651.95  6201.18  6000.59  7719.94  4004.41  7268.08  
Period   5 5299.82  3001.82  5795.48  6845.56  4932.57  6465.04  
UNDS1
Period   0 -6524.88  -6593.65  -7647.04  -6012.49  -6536.15  -7229.27  
Period   1 -5041.17  -5825.48  -5651.03  -10202  -10243.7  -6789.37  
Period   2 -6550.6  -7331.38  -6542.55  -5586.35  -5622.65  -6988.91  
Period   3 -6541.99  -6230.74  -6210.79  -7436.87  -6940.44  -6875.3  
Period   4 -7282.27  -7279.81  -7482.78  -7485.53  -6331.6  -6756.2  
Period   5 -7551.09  -6032.44  -7192.27  -7628.88  -6870.97  -6150.37  
SCENARIO 23
UNDS0
Period   0 1809.76  2044.73  3090.02  2900.76  2601.89  3716.02  
Period   1 971.811  2483.66  5004.36  38.4867  643.88  63.4868  
Period   2 2534.99  1970.4  2200.5  3120.95  3932.15  1888.92  
Period   3 2067.29  6678.6  4012.96  6334.38  2150.05  1978.66  
Period   4 2618.62  3765.09  6920.34  3663.07  3766.05  5878.92  
Period   5 5038.37  6690.09  6915  3072.18  4148.92  3380.94  
UNDS1
Period   0 -6625.45  -7980.65  -6484.75  -7440.54  -7207.65  -8052.92  
Period   1 -6894.84  -7157.29  -10105.3  -7547.39  -5257.88  -8704.34  
Period   2 -7071.89  -6083.03  -6842.61  -4705.65  -5294.1  -5126.85  
Period   3 -6732.9  -6014.23  -6246.09  -7353.7  -6891.38  -6511.06  
Period   4 -7169.86  -6233.49  -7565.82  -5968.92  -6497.31  -6543.8  
Period   5 -7111.13  -6480.79  -7067.55  -6466.96  -6756.84  -6645.24  
SCENARIO 24
UNDS0
Period   0 1284.15  2774.09  2079.02  3363.79  3495.44  3517.2  
Period   1 4457.17  3127.34  802.126  3800.06  832.969  6189.91  
Period   2 1344.88  1262.43  846.14  1007.5  3296.35  2996.05  
Period   3 5564.55  1983.06  5982.12  6361.96  4793.5  4458.14  
Period   4 2596.43  4720.18  5943.3  3703.48  2709.6  5207.55  
Period   5 2598.38  3812.88  2412.69  2513.04  2638.54  5012.85  
UNDS1
Period   0 -7794.92  -8131.81  -7732.73  -7129.61  -7463.45  -7207.54  
Period   1 -8889.5  -8758.32  -9471.11  -10239.8  -9274.16  -8030.25  
Period   2 -5017.12  -6109.79  -5569.65  -6229.21  -5999.23  -7515.4  
Period   3 -7257.45  -6100.44  -7209.7  -5931.79  -7442.74  -6100.79  
Period   4 -6093.28  -5981.57  -6441.16  -6179.79  -6970.02  -7199.7  
Period   5 -7339.35  -6150.08  -7628.66  -6779.68  -6732  -6330.57  
SCENARIO 25
UNDS0
Period   0 4162.6  2766.58  1628.34  3930.73  1799.07  1437.69  
Period   1 2539.52  120.887  473.567  5481.6  4378.21  5384.81  
Period   2 3174.09  5450.3  6598.73  2606.93  1069.44  1094.19  
Period   3 5348.17  5136.07  2457.09  4992.03  3864.34  7230.24  
Period   4 2931.26  5773.52  6751.92  2548.46  7475.11  5861.69  
Period   5 3724.04  5715.86  5464.79  3413.01  3429.57  3556.85  
UNDS1
Period   0 -6990  -6893.91  -6319.66  -6744.26  -6841.49  -8045.54  
Period   1 -8778.42  -4986.37  -8990.71  -6088.79  -8088.48  -6990.83  
Period   2 -6386.88  -6673.25  -6570.49  -4784.82  -5991.71  -6146.32  
Period   3 -6291.79  -5982.26  -6842.37  -6591.01  -6833.68  -6804.28  
Period   4 -7418.6  -6008.17  -7587.33  -7426.45  -7140.89  -5973.8  
Period   5 -7331.31  -7503.35  -6670.7  -6782.11  -6074.79  -6834.48  
SCENARIO 26
UNDS0
Period   0 4000.77  3470.4  2519.45  2377.77  1780.94  1220.19  
Period   1 4888.95  3238.41  4859.7  1101.06  4740.15  3385.77  
Period   2 5187.76  3953.65  1424.93  4827.84  2916.8  1267.24  
Period   3 4372.22  3551.05  2815.41  3821.99  2110.82  2355.14  
Period   4 7170.88  6568.09  3020.06  4007.52  2946.85  6127.24  
Period   5 5363.13  2231.47  6550.82  6618.41  4586.1  2444.22  
UNDS1
Period   0 -6607.79  -7948.18  -7827.49  -7296.77  -6050.82  -6690.05  
Period   1 -7569.08  -7835.49  -6752.26  -8030.84  -10535.9  -9508.03  
Period   2 -5260.97  -6425.16  -5437.43  -7304.13  -7267.84  -6192.68  
Period   3 -6668.12  -7383.08  -7012.8  -6956.11  -6631.08  -7073.65  
Period   4 -6958.29  -7077.7  -6931.06  -7193.23  -7324.75  -6712.48  
Period   5 -7453.41  -7818.43  -7914.91  -7921.19  -6140.15  -7690.14  
SCENARIO 27
UNDS0
Period   0 3126.47  3879.27  3991.1  3401.2  1231.13  1504.95  
Period   1 5895.02  6098.47  5085.81  5850.64  3695.32  963.283  
Period   2 3396.21  6122.2  2319.92  3397.5  3254.48  1255.6  
Period   3 2917.75  3677.05  1897.96  1727.4  6257.44  4995.46  
Period   4 6195.69  4122.01  6477.36  6839.02  6009.19  5527.83  
Period   5 4079.05  6541.57  3931.96  6382.37  6143.93  3493.91  
UNDS1
Period   0 -7463.57  -6694.24  -6359.38  -6648.53  -6415.95  -7279.98  
Period   1 -5737.31  -10642.8  -7776.44  -10726.9  -7011.53  -8454.95  
Period   2 -4848.27  -4705.42  -6324.78  -7035.18  -7443.08  -5788.63  
Period   3 -6076.89  -5985.65  -6484.47  -6101.06  -6962.21  -6474.49  
Period   4 -5953.51  -6076.8  -7251.79  -7164.94  -6532.32  -6544.82  
Period   5 -6766.4  -7133.48  -7194.29  -6005.8  -7675.85  -7030.2  
SCENARIO 28
UNDS0
Period   0 1177.92  3193.54  2405.45  3993.32  1670.71  2870.42  
Period   1 4644.96  2805.39  2370.32  2048.3  5385.98  5858.97  
Period   2 5131.96  6594.44  3754.26  1420.76  1082.72  826.024  
Period   3 7435.78  3585.05  3145  6994.11  7232.4  2189.84  
Period   4 3332.13  3897.3  4290.81  5258.88  2460  2664  
Period   5 5228.61  5856.56  2839.21  3525.8  2134.27  3402.73  
UNDS1
Period   0 -6562.32  -7444.95  -7396.91  -7254.27  -6701.27  -7583.68  
Period   1 -8492.77  -7889.49  -7060.45  -9417.31  -10623.6  -5272.35  
Period   2 -4965.72  -7488.15  -5286.15  -4773.77  -5445.5  -5632.2  
Period   3 -6169.7  -6797.06  -6913.36  -7206.36  -6508.53  -7398.18  
Period   4 -6661.6  -6712.85  -6737.94  -6727.8  -7166.28  -6506.31  
Period   5 -7466.68  -7796.42  -7067.75  -6684.29  -7507.79  -7668.87  
SCENARIO 29
UNDS0
Period   0 3593.79  2349.59  4156.92  3947.16  1134.57  1573.4  
Period   1 3428.25  4110.82  557.294  3940.19  5133.39  5117.74  
Period   2 6635.95  3412.19  1194.98  4931.46  2984.49  915.426  
Period   3 1612.7  3145.24  5739.8  1845.37  6359.17  5886.42  
Period   4 5318.48  7024.26  7566.3  8090.75  6844.71  2451.08  
Period   5 5154.88  2119.64  2616.92  6700.97  3032.57  2226.67  
UNDS1
Period   0 -7764.07  -7321.27  -8075.75  -7884.95  -7931.1  -6332  
Period   1 -7124.59  -10700.4  -5223.17  -5609.42  -8665.8  -5532.88  
Period   2 -6421.88  -6107.7  -4750.83  -6727.27  -4863.75  -6463.34  
Period   3 -6405.82  -6879.91  -5866.58  -7187.35  -6249.77  -6622.69  
Period   4 -7062.75  -7148.1  -6515.64  -7004.74  -7218.2  -7545.28  
Period   5 -7374.56  -6355.4  -6618.65  -6734.35  -6917.99  -7344.49  
SCENARIO 30
UNDS0
Period   0 2375.94  1810.2  2968.18  2435.52  3426.61  3346  
Period   1 3734.61  5517.24  3531.47  4365.51  3734.85  3694.17  
Period   2 3819.74  5531.61  1287.3  1785.83  5045.46  1966.65  
Period   3 7676.17  7647.8  3698.11  7138.14  7521.8  2219.35  
Period   4 4117.27  5804.95  7573.88  7646.01  4810.05  5781.48  
Period   5 4049.82  4112.98  3032.21  4643.82  2553.4  3088.66  
UNDS1
Period   0 -7482.48  -6181.59  -6555.81  -7927.01  -6429.72  -6058.7  
Period   1 -6669.59  -8409.17  -10693.3  -10586.1  -5790.55  -8120.99  
Period   2 -4931.46  -7018.13  -5372.38  -5023.12  -7493.65  -4878.81  
Period   3 -6922.22  -7445.11  -6357.9  -7336.87  -6314.34  -6687.24  
Period   4 -7251.61  -6171.76  -7176.39  -6273.92  -6497.75  -6217.18  
Period   5 -7016.95  -6154.01  -6729.6  -6334.98  -7490.63  -6665.82  
SCENARIO 31
UNDS0
Period   0 1649.08  3901.14  3671.89  1963.53  3477.46  2449.2  
Period   1 5980.66  4373.1  690.489  4587.72  1166.26  4997.64  
Period   2 1384.66  4707.34  3689.61  5229.76  1474.16  1368.92  
Period   3 7054.53  5026.45  2114.36  5521.38  1773.83  5826.39  
Period   4 5466.69  5980.14  6843.97  7078.43  3896.42  6742.08  
Period   5 2830.71  5671.96  3662.57  2040.96  2992.76  6856.11  
UNDS1
Period   0 -7035.49  -7865.74  -6155.42  -7704.6  -6771.67  -7878.27  
Period   1 -10153.7  -5624.77  -8451.67  -5521.59  -10429.7  -10713.5  
Period   2 -6157.84  -5592.57  -6360.44  -5230.1  -4712.35  -5896.78  
Period   3 -6172.31  -6780.44  -6736.28  -6308.11  -6028.97  -6595.6  
Period   4 -7397.31  -6882.88  -6973.2  -6745.28  -6070.51  -6677.71  
Period   5 -6152.3  -6695.83  -6553.02  -6784  -6740.17  -6943.83  
SCENARIO 32
UNDS0
Period   0 2164.19  3202.13  4001.68  1516.07  1486.8  1877.58  
Period   1 4675.75  2120.67  4137.46  1174.18  5332.17  3809.42  
Period   2 3149.87  5368.38  5223.95  2162.77  2967.43  926.305  
Period   3 3499.25  7104.43  4924.02  4453.28  7570.6  5058.11  
Period   4 5415.57  3645.47  4014.71  2917.33  5864.62  6358.16  
Period   5 3775.31  2906.86  5833.85  2623.57  4052.28  2454.82  
UNDS1
Period   0 -7075.04  -7496.79  -6625.47  -7514.64  -6008  -8159.71  
Period   1 -8822.88  -9938.25  -5822.38  -6374.35  -6403.19  -9735.9  
Period   2 -4838.72  -5722.06  -7524.92  -5276.68  -6578.46  -6105.99  
Period   3 -6430.02  -7423.41  -7089.5  -6369.96  -7177.95  -6079.88  
Period   4 -6433.75  -6863.42  -6579.16  -6134.65  -6636.21  -6828.59  
Period   5 -6657.44  -7319.72  -7861.81  -7599.33  -7269.87  -6856.51  
SCENARIO 33
UNDS0
Period   0 2499.16  1873.6  1846.81  2269.65  3316.64  1417.26  
Period   1 5479.57  6316.27  1801.65  1621.31  4678.73  2675.43  
Period   2 1612.8  3376.4  5736.66  5120.49  1167.8  1677.4  
Period   3 5146.9  3330.58  3770.17  6762.63  6501.91  2285.71  
Period   4 5124.2  4952.35  5033.4  6924.71  7513.11  7740.76  
Period   5 3736.34  6031.23  4237.11  2041.96  6910.36  6888.43  
UNDS1
Period   0 -8074.69  -7423.44  -6007.5  -8064.2  -7748.37  -6822.73  
Period   1 -6826.47  -5020.82  -7301.09  -6683.63  -6779.45  -7020.1  
Period   2 -6566.37  -7033  -5811.24  -7009.46  -5255.3  -5103.26  
Period   3 -7543.24  -6078.99  -7431.44  -6328.86  -5889.94  -7541.67  
Period   4 -6534.17  -6999  -7239.92  -7102.13  -6950.55  -6791.27  
Period   5 -7715.48  -6522.35  -7427.76  -6550.34  -7448.57  -7707.63  
SCENARIO 34
UNDS0
Period   0 2128.16  3581.9  1571.93  2125.44  2178.82  2382.45  
Period   1 778.614  2106.72  5658.58  3938.64  603.382  2009.01  
Period   2 6287.24  5424.68  2870.15  2890.41  848.706  1326.04  
Period   3 3622.72  5974.14  6062.99  6024.65  6427.03  5464.79  
Period   4 5387.4  5971.67  6291.83  2552.86  7619.25  2634.23  
Period   5 2184.92  4791.61  3479.04  4328.21  2140.2  5766.74  
UNDS1
Period   0 -7734.45  -7964.91  -6569  -6398.2  -6565.48  -6956.67  
Period   1 -5587.09  -5041.94  -7324.66  -9540.28  -10335.2  -5451.86  
Period   2 -4930.26  -5476.76  -5286.69  -5316.98  -6785.03  -6674.88  
Period   3 -6635.9  -6003.61  -5872.68  -7378.31  -6338.28  -7318.47  
Period   4 -6218.99  -7267.69  -6900.54  -7409.16  -6837.77  -7511.86  
Period   5 -6853.41  -7779.33  -7426.47  -6782.61  -6483.37  -6074.78  
SCENARIO 35
UNDS0
Period   0 2662.05  1474.62  3105.11  3752.27  2054.01  3648.91  
Period   1 887.838  3021.03  3043.67  4304.66  2319.74  1049.64  
Period   2 5449.87  5319.07  5403.75  1168.99  1574.36  1006.33  
Period   3 2327.72  5982.43  1633.65  2773.96  4971.01  5121.57  
Period   4 3825.24  2824.66  7912.22  4826.24  8177.78  4569.75  
Period   5 3390.43  3958.49  6064.27  4244.9  6559.78  5146.33  
UNDS1
Period   0 -6841.41  -6924.53  -6205.06  -6429.82  -6072.42  -7657.98  
Period   1 -7520.41  -6007.56  -6466.05  -6620.16  -7358.04  -8729.37  
Period   2 -7542.58  -7557.88  -6317.31  -6490.69  -5735.44  -6692.96  
Period   3 -6674.77  -7343.7  -6932.38  -6823.12  -5955.11  -6285.12  
Period   4 -6234.84  -7612.63  -6202  -5953.05  -7002.55  -7155.44  
Period   5 -6789.6  -6048.2  -6240.62  -6407.62  -6242.93  -7835.95  
SCENARIO 36
UNDS0
Period   0 3172.24  1577.25  1741.01  2302.61  3126.94  3946.1  
Period   1 461.13  3223.75  2603.05  2942.36  4268.36  759.469  
Period   2 6308.98  4337.38  5584.61  2046.54  907.807  817.434  
Period   3 6191.85  5472.88  4085.69  5899.14  7525.07  1989.54  
Period   4 8223.04  6512.36  7430.54  1921.65  4388.86  7397.77  
Period   5 4264.66  7027.08  3182.77  2907.08  5979  3649.48  
UNDS1
Period   0 -6207.68  -6804.12  -6139.1  -6146.88  -6928.58  -8132.09  
Period   1 -7227.98  -10031.7  -9875.18  -9834.46  -5458.17  -6366.26  
Period   2 -6306.06  -7323.98  -7018.85  -7282.08  -4997.53  -4882.69  
Period   3 -6257.12  -6710.88  -6049.66  -7281.77  -7083.54  -6094.81  
Period   4 -6497.42  -7070.34  -6512.45  -6742.99  -7422.06  -6879.93  
Period   5 -7154.84  -7335.81  -7414.3  -7653.35  -6546.94  -7336.39  
SCENARIO 37
UNDS0
Period   0 1978.49  3744.05  3878.22  2347.86  3662.39  1747.01  
Period   1 2496.17  2621.81  3186.58  4922.67  4446.75  2323.87  
Period   2 5722.78  4583.45  4396.82  3406.22  1024.57  954.089  
Period   3 3521.46  4063.36  4329.83  7263.7  5925.53  4215.51  
Period   4 7560.19  7075.56  6513.48  4158.97  2019.12  4047.53  
Period   5 5408.84  3594.29  4180.25  2404.28  4176.66  5645.3  
UNDS1
Period   0 -7908.68  -8154.44  -6359.06  -7257.09  -7447.07  -6166.38  
Period   1 -9302.48  -10384.5  -8734.88  -5487.5  -8540.87  -8047.59  
Period   2 -6025.98  -6635.24  -5981.22  -6385.88  -6465.01  -6983.49  
Period   3 -6887.71  -7408.15  -6684.86  -7147.03  -6438.89  -6796.71  
Period   4 -6030.93  -6903.01  -6414.9  -6927.5  -6956.28  -6886.95  
Period   5 -6320.56  -7654.28  -7691.28  -7935.39  -7836.44  -6482.9  
SCENARIO 38
UNDS0
Period   0 1361.17  4052.35  1608.08  3918.63  2105.08  1330.05  
Period   1 1931.05  3284.29  74.7584  577.935  3455.39  205.59  
Period   2 1362.7  1494.72  1664.44  1684.54  4523.73  5831.08  
Period   3 6827.79  3025.18  7540.17  7162.55  5039.2  5930.33  
Period   4 8279.84  8022  5442.67  4127.94  5198.93  4874.02  
Period   5 3619.55  4955.31  4136.01  4064.63  4457.39  6969.41  
UNDS1
Period   0 -8010.85  -8154.11  -6196.79  -6912.99  -8025.08  -6517.55  
Period   1 -8185.01  -6362.11  -5888.11  -9126.46  -8430.03  -5250.85  
Period   2 -5831.06  -5265.79  -5233.48  -6129.58  -5036.6  -6753.41  
Period   3 -5965.53  -7307.14  -7246.46  -5858.34  -7129.16  -7080.76  
Period   4 -6120.05  -7177.44  -6631.59  -6313.22  -6781.97  -7526.2  
Period   5 -6751.03  -6559.8  -6345.02  -6727.02  -6910.05  -6476.43  
SCENARIO 39
UNDS0
Period   0 1726.43  2166.74  2507.07  3324.83  2426.52  2478.43  
Period   1 6182.74  1158.88  3968.35  3844.56  4450.5  2690.97  
Period   2 5048.97  865.223  2846.68  2537.73  3850.24  3459.52  
Period   3 4951.51  5830.45  2470.27  6164.57  4984.75  4252.59  
Period   4 6346.74  7474.81  4629.32  2514.73  7252.13  7383.39  
Period   5 5703.21  3505.97  3772.16  4386.77  4261.9  4914.2  
UNDS1
Period   0 -7310.39  -7477.42  -6445.97  -8118.18  -6537.67  -6966.49  
Period   1 -8219.76  -6194.25  -6669.79  -9019.06  -5190.51  -6499.46  
Period   2 -5333.7  -5992.05  -5562.81  -5465.18  -7299.45  -6972.56  
Period   3 -6901.9  -6052.08  -6554.17  -6920.02  -6781.73  -7011.52  
Period   4 -7543.81  -6540.38  -7244.2  -6034.15  -6227.02  -6792.61  
Period   5 -7924.52  -7741.1  -6257.99  -6075.23  -7801.85  -6137.31  
SCENARIO 40
UNDS0
Period   0 3174.03  2265.54  2650.66  2541.13  1775.78  2297.64  
Period   1 3658.34  6097.98  782.011  1428.42  4295.46  5773.16  
Period   2 4337.55  863.005  1130.26  4733.88  1132.42  6331.55  
Period   3 2445.5  1605.55  1621.65  1513.72  4198.09  1652.55  
Period   4 7226.22  5773.71  5851.3  2553.42  5228.83  4389.45  
Period   5 6392.11  2802.44  2408.03  5050.99  6621.87  5109.04  
UNDS1
Period   0 -7928.71  -7562.02  -7020.28  -7601.93  -7850.66  -7589.62  
Period   1 -7460.33  -8762.66  -10724  -6507.71  -6240.77  -5141.9  
Period   2 -5145.9  -7303.72  -4947.52  -5067.78  -4743.2  -6815.53  
Period   3 -6702.57  -7124.92  -7106.94  -6262.65  -7402.24  -6183.9  
Period   4 -6775.24  -7222.85  -6644.61  -7044.15  -6346.8  -6395.9  
Period   5 -7792.23  -7419.82  -6655.16  -6208.27  -6939.35  -6427.31  
SCENARIO 41
UNDS0
Period   0 1630.25  2002.63  4009.53  1556.17  2930.5  2520.72  
Period   1 2820.06  4670.24  6028.28  5034.05  4197.85  4599.77  
Period   2 3466.48  2430.04  5754.21  897.079  3942.48  1871.93  
Period   3 4934.1  4842.37  5716.41  3601.21  3776.58  6684.64  
Period   4 3431.46  5068.26  5605.11  7299.58  7448.08  7728.84  
Period   5 4015.24  4808.3  2485.6  3807.26  4208  5996.31  
UNDS1
Period   0 -7501.87  -7475.69  -7277.08  -6906.89  -6317.57  -7980.59  
Period   1 -8376.53  -10320.6  -8455.67  -5243.77  -8630.54  -7636.43  
Period   2 -7209.38  -5692.73  -6860.23  -5759.71  -7365.04  -5886.9  
Period   3 -6833.61  -5858.61  -7131.41  -6148.57  -7061.73  -6512.6  
Period   4 -6914.65  -6384.1  -7428.12  -6753.77  -6796.71  -6418.1  
Period   5 -6567.11  -7713.81  -7476.62  -6614.02  -6412.53  -6544.41  
SCENARIO 42
UNDS0
Period   0 1329.68  3191.74  2321.04  3165.65  1110.52  2565.75  
Period   1 1412.33  367.053  8.32366  2407.05  1210.75  3998.09  
Period   2 1640.66  1474.36  2381.65  3948.65  1831.86  4662.12  
Period   3 2359.62  7431.51  5213.09  7423.9  7086.56  6600.72  
Period   4 7912.03  7699.39  3315.58  2828.38  4989.1  4308.59  
Period   5 3855.26  5447.26  4623.66  4673.24  3277.34  5620.91  
UNDS1
Period   0 -8016.81  -6338.39  -7199.47  -8159.18  -7782.48  -6638.49  
Period   1 -10597.4  -6390.66  -5134.83  -5350.37  -8217.88  -7337.58  
Period   2 -4817.21  -7557.04  -5397.25  -5179.5  -7596.49  -5878.85  
Period   3 -6399.94  -7101.15  -6355.11  -7031.25  -6460.35  -7566.46  
Period   4 -6700.55  -6818.9  -7261.97  -7345.35  -6330.88  -6998.23  
Period   5 -7507.17  -6946.58  -7226.48  -6037.39  -6204.5  -7625.55  
SCENARIO 43
UNDS0
Period   0 3754.77  3787.55  2347.54  3353.5  1722.25  1648.4  
Period   1 3895.27  4352.83  5825.25  2325.62  5818.23  1891.53  
Period   2 4290.41  3520.25  2762.17  4873.01  3405.4  868.208  
Period   3 4242.87  1971.03  7107  5162.75  1705.71  4496.36  
Period   4 5307.53  7072.48  6485.58  8081.42  3047.53  2462.01  
Period   5 3649.97  5530.7  2876.11  4364.56  3574.02  2462.91  
UNDS1
Period   0 -7271.59  -7682.49  -6950.16  -7226.48  -8060.38  -7748.49  
Period   1 -7499.39  -10116.4  -9134.33  -8481.54  -9330.28  -10259.2  
Period   2 -6909.7  -6004  -7168.89  -7567.4  -4832.19  -4715.37  
Period   3 -5957.66  -5847.74  -6160  -6464.22  -6318.73  -7293.15  
Period   4 -7333.03  -6410.62  -7022.99  -6325.15  -7311.22  -7297.2  
Period   5 -7952.91  -7756.57  -7333.47  -7507.13  -6580.45  -7199.84  
SCENARIO 44
UNDS0
Period   0 3038.29  3281.97  2783.49  2145.91  2461.02  3549.93  
Period   1 1839.53  5163.23  3210.62  3443.52  4873.9  5168.94  
Period   2 5298.21  1492.27  4198.73  2569.17  4494.66  1271.73  
Period   3 5502.31  6078.18  2263.96  6427.57  4627.27  6396.22  
Period   4 4122.47  4561.09  2489.75  7628.01  2846.24  6286.13  
Period   5 2930.48  2084.97  5395.81  6442.49  4143.86  4893.56  
UNDS1
Period   0 -6626.23  -8008.32  -7598.27  -6685.78  -8146.97  -6356.28  
Period   1 -7619.68  -8099.88  -9107.38  -6058.25  -5184.52  -8571.21  
Period   2 -4977.74  -5311.45  -6474.14  -5847.33  -7545.5  -7572.56  
Period   3 -6414.83  -7002.9  -6128.07  -6488.9  -5895.65  -7234.8  
Period   4 -7532.73  -6735.33  -6871.88  -7612.61  -6649.88  -6743.88  
Period   5 -6605.96  -7128.79  -6541.51  -6968.35  -6677.87  -6322.59  
SCENARIO 45
UNDS0
Period   0 3353.44  2568.27  2258.93  2114.15  2902.9  3748.45  
Period   1 743.158  6169.54  368.988  2377.93  6270.5  2147  
Period   2 2480.46  3748.38  4310.35  4367.24  4257.6  875.123  
Period   3 2651.83  4144.21  2696.85  4686.64  3618.19  4662.4  
Period   4 7870.55  2109.17  4400.27  2976.29  3648.59  7016.12  
Period   5 2690.12  6233.05  3964.97  5237.02  3848.56  2652.7  
UNDS1
Period   0 -7877.41  -7976.07  -7202.33  -6517.31  -7965.37  -7253.15  
Period   1 -7135.27  -5620.92  -10686.4  -5910.78  -7378.62  -9609.61  
Period   2 -5317.69  -6808.24  -6932.36  -6047.98  -6312.97  -7500.36  
Period   3 -6591.45  -6229.22  -7470.32  -7437.8  -6717.87  -6430.74  
Period   4 -6549.35  -6879.43  -7256.67  -6650.81  -6222.21  -7078.97  
Period   5 -6047.01  -7402.51  -6292.06  -7902.25  -6960.93  -7289.36  
SCENARIO 46
UNDS0
Period   0 1964.51  3959.83  3414.51  1718.3  1834.48  3734.37  
Period   1 6127.01  3906.81  3969.66  5193.96  3841.68  2396.41  
Period   2 1818.37  1116.96  1333.05  6262.19  2306.05  6010.28  
Period   3 6823.14  1706.86  7148.62  7468.78  5837.73  5648.56  
Period   4 6541.17  2392.34  3371.27  3199.72  5586.74  2629.6  
Period   5 6115.27  4536.98  3999.99  3836.36  7039.88  5589.58  
UNDS1
Period   0 -7968.74  -7124.16  -7455.77  -7671.19  -7032.7  -6286.83  
Period   1 -10394.5  -5908.73  -6481.93  -8778.13  -7476.89  -10296.1  
Period   2 -6076.06  -6437.3  -5200.45  -6722.52  -5116.63  -6299.65  
Period   3 -6211.37  -6861.14  -7026.64  -6963.31  -6794.14  -7526.85  
Period   4 -6364.71  -7497.08  -7443.82  -6721.13  -7444.02  -6993.35  
Period   5 -7424.92  -7627.64  -6924.3  -6927.43  -6043.91  -6601.96  
SCENARIO 47
UNDS0
Period   0 3302.27  3237.46  2066.77  2004.91  2003.52  2595.08  
Period   1 5442.29  5187.53  5834.54  6319.28  4091.37  193.65  
Period   2 2306.68  1913.84  1323.13  4342.03  5745.71  2423.55  
Period   3 5125.26  5200.28  7378.27  3743.21  1878.38  2854.65  
Period   4 5641.7  4660.2  3724.69  5045.81  7197.49  6461.46  
Period   5 2893.13  2675.9  4201.16  2413.74  3945.74  4779.31  
UNDS1
Period   0 -6332.65  -7077.94  -6665.17  -7479.67  -7707.51  -6835.06  
Period   1 -8879.65  -7162.78  -9963.8  -8186.44  -6800.92  -8032.81  
Period   2 -5954.8  -5122.22  -7123.43  -5021.85  -7187.83  -4893.46  
Period   3 -6752.84  -7346.9  -6005.34  -7343.2  -6621.18  -6635.08  
Period   4 -7573.04  -6678.47  -7537.89  -6604.29  -6275.95  -6900.1  
Period   5 -7068.27  -7022.58  -7203.33  -6856.18  -6403.54  -6307.07  
SCENARIO 48
UNDS0
Period   0 2229.29  4089.93  2750.28  3507.15  2966.92  1245.82  
Period   1 5577.45  1604.82  2103.61  5733.43  4160.76  1924.71  
Period   2 6551.53  6447.49  1096.35  3089.13  1572.22  1288.02  
Period   3 4066.1  3862.31  3416.65  6474.52  3135.77  5361.26  
Period   4 6756.1  3065.51  8269.38  7381.77  3094.06  4090.93  
Period   5 5961.96  2839.57  2918.15  2734.05  7060.27  5751.24  
UNDS1
Period   0 -6386.65  -7823.3  -7226.35  -7812.94  -6549.68  -7299.82  
Period   1 -7819.28  -7297.96  -5991.88  -7000.31  -8653.72  -10377.3  
Period   2 -7404.57  -6545.64  -5896.55  -6469.14  -4966.84  -5597.74  
Period   3 -7241.3  -6337.59  -6828.47  -6469  -6280.35  -6288.23  
Period   4 -7562.55  -6333.7  -6038.65  -7491.77  -6345.48  -6895.34  
Period   5 -6857.13  -6679.72  -7594  -7336.21  -6976.75  -6752.36  
SCENARIO 49
UNDS0
Period   0 2705.32  3946.45  4182.15  4102.43  1325.38  1126.08  
Period   1 6159.39  1320.89  4345.22  4293.92  2582.41  4161.06  
Period   2 6316.38  4778.57  3583.43  1784.76  1272.13  1561.84  
Period   3 3957  6357.93  5871.48  6296.41  4963.07  5050.06  
Period   4 6742.44  5798.17  8271.08  7956.46  6454.08  1979.99  
Period   5 4682.35  2914.09  6912.12  6745.71  2501.25  6068.9  
UNDS1
Period   0 -8054.36  -8109.03  -7492.62  -8163.01  -6743.55  -6334.1  
Period   1 -7627.44  -8153.1  -5449.38  -6920.6  -7571.05  -5245.98  
Period   2 -6359.69  -7241.48  -6037.3  -7284.95  -5542.88  -5792.74  
Period   3 -7547.71  -7427.95  -6190.79  -7407.76  -7329.99  -6092.41  
Period   4 -6824.59  -6521.29  -7196.92  -6438.9  -7008.34  -6120.24  
Period   5 -6654.83  -7676.18  -7621.97  -6794.65  -7407.43  -6332.04  
