NBScenarios 100
SCENARIO 0
UNDS0
Period   0 3512.88  3895.65  3241.8  3302.45  1985.36  1441.1  
Period   1 4646.68  4609.84  5684.06  4256.18  5662.96  4810.95  
Period   2 4468.01  4978.86  4113.48  4730.66  980.783  822.433  
Period   3 5028  7285.68  5835.67  4150.52  5688.65  6343.86  
Period   4 6826.33  6210.95  7453.34  7092.9  4544.69  4992.57  
Period   5 5139.88  5154.83  6587.56  4820.26  4273.24  4972.35  
UNDS1
Period   0 -6681.71  -5979.59  -6773.26  -7101.58  -6578.81  -6990.82  
Period   1 -5826.6  -7963.76  -7777.8  -5806.52  -5426.62  -6158.33  
Period   2 -5408.39  -5809.78  -5331.68  -5102.03  -5279.04  -6463.91  
Period   3 -6350.3  -6525.74  -6471.16  -6015.41  -6248.54  -6812.03  
Period   4 -6463.17  -6435  -6691.34  -6176.72  -6553.29  -6502.93  
Period   5 -6487.19  -6294.36  -6235.5  -7169.1  -6217.53  -7277.52  
SCENARIO 1
UNDS0
Period   0 3990.05  3359.34  3395.66  3985.36  1406.43  1247.95  
Period   1 5268.97  2794.08  5263.81  3493.4  4750.83  4904.49  
Period   2 4769.02  4220.37  4987.47  3742.31  1452.84  918.48  
Period   3 7020.73  6858.98  4618.6  5657.98  4640.92  5584.05  
Period   4 7323.74  6425.83  7287.51  6530.94  4640.38  3601.44  
Period   5 5562.89  5281.1  5494.54  6036.81  5108.83  5847.09  
UNDS1
Period   0 -6612.67  -6009.2  -7561.49  -6204.48  -6281.67  -7249.59  
Period   1 -6257.01  -5589.35  -7628.6  -6035.9  -6903.74  -7128.41  
Period   2 -5842.53  -6566.64  -5025.81  -6090.81  -5134.63  -5153.06  
Period   3 -5981.03  -6031.3  -6717.67  -6283.02  -6194.31  -7036.67  
Period   4 -6509.8  -6064.37  -6460.15  -6799.09  -6570.35  -6778.14  
Period   5 -6471.44  -6287.96  -7572.07  -6544.71  -6995.18  -7078.85  
SCENARIO 2
UNDS0
Period   0 3406.53  3807.53  3266.43  2903.94  2800.77  1192.17  
Period   1 5603.93  5344.8  4385.9  4752.35  4470.42  3087.16  
Period   2 4475.7  4949.68  5523.57  2544.46  1460.88  979.464  
Period   3 4512.55  4727.44  5114.73  5498.1  5911.06  6433.08  
Period   4 5929.03  7640.63  8000.16  7725.7  5463.16  2455.95  
Period   5 6471.71  3766.86  5935.2  6848.9  5853.47  4140.55  
UNDS1
Period   0 -6355.18  -7133.37  -6348.2  -6439.35  -6695.65  -6811.95  
Period   1 -6424.06  -4991.32  -7873.75  -5853.85  -6341.21  -6849.38  
Period   2 -5129.95  -6704.44  -5053.71  -5797.95  -5231.16  -6131.93  
Period   3 -6016.08  -6725.15  -6266.49  -6179.1  -6042.43  -7316.88  
Period   4 -7046.39  -7026.2  -6393.45  -6022.4  -7073.9  -5996.79  
Period   5 -6447.06  -6901.96  -6520.92  -7373.67  -6095.49  -6424.17  
SCENARIO 3
UNDS0
Period   0 2970.24  3689.42  3874.09  3880.23  1678.8  1283.99  
Period   1 6188.82  3740.63  5955.42  2469.59  3202.63  5268.97  
Period   2 5925.78  5829  4151.09  2202.43  1041.67  875.447  
Period   3 7502.23  5608.19  4903.84  6623.36  6376.3  4014.15  
Period   4 7526.47  6830.85  5685.7  6263.01  6248.93  4235.31  
Period   5 5912.6  5527.56  4753.9  5037.03  5951.66  4605.63  
UNDS1
Period   0 -6435.76  -6301.17  -6385.55  -6688.1  -6602.46  -7040.23  
Period   1 -7445.76  -6187.59  -6674.29  -5729.36  -5788.13  -7447.74  
Period   2 -5761.04  -5986.06  -5419.58  -5801.49  -5168.99  -5133.26  
Period   3 -6520.46  -6194.5  -6061  -6265.49  -6116.25  -6841.62  
Period   4 -6509.65  -6295.62  -6150.32  -7037.03  -6294.35  -6704.78  
Period   5 -6562.81  -6584.94  -6791.92  -6309.29  -7138.64  -7124.41  
SCENARIO 4
UNDS0
Period   0 2939.57  3446  3466.43  3293.5  2541.28  1418.35  
Period   1 4759.02  3686.36  5279.53  6056.09  2722.21  5386.54  
Period   2 6509.29  5439.8  3693.37  1945.44  1575.62  879.095  
Period   3 5016.52  5132.77  3901.43  5684.24  6167.33  5956.78  
Period   4 5472.5  5541.55  5992.38  7023.85  6633.73  5896.96  
Period   5 5587.92  5897.38  6223.73  3438.57  4643.05  6261.27  
UNDS1
Period   0 -6138.14  -6618.06  -6260.24  -6670.75  -6838.94  -6825.08  
Period   1 -6595.02  -6209.1  -5388.73  -7787.88  -6567.75  -6269.66  
Period   2 -5559.11  -6225.27  -6334.72  -5245.99  -4983.27  -4818.36  
Period   3 -6340.24  -6289.15  -6204.7  -6080.44  -6346.98  -7020.21  
Period   4 -6068.73  -6996.88  -6863.81  -6087.52  -6483.91  -6777.25  
Period   5 -6419.17  -6069.79  -7070.3  -6297.58  -7397.46  -6774.61  
SCENARIO 5
UNDS0
Period   0 2718.55  4045.97  2554.17  3314.49  2885.65  1747.1  
Period   1 5319.18  5450.36  5781.04  4641.01  4941.19  3496.74  
Period   2 5999.56  4936.89  4247.67  2205.58  1577.37  983.69  
Period   3 3911.28  5289.37  4981.43  6166.05  3390  5473.28  
Period   4 5358.71  4872.42  5523.48  4728.48  4990.73  7693.84  
Period   5 3022.37  5015.19  6805.37  6316.1  6441.93  4520.91  
UNDS1
Period   0 -6627.83  -6939.74  -7127.19  -7068.26  -6825.3  -5994.25  
Period   1 -6967.4  -8045.87  -5943.58  -5579.82  -7603.5  -6036.06  
Period   2 -5311.31  -4959.26  -5605.2  -6216.3  -5463.78  -6035.01  
Period   3 -6363.98  -6538.91  -6550.54  -5972.91  -6296.74  -6335.02  
Period   4 -6071.93  -6186.44  -6537  -6269.79  -6366.71  -7428  
Period   5 -6226.56  -6574.03  -6916.36  -6707.38  -7406.41  -6000.89  
SCENARIO 6
UNDS0
Period   0 4046.77  2813.02  3365.85  3271.51  2667.57  1216.65  
Period   1 3494.52  3401.18  1868.81  3351.84  2814.37  5600.96  
Period   2 5208.92  6453.38  4811.37  1907.73  890.188  825.81  
Period   3 3367.06  6216.25  6075.46  5029.65  6322.95  6605.62  
Period   4 5526.2  6045.23  7832.05  5138.55  3330.12  3323.29  
Period   5 6153.23  5935.05  3979.43  4277.56  4012.01  6593.04  
UNDS1
Period   0 -6463.7  -6543.38  -6465.64  -7617.96  -6752.12  -6535.64  
Period   1 -6695.43  -6582.67  -8944.31  -6614.46  -7404  -5220.56  
Period   2 -5525.37  -4898.47  -5614.28  -4986.19  -5169.99  -7088.24  
Period   3 -6660.28  -6161.29  -6453.05  -5981.49  -6586.81  -6688.9  
Period   4 -6608.39  -6085.66  -6206.68  -6748.46  -6809.36  -7057.62  
Period   5 -7363.65  -6288.57  -6521.04  -6556.23  -6243.38  -7093.75  
SCENARIO 7
UNDS0
Period   0 3696.32  3082.67  3565.81  3858.53  1963.82  1180.29  
Period   1 4070.11  2598.38  4885.48  4728.3  5521.16  5167.42  
Period   2 4298.03  4465.58  5385.08  4068.06  943.259  910.696  
Period   3 5290.88  5255.76  5787.46  6263.62  7063.32  4583.31  
Period   4 4925.63  4869.73  5415.79  7518.45  4956.04  7084.32  
Period   5 5892.68  4458.71  6456.25  6195.76  6449.01  2934.5  
UNDS1
Period   0 -6864.28  -7127.08  -6137.56  -7006.84  -6075.34  -6092.13  
Period   1 -5056.46  -5672.87  -7391.19  -5250.58  -6178.13  -8845.22  
Period   2 -6382.72  -6157.83  -5857.81  -5028.32  -6297.74  -5228.4  
Period   3 -6079.29  -6118.07  -6060.45  -6692.51  -6392.15  -6663.52  
Period   4 -6503.01  -6928.73  -6121.72  -7101.88  -6280.82  -6042.44  
Period   5 -6063.79  -6510.77  -6167.62  -7054.46  -6456.72  -7549.99  
SCENARIO 8
UNDS0
Period   0 2997.91  3295.79  2061.65  4082.4  3506.69  1361.5  
Period   1 6254.53  5806.42  4580.01  4853.18  4860.58  3300.63  
Period   2 5159.68  4029.48  5442.34  3154.12  1464.81  833.835  
Period   3 5896.02  6044.41  6176.7  4937.61  7212.88  5852.68  
Period   4 5405.72  5965.36  6721.54  7401.96  7456.09  3492.84  
Period   5 4897.07  6391.71  6090.89  4100.23  5262.22  5863.82  
UNDS1
Period   0 -6085.29  -6233.78  -6296.01  -6302.7  -6728.28  -7428.44  
Period   1 -5635.18  -7023.57  -6643.68  -6886.33  -6432.92  -5920.07  
Period   2 -5185.76  -5458.62  -5568.6  -5957.09  -5245.92  -6108.86  
Period   3 -6253.66  -6245.56  -6483.63  -6085.88  -6288.59  -6887.75  
Period   4 -6709.13  -6149.99  -6393.6  -6868.51  -6321.16  -6644.57  
Period   5 -6736.83  -6265.47  -7090.31  -6489.51  -6925.38  -6301.73  
SCENARIO 9
UNDS0
Period   0 3687.8  2875.12  3357.06  3242.27  2875.9  1233.76  
Period   1 3470.36  6186.33  5714.92  5284.65  5659.9  2761.14  
Period   2 5337.85  5823.83  5778.67  1390.46  861.424  843.273  
Period   3 7038.01  4509.35  6749.29  5106.9  7057.52  4984.65  
Period   4 6951.12  5715.1  6667.21  7316.12  4957.21  5086.28  
Period   5 4790.32  6971.18  3834.36  4939.06  6488.44  6137.73  
UNDS1
Period   0 -6884.72  -6524.47  -7097.78  -6490.77  -6244.51  -6250.8  
Period   1 -5826.88  -7701.7  -5300.66  -5507.26  -6093.63  -8968.03  
Period   2 -4970.23  -6524.04  -4933.5  -6316.3  -4947.92  -5368.08  
Period   3 -6199.09  -6118.06  -6584.79  -6031.08  -6524.06  -6952.66  
Period   4 -6243.88  -6435.55  -6963.27  -6564.75  -6198.78  -6798.37  
Period   5 -6279  -6945.34  -6634.53  -6380.52  -6654.99  -6969.7  
SCENARIO 10
UNDS0
Period   0 3524.09  3749.66  2951.35  3456.29  2429.51  1268.3  
Period   1 5867.97  3673.35  4976.16  3720.74  4240.7  4292.2  
Period   2 4631.17  4029.66  5620.61  4127.94  872.906  816.306  
Period   3 6839.76  6006.4  6641.87  4830.54  4162.85  5576.67  
Period   4 7191.12  7793.98  7262.29  6778.88  5854.63  2105.8  
Period   5 6670.14  5111.58  6717.04  5131.45  4991.43  2857.09  
UNDS1
Period   0 -6818.75  -6755.67  -6598.31  -7255.25  -6264.97  -7059.17  
Period   1 -6697.63  -7374.37  -6340.85  -7213.55  -6065.07  -5990.16  
Period   2 -5894.44  -5138.16  -5854.15  -4955.68  -6053.27  -5811.73  
Period   3 -5917.26  -6138.18  -6404.81  -6324.67  -6995.97  -6455.36  
Period   4 -6100.65  -7081.61  -6543.8  -6183.55  -6304.19  -6694.95  
Period   5 -6943.82  -6867.78  -6286.18  -6683.09  -6367.83  -7114.53  
SCENARIO 11
UNDS0
Period   0 3879.59  3138.99  4123.6  3538.18  1597.04  1120.23  
Period   1 4225.9  6130.57  2560.95  5841.96  3894.49  5308.11  
Period   2 4309.14  6497.4  5242.79  2292.92  953.196  800.898  
Period   3 6478.94  6763.67  6731.29  7557.69  7570.46  1590.81  
Period   4 3984.87  5430.89  6744.43  6932.19  6461.03  5768.34  
Period   5 3909.55  5534.99  5038.91  5752.91  5921.29  4948.09  
UNDS1
Period   0 -6114.33  -6770.66  -7318.49  -6506  -6330.94  -6477.3  
Period   1 -6369.58  -6880.56  -5730.24  -7593.09  -6348.84  -5883.43  
Period   2 -4952.54  -5290.38  -5302.99  -6402.57  -5330.76  -6268.72  
Period   3 -6158.19  -5958.81  -6024.8  -6029.32  -6609.77  -7397.2  
Period   4 -6481.09  -6324.93  -6382.84  -6157.49  -6188.25  -7354.6  
Period   5 -6446.6  -6230.42  -7310.79  -6626.21  -6259.09  -7079.64  
SCENARIO 12
UNDS0
Period   0 3475.21  3585.09  3210.21  2971.83  2653.4  1382.93  
Period   1 4147.63  3137.09  2865  5139.89  4890.87  4581.71  
Period   2 6169.32  4215.06  5226.14  2483.47  986.209  968.173  
Period   3 6572.26  7367.33  6956.05  6750.91  7412.23  1603.64  
Period   4 7923.72  4684.22  6642.03  7323.36  5899.09  4151.41  
Period   5 4401.65  6143.49  4521.63  6422.53  6490.26  5375.72  
UNDS1
Period   0 -6267.64  -6469.8  -7275.86  -7427.96  -6334.42  -7608.92  
Period   1 -5412.41  -5609.93  -5397  -6401.32  -6245.61  -9105.96  
Period   2 -5801.44  -6351.75  -5097.33  -5268.41  -5287.64  -5404.8  
Period   3 -6342.89  -6023.07  -6203.49  -6467.75  -6327.06  -6985.86  
Period   4 -6564.47  -6316.85  -6467.18  -6095.22  -6491.77  -7019.91  
Period   5 -6426.58  -6522.76  -6292.21  -7133.41  -6932.06  -6850.81  
SCENARIO 13
UNDS0
Period   0 2335.75  3313.69  3228.35  3269.02  4133.97  1117.51  
Period   1 5993.16  4809.13  3426.7  3174.27  5066.12  3930.86  
Period   2 5601.5  5814.3  2467.88  1699.75  2948.64  1312.02  
Period   3 3481.87  7160.02  7052.15  5873.8  5064.96  3988.2  
Period   4 5780.07  5884.16  5793.61  6788.35  7060.26  5017.25  
Period   5 4130.94  4746.4  5604.87  4774.18  5578.19  5291.37  
UNDS1
Period   0 -7600.82  -6359.65  -7134.27  -6583.35  -6297.95  -7260.39  
Period   1 -6174.62  -5972.52  -6341.39  -7831.2  -8127.47  -8260.2  
Period   2 -5231.83  -6453.99  -4829.26  -5180.63  -5923.29  -6208.87  
Period   3 -6173.23  -5979.48  -5870.9  -5898.96  -6984.99  -7173.5  
Period   4 -6110.44  -6115.64  -6467.74  -6829.94  -6187.7  -7318.99  
Period   5 -6998.24  -6478.71  -6750.94  -6226.75  -7127.74  -6181.92  
SCENARIO 14
UNDS0
Period   0 3325.6  3321.49  3169.37  2357.49  3767.63  1394.5  
Period   1 4200.15  4507.44  4689.5  5572.13  4582.43  6044.52  
Period   2 5116.83  6316.58  5440.06  1452.24  964.453  808.604  
Period   3 7467.49  5313.86  5398.51  2727.66  5154  6017.01  
Period   4 4870.53  6938.93  6423.51  7267.3  7752.57  3843.29  
Period   5 5640.51  6523.9  6568.64  4844.99  5578.4  3168.18  
UNDS1
Period   0 -6274.35  -6332.72  -6532.54  -7107.87  -6576.62  -6808.2  
Period   1 -5232.99  -7586.03  -6082.23  -7099.09  -5699.28  -7308.72  
Period   2 -5232.38  -5532.09  -6155.15  -5865.27  -6337.12  -5240.42  
Period   3 -6370.92  -6431.29  -5978.13  -6165.05  -6317.33  -6988.73  
Period   4 -6718.15  -6256.37  -6533.06  -6479.13  -6439.77  -6863.76  
Period   5 -6399.42  -6243.93  -6866.37  -6108.1  -6435.13  -7583.42  
SCENARIO 15
UNDS0
Period   0 3897.32  3394.35  3826.64  3015.05  1616.5  1552.23  
Period   1 4604.26  3437.19  4994.42  5777.78  3670.67  3108.69  
Period   2 5490.06  5645.81  4915.17  1971.85  1181.51  823.882  
Period   3 7407.67  4488.19  7158.44  5393.51  4262.86  6230.64  
Period   4 5548.45  6077.29  7715.68  5403.71  7580.9  4223.51  
Period   5 6511.69  6074.5  4903.95  3934.11  5255.62  4927.94  
UNDS1
Period   0 -6154.06  -6899.12  -6314.64  -6609.22  -6323.55  -7252.75  
Period   1 -5970.58  -4928.84  -5486.38  -5830.87  -7095.65  -8750.77  
Period   2 -5850.25  -5130.59  -5462.24  -6297.58  -5833.38  -5518.87  
Period   3 -6067.02  -6776.16  -6039.26  -6940.96  -5928.15  -6865.78  
Period   4 -6518.86  -6659.79  -6486.09  -6191.88  -6555.55  -6467.02  
Period   5 -6204.98  -6277.44  -6660.2  -6458.97  -6730.58  -7489.7  
SCENARIO 16
UNDS0
Period   0 2641.97  3017.94  3627.06  3139.25  2968.15  1850.68  
Period   1 4092.71  2801.38  4556.99  3588.11  4551.76  4932.86  
Period   2 3815.84  4039.27  3914.71  4289.37  2742.29  1268.48  
Period   3 5716.22  7104.62  6081.35  5078.93  5874.24  4337.82  
Period   4 5515.77  5265.47  6161.03  8149.11  5055.92  5882.91  
Period   5 6332.7  6769.25  6949.08  4875.19  4473.31  3789.03  
UNDS1
Period   0 -6592.16  -6530.7  -6650.47  -6801.92  -6569.11  -6653.1  
Period   1 -7229.23  -5238.43  -6877.93  -5216.08  -5449.57  -9187.77  
Period   2 -5563.72  -5377.29  -5024.12  -5553.95  -4937.81  -6665.47  
Period   3 -6238.34  -6987.34  -5982.96  -6441.48  -5976.54  -6690.46  
Period   4 -6056.38  -6804.79  -6597.39  -6483.65  -6451.29  -6710.62  
Period   5 -6637.27  -6724.86  -6548.58  -6405.76  -6749.97  -7127.04  
SCENARIO 17
UNDS0
Period   0 2383.33  3172.58  3607.09  2999.66  3598.7  1541.5  
Period   1 6144.38  3276.87  5092.07  3173.42  5306.13  4291.01  
Period   2 6058  5254.76  4995.3  2010.14  955.974  823.909  
Period   3 7056.77  7424.02  5747.43  5064.34  6693.93  4100.65  
Period   4 6820.91  6349.29  6268.6  4916.71  7095.38  4955.92  
Period   5 5736.82  4934.5  4680.65  5397.22  4898.3  5482.93  
UNDS1
Period   0 -6466.23  -6312.44  -6502.71  -7364.61  -6739.42  -6899.81  
Period   1 -5599.05  -8089.34  -7073.32  -6206.83  -5847.16  -9117.02  
Period   2 -5596.63  -5588.04  -5078.85  -5889.55  -5623.53  -5694.91  
Period   3 -6134.56  -6295.39  -6219.98  -6166.58  -6109.57  -7014.03  
Period   4 -6614.05  -6350.8  -6431.58  -6779.73  -6567.71  -7073.86  
Period   5 -6686.2  -6656.11  -6464.77  -6437.68  -6524.39  -7512.12  
SCENARIO 18
UNDS0
Period   0 2297.29  2417.52  4127.17  1790.2  3496.26  2249.19  
Period   1 5710.32  5791.99  5540.15  5655.26  4848.31  2343.33  
Period   2 6358.24  4203.6  5126.19  1974.29  1469.36  913.902  
Period   3 5559.98  7601.26  5883.83  7135.77  4064.37  6237.29  
Period   4 5042.34  6644.35  6591.44  5783.36  7606.53  5121.33  
Period   5 5118.2  5284.46  3472.49  5436.21  5325.86  6393.45  
UNDS1
Period   0 -6585.57  -6794.71  -6035.55  -6313.62  -6833.99  -6455.93  
Period   1 -8146.07  -6157.68  -6670.81  -5819.35  -6200  -7035.81  
Period   2 -5653.82  -5934  -5665.36  -4940.97  -6275.14  -5614.45  
Period   3 -6513.6  -6574.79  -6496.51  -6362.46  -6453.59  -6683.67  
Period   4 -6302.74  -6254.06  -6262.73  -6493.81  -6431.22  -7106.05  
Period   5 -6751.89  -6878.25  -7166.29  -6179.72  -6254.04  -6359.62  
SCENARIO 19
UNDS0
Period   0 3694.67  3816.78  3654.06  2774.85  1914.28  1472.78  
Period   1 6016.54  4401.89  4945.77  5194.89  2286.41  4765.23  
Period   2 5885.98  3971.33  3695.35  4154.48  1409.99  966.82  
Period   3 4588.16  4158.03  6697.6  6634.06  6123.75  4898.63  
Period   4 6328.24  7625.56  3906.52  6973.76  6550.51  4065.11  
Period   5 6326.6  6736.94  5306.73  6153.51  5606.34  3433.05  
UNDS1
Period   0 -6298.84  -6346.75  -6637.65  -6773.29  -6824.36  -6163.7  
Period   1 -5696.3  -7526.33  -6812.63  -5903.72  -8229.92  -6323.17  
Period   2 -5266.53  -5453.2  -5505.19  -5125.74  -5323.39  -6782.01  
Period   3 -6812.5  -6406.61  -6597.48  -6163.61  -6048.13  -6649.84  
Period   4 -6678.31  -6031.77  -6142.4  -6603.76  -6613.75  -6939.35  
Period   5 -6254.48  -6575.82  -6235.87  -6665.97  -6964.64  -7007.28  
SCENARIO 20
UNDS0
Period   0 3391.26  3726.76  3781.39  3747.31  1278.77  1464.37  
Period   1 5481.87  4003.36  5184.36  4747.54  4632.19  5482.84  
Period   2 6087.17  5989.69  4433.02  1719.59  974.071  850.062  
Period   3 6149.71  6832.8  4085.9  6280.15  3893.69  6871.15  
Period   4 5567.16  7589.35  6712.17  6195.88  6521.65  4409.16  
Period   5 6430.23  4951.8  6450.42  6097.3  5980.2  2888.59  
UNDS1
Period   0 -6046.47  -6218.2  -6311.83  -6397.86  -6225.46  -7923.82  
Period   1 -8828.97  -6544.09  -7543.6  -6719.4  -7250.8  -5944.37  
Period   2 -4934.09  -4889.57  -5513.63  -5985.9  -4855.46  -7202.3  
Period   3 -6418.28  -6081.03  -6257.44  -5896.74  -5940.47  -7266.1  
Period   4 -6051.35  -6651.89  -6433.68  -6392.28  -6539.52  -6938.44  
Period   5 -7192.7  -6096.3  -6571.45  -6617.28  -6697.47  -6702.08  
SCENARIO 21
UNDS0
Period   0 4183.15  3527.81  2289.75  3375.08  2296.5  1541.32  
Period   1 4801.62  5667.51  6291.42  3361.72  6176.63  3190.1  
Period   2 5863.62  4522.6  3515.05  3372.37  1405.17  1331.51  
Period   3 7218.82  6146.88  6193.49  6756.01  5705.88  3079.91  
Period   4 6679.87  8129.44  7372.47  5926.2  6154.65  2803.79  
Period   5 6325.31  5915.66  5464.4  6277.02  6159.4  2586.72  
UNDS1
Period   0 -6520.37  -7022.28  -6291.7  -6607.87  -6969.18  -6398.31  
Period   1 -7443.03  -6183.12  -9086.06  -5642.37  -6003.27  -5247.31  
Period   2 -5301.4  -5111.47  -5269.52  -4922.31  -6248.95  -6745.68  
Period   3 -6081.84  -6328.34  -6640.18  -6262  -6557.74  -6747.53  
Period   4 -6844.24  -6676.25  -6489.13  -6496.96  -6679.56  -6600.22  
Period   5 -7220.82  -6311.1  -6461.23  -7386.51  -7058.26  -6336  
SCENARIO 22
UNDS0
Period   0 3306.48  3004.67  3022.37  3339.32  3485.71  1219.18  
Period   1 2762.92  5267.05  5398.81  5780.78  5631.45  4502.98  
Period   2 4875.44  6403.41  4980.56  1631.1  1264.87  893.793  
Period   3 5111.5  6687.72  5296.73  4836.88  5053  5367.02  
Period   4 8032.8  7694.04  7451.9  7440.2  3835.9  2789.72  
Period   5 4613.29  6258.11  6520.7  4584.82  4375.42  6194.22  
UNDS1
Period   0 -7229.3  -7139.82  -6991.06  -6447.95  -7202.13  -6133.58  
Period   1 -5631.37  -6126.35  -7520.02  -5956.95  -5454.75  -8515.13  
Period   2 -5915.12  -4952.97  -5716.37  -4948.64  -5030.47  -6669.92  
Period   3 -6430.6  -6479.15  -6740.2  -6902.13  -6155.19  -6257.72  
Period   4 -5986.62  -6452  -6038.37  -6219.86  -7190.33  -7172.61  
Period   5 -7088.38  -6328.12  -6667.04  -6244.45  -6773.69  -7010.87  
SCENARIO 23
UNDS0
Period   0 3194.2  2950.06  3726.87  3824.91  2331.28  1306.38  
Period   1 2386.05  3556.69  4891.6  4501  3544.32  1276.13  
Period   2 4649.1  4585.98  5904.21  2440.82  1340.28  1091.63  
Period   3 6667.79  6775.26  6321.59  6411.97  6339.6  3516.59  
Period   4 7640.27  4439.1  7398.26  5710.54  7431.41  3016.06  
Period   5 6558.89  6790.85  4194.98  5833.03  6286.7  3422.51  
UNDS1
Period   0 -6706.14  -6225.28  -6404.05  -6478.44  -6668.84  -7302.49  
Period   1 -5658.33  -7747.09  -5906.41  -5566.41  -6473.73  -7482.62  
Period   2 -5490.73  -4920.68  -6657.22  -5850.52  -5269.04  -6900.57  
Period   3 -6143.62  -5967.7  -5983.66  -6737.41  -6480.03  -6831.29  
Period   4 -6476.46  -6279.58  -6872.92  -6049.28  -6235.6  -7048.05  
Period   5 -6553.59  -6474.35  -6642.95  -6182.38  -6504.67  -7397.79  
SCENARIO 24
UNDS0
Period   0 3418.65  3290.37  3863.06  3678.36  1819.83  1235.73  
Period   1 4573.7  2676.48  3651.37  4169.2  4853.96  3775.47  
Period   2 4561.9  3819.14  5360.17  3969.55  1390.72  973.658  
Period   3 6842.26  6783.87  6859.34  4359.07  6005.6  5550.16  
Period   4 7889.22  4274.42  6454.96  6427.3  7688.57  4139.17  
Period   5 4149.87  6523.34  2950.22  5983.43  4977.64  5664.36  
UNDS1
Period   0 -6720.99  -7100.55  -7239.74  -6556.22  -6214.64  -6172.08  
Period   1 -5844  -6052.12  -6065.78  -9091.97  -6297.55  -6460.52  
Period   2 -4949.56  -4965.4  -5916.17  -4863.3  -5593.28  -7211.04  
Period   3 -6949.4  -6174.38  -7009.72  -6435.52  -6207.77  -6590.45  
Period   4 -6012.33  -6525.38  -6310.97  -6417.39  -6778.61  -6835.24  
Period   5 -6304.45  -6154.24  -6702.94  -6533.32  -7096.52  -7387.73  
SCENARIO 25
UNDS0
Period   0 3656.72  3702.63  3510.51  3264.71  1821.48  1377.88  
Period   1 5056.64  5028.91  4988.87  4953.92  3159.27  6024.81  
Period   2 4698.17  5811.24  6424.87  1478.19  852.575  823.428  
Period   3 6307.04  6060.65  6553.46  6557.78  6410.72  4010.51  
Period   4 4675.79  4917.16  7165.59  4887.17  5263.05  7853.13  
Period   5 5390.08  6455.37  5664.65  4156.8  5714.7  5967.78  
UNDS1
Period   0 -6113.11  -6753.36  -6526.84  -6092.23  -7239.68  -7016.81  
Period   1 -7228.9  -7165.79  -6563.83  -8192.12  -5566.25  -6398.94  
Period   2 -5226.02  -5213.78  -5294.56  -6014.58  -4915.92  -6838.89  
Period   3 -6400.45  -6017.43  -6215.59  -6349.9  -6127.87  -6907.22  
Period   4 -6910.77  -6877.01  -6542.46  -6637.75  -6098.69  -6341.58  
Period   5 -6763  -6215.95  -6926.42  -6197.34  -6221.77  -7478.87  
SCENARIO 26
UNDS0
Period   0 3435.42  3905.98  3637.28  3299.19  1648.45  1423.83  
Period   1 3079.11  3123.51  5711.87  2170.07  5949.56  5315.08  
Period   2 4948.92  6193.97  3870.88  2485.1  1187.15  1225.13  
Period   3 7169.55  6164.78  5484.48  5475.47  7141.44  3571.29  
Period   4 6395.22  7696.51  4735.33  5425.84  6027.09  5929.73  
Period   5 5195.4  6353.15  6677.76  3718.34  3075.25  4215.1  
UNDS1
Period   0 -7022.93  -6829.72  -6539.31  -6185.92  -7481.55  -6444.03  
Period   1 -4970.29  -5602.89  -6018.91  -6286.23  -7553.93  -7637.33  
Period   2 -5753.56  -5884.09  -5795.76  -5828  -6485.85  -5726.55  
Period   3 -6756.45  -5993  -5967.87  -6385.92  -7012.63  -6095.83  
Period   4 -6338.49  -6513.96  -6400.93  -6495.32  -6235.86  -6865.82  
Period   5 -7095.49  -6297.27  -7055.04  -7008.81  -6702.07  -6511.97  
SCENARIO 27
UNDS0
Period   0 2167.61  3393  3219.56  3451.92  3091.06  1734.86  
Period   1 4604.66  3130.98  5286.73  2650.33  4274.39  5361.08  
Period   2 4654.24  5030.32  4936.16  2763.94  1453.15  992.434  
Period   3 6164.1  6422.53  5515.3  7117.54  5142.18  5290.51  
Period   4 7789.19  5470.5  6163.69  4149.88  5967.84  6217.94  
Period   5 6887.11  5843.22  5394.52  6344.18  5651.53  2805.41  
UNDS1
Period   0 -6542.54  -6439.73  -6462.02  -7016.64  -6933.21  -6509.83  
Period   1 -7546.73  -5002.31  -5395.81  -5639.09  -7999.91  -8022.05  
Period   2 -5583.82  -5728.58  -5871.33  -5476.29  -6122.13  -5916.2  
Period   3 -6023.8  -6033.8  -6658.38  -6498.75  -6658.32  -6607.32  
Period   4 -6650.83  -6038.45  -6557.51  -6441.99  -6529.83  -6886.8  
Period   5 -7053.31  -6212.36  -6367.01  -6945.56  -6183.77  -7043.88  
SCENARIO 28
UNDS0
Period   0 3585.85  3048.27  4048.18  4076.8  1451.02  1159.36  
Period   1 4821.99  5442.07  5733.82  5464.17  3759.42  3679.19  
Period   2 6338.85  4427.05  3974.91  2805.57  1412.47  1007.85  
Period   3 4231.58  3768.7  6685.19  4801.19  5559.83  6154.61  
Period   4 6234.65  7029.81  2596.59  6559.01  7529.7  6391.66  
Period   5 7000.01  4568.13  6254  4794.42  5426.17  3209.91  
UNDS1
Period   0 -6793.68  -7406.91  -6846.74  -6376.03  -7066.05  -6622.91  
Period   1 -7473.71  -6334.15  -7007.61  -7632.11  -6089.27  -6366.34  
Period   2 -5805.36  -4921.78  -5168.66  -6501.03  -4969.82  -6117.81  
Period   3 -6595.29  -6730.01  -6219.33  -6256.18  -6200.87  -6227.16  
Period   4 -6664.15  -6138.45  -6492.87  -6219.23  -6589.24  -6792.38  
Period   5 -6570.91  -6797.9  -6086.09  -6101.62  -6953.73  -7417.22  
SCENARIO 29
UNDS0
Period   0 3645.26  2147.69  3929.84  3285.43  2262.24  1464.19  
Period   1 3959.55  4162.3  4703.13  3733.33  5165.63  5486.25  
Period   2 5638.55  4762.17  5958.84  1932.58  986.647  815.33  
Period   3 6594.48  5027.83  6881.26  6454.32  7014.69  3182.75  
Period   4 4599.35  6219.8  7056.07  7227.06  7008.75  4439.32  
Period   5 5796.76  4813.53  5753.91  6246.38  5016.57  3198.03  
UNDS1
Period   0 -6046.21  -6519.55  -7203.92  -6717.35  -7197.13  -6238.86  
Period   1 -7722.06  -6951.75  -7812.51  -7251.66  -6923.34  -6393.16  
Period   2 -5432.84  -6858.55  -6324.33  -5560.01  -4806.86  -6559.38  
Period   3 -6536.2  -6859.46  -6494.01  -6897.82  -6531.12  -6308.98  
Period   4 -6002.64  -6810.72  -6927.1  -6626.03  -6160.91  -6847.05  
Period   5 -6303  -6694.54  -6841.99  -7292.4  -6583.02  -6408.03  
SCENARIO 30
UNDS0
Period   0 3598.62  3049.43  3381.99  3057.55  2768.1  1461.46  
Period   1 5015.55  5413.83  6041.91  5128.13  4073.01  2974.84  
Period   2 5252.15  3757.44  5833.72  2663.64  1646.09  937.37  
Period   3 7148.82  5346.54  6109.56  7097.97  4730.15  4973.28  
Period   4 5295.56  4776.82  5819.55  6143.48  4492.25  6682.66  
Period   5 5913.04  6199.1  4469.04  6767.2  5412.34  4463.79  
UNDS1
Period   0 -6377.82  -6476.68  -6561.04  -7238.11  -6607.77  -6904.41  
Period   1 -7094.97  -5047.3  -5369.72  -6662.17  -8506.82  -6053.62  
Period   2 -5031.42  -6354.38  -5250.51  -6032.4  -5588.41  -5766.03  
Period   3 -6298.81  -6447.62  -6457.84  -6453.83  -5897.04  -6343  
Period   4 -6305.7  -6149.85  -6466.73  -6598.15  -6644.88  -6992.9  
Period   5 -7158.68  -6828.53  -6656.09  -6624.54  -6460.44  -6280.5  
SCENARIO 31
UNDS0
Period   0 3688.58  2921.42  3665.79  3505.89  1941.16  1479.49  
Period   1 5359.81  3779.37  4513.99  5365.41  5060.99  4968.97  
Period   2 3490.47  3437.7  4302.75  4124.73  3355.65  1306.89  
Period   3 6363.82  6126.59  6704.81  5757  6746.98  4416.5  
Period   4 5494.54  7452.87  6559.62  5557.98  6097.52  4796.04  
Period   5 5848.73  6081.64  6084.94  4491.73  5304.18  4714.13  
UNDS1
Period   0 -6723.24  -6339.39  -6395.45  -6053.47  -6591.54  -7213  
Period   1 -6034.88  -6708.73  -7588.27  -6518.56  -7125.22  -5905.16  
Period   2 -5889.86  -5874.66  -5309.34  -5476.05  -6131.41  -5470.53  
Period   3 -6070.72  -6379.75  -6349.26  -6184.44  -6463.17  -6869.23  
Period   4 -6677.53  -6285.52  -6542.5  -6916.38  -6482.17  -6626.88  
Period   5 -6221.65  -6291.61  -6286.69  -6031.84  -7276.16  -7614.31  
SCENARIO 32
UNDS0
Period   0 3450.42  2732.8  3402.45  2254.21  3039.06  2281.85  
Period   1 5495.58  4106.39  4911.86  4997.22  3997.26  4550.45  
Period   2 5090.02  6471.21  4443.1  2097.78  995.705  913.95  
Period   3 6259.66  5721.57  6508.29  5187.85  6581.9  4710.41  
Period   4 8172.12  6153.71  7421.45  5027.38  6552.38  3496.53  
Period   5 5996.61  6333.65  5990.81  4764.6  5726.25  3888.42  
UNDS1
Period   0 -6711.59  -6267.7  -6652.86  -6888.79  -7204.45  -6945.74  
Period   1 -5550.32  -6623.98  -7731.46  -6842.23  -5478.24  -7932.17  
Period   2 -6607.74  -5135.73  -5392.9  -5296.54  -5081.21  -5818.82  
Period   3 -6316.91  -6416.43  -6291.97  -6681.86  -6272.56  -6108.52  
Period   4 -6743.84  -6238.99  -6203.39  -6210.59  -6647.75  -7034.42  
Period   5 -6623.4  -6598.37  -7064.89  -6943.92  -6257.19  -6642.15  
SCENARIO 33
UNDS0
Period   0 2559.51  3088.12  2851.59  3004.83  3212.85  2145.26  
Period   1 5615.67  4922.04  5541.76  5605.1  5903.39  1995.1  
Period   2 4292.39  5855.2  5469.72  1565.56  1735.43  1148.68  
Period   3 3908.67  3843.31  6060.32  6328.06  6455.23  6237.19  
Period   4 7524.05  6100.23  5696.59  7505.08  5060.58  4601.27  
Period   5 6522.28  5504.07  6191.34  6362.53  5363.72  3658.45  
UNDS1
Period   0 -6791.66  -6693  -6901.58  -6198.81  -7513.8  -6703.57  
Period   1 -7102.47  -5137.69  -6456.4  -5359.26  -7663.11  -7341.95  
Period   2 -5030.19  -5604.54  -5479.35  -5464.37  -5543.56  -6502.5  
Period   3 -6264.73  -6086.1  -6499.44  -6321.14  -6352.58  -6628.69  
Period   4 -6040.4  -6547.97  -6953.52  -6451.1  -6976.48  -6058.63  
Period   5 -6622.21  -6644.16  -6778.53  -6578.47  -6882.64  -6642.23  
SCENARIO 34
UNDS0
Period   0 3432.04  3676.02  3029.5  3329.38  2625.96  1244.11  
Period   1 4771.55  5264.43  4875.22  4175.13  6096.53  4657.58  
Period   2 4804.84  5307.35  5556.84  2317.87  1187.36  900.083  
Period   3 6102  6579.43  7246.46  5675.73  5030.19  5249.24  
Period   4 4954.19  7933.23  4843.26  7270.34  6381.34  5016.96  
Period   5 5198.73  5333.22  6372.79  6862.19  5925.08  2942.49  
UNDS1
Period   0 -6774.62  -6489.82  -6825.81  -7018.92  -6632.75  -6528.56  
Period   1 -6540.47  -7374.94  -6717.54  -6927.13  -6120.66  -6143  
Period   2 -6177.45  -5292.75  -5496.05  -4860.58  -5934.38  -5719.23  
Period   3 -5996.09  -5982.86  -6386.33  -6621.09  -6290.06  -6735.18  
Period   4 -6433.03  -6638.29  -7132.57  -6606.24  -6096.49  -6160.84  
Period   5 -6412.95  -6427.26  -6415.6  -6946.58  -6445.55  -7189.63  
SCENARIO 35
UNDS0
Period   0 3277.29  3819.86  3159.7  2999.09  1961.79  2064.79  
Period   1 5499.07  3941.75  5575.49  5041.25  4902.3  4268.94  
Period   2 5659.54  6056.32  3561.7  2301.48  1315.02  1155.72  
Period   3 7291.37  6020.79  6945.12  7093.69  6572.93  2656.67  
Period   4 6210.82  7644.63  6890.6  6845.44  6313.21  3175.32  
Period   5 5205.75  6536.75  6079.76  4789.28  4635.4  5598.18  
UNDS1
Period   0 -6584.81  -6641.58  -6321.53  -6294.66  -6269.78  -7107.78  
Period   1 -6523.64  -6406.38  -6667.79  -8081.97  -5081.19  -6486.17  
Period   2 -5726.74  -5305.72  -4880.43  -5355.4  -6082.92  -6221.63  
Period   3 -6462.11  -6041.79  -7067.41  -6309.7  -6722.65  -6356.6  
Period   4 -6093.95  -6601.89  -6177  -5999.51  -6696.28  -7250.63  
Period   5 -6926.39  -7360.94  -7268.06  -6524.29  -7045.36  -6219.7  
SCENARIO 36
UNDS0
Period   0 3902.09  3541.75  2924.48  3981.21  1750.56  1204.38  
Period   1 5139.5  1836.82  3372.54  6109.43  4720.83  3461.36  
Period   2 6049.65  5245.44  4323.29  1863.29  1683.88  904.504  
Period   3 7228.1  5941.52  6218.74  4901.48  5401.98  4441.27  
Period   4 6059.85  6346.11  8132.05  7944.34  6674.91  2062.06  
Period   5 6338.78  5827.65  5863.26  4763.04  4204.17  6016.81  
UNDS1
Period   0 -6045.4  -6134.82  -6799.22  -6236.97  -6617.21  -7398.7  
Period   1 -6792.67  -7462.99  -5858.68  -5368.67  -6736.17  -7854.91  
Period   2 -4937.77  -5388.92  -7015  -5186.56  -6264.82  -6419.75  
Period   3 -6720.53  -5941.87  -6065.15  -6578.55  -6012.1  -6572.42  
Period   4 -6142.51  -6149.28  -6442.72  -6554.69  -6220.91  -7354.47  
Period   5 -6179.74  -6724.82  -6518.07  -6547.03  -6790.26  -7103.26  
SCENARIO 37
UNDS0
Period   0 4006.09  2454.55  3550.31  3923.9  1388.27  1753.33  
Period   1 6077.16  3417.3  4688.07  5677.28  5247.75  3885.35  
Period   2 4577.2  4530.22  3246.51  4557.37  1876.28  1293.77  
Period   3 5375.57  6987.3  6116.35  6124.67  4401.77  4732.36  
Period   4 7333.8  8186.91  5517.34  8190.55  5975.98  2071  
Period   5 5724.89  6271.13  5594.62  3917.36  4308.12  6478.25  
UNDS1
Period   0 -6662.11  -7030.2  -7100.61  -7217.31  -7085.14  -6476.28  
Period   1 -7193.84  -6351.64  -6027.96  -7529.36  -7154.7  -7309.11  
Period   2 -6001.58  -5406.23  -5227.39  -5564.35  -5454.85  -6700.43  
Period   3 -6368.26  -6230.43  -5978.02  -6290.1  -6656.31  -6354.93  
Period   4 -6742.7  -6212.1  -6151.44  -5995.58  -6268.28  -7456.43  
Period   5 -6680.43  -6616.43  -7062.16  -6407.56  -6442.92  -6870.45  
SCENARIO 38
UNDS0
Period   0 3801.47  3834.81  3235.3  3378.81  1803.11  1290.04  
Period   1 4112.63  3206.58  4949.59  4110.64  4729.54  5690.78  
Period   2 4028.62  5106.32  4832.39  3705.64  1502.06  922.307  
Period   3 5370.88  5647.34  5594.33  5117.33  7565.79  4657.19  
Period   4 7795.53  4966.69  5500.5  6282.62  5274.28  6419.22  
Period   5 6239.43  5865.74  5494.84  5000.93  6123.85  4639.56  
UNDS1
Period   0 -6572.48  -6190.4  -6268.26  -6759.97  -6545.51  -7423.19  
Period   1 -7687.87  -5675.89  -6853.11  -7227.05  -4986.27  -7670.69  
Period   2 -5588.09  -5092.98  -6842.24  -5634.49  -4855.12  -5609.71  
Period   3 -6069.6  -6283.37  -6307.39  -7139.32  -6863.71  -6034.3  
Period   4 -6267.67  -6518.29  -6612.23  -6083.48  -6414.36  -6964.48  
Period   5 -7099.9  -6366  -6642.87  -6724.19  -6245.84  -6789.82  
SCENARIO 39
UNDS0
Period   0 3580.08  3477.98  3643.85  3981.57  1566.46  1133.7  
Period   1 5252.68  4241.1  4019.21  3980.04  4985.56  4112.69  
Period   2 5044.93  6154.04  5035.9  2114.99  915.743  825.76  
Period   3 5272.64  6928.85  6082.91  7451.73  6429.35  3823.32  
Period   4 7804.04  6287.52  7409.76  6529.29  6865.86  2363.8  
Period   5 4513.66  5497.98  5112.89  5402.32  6087.95  5761.96  
UNDS1
Period   0 -6032.14  -6653  -6164.91  -6521.46  -6124.11  -7606.45  
Period   1 -5413.37  -7078.95  -8182.7  -5242.24  -5644.34  -7112.14  
Period   2 -6206.86  -5210.22  -5624.82  -4865.19  -5423.66  -6685.15  
Period   3 -6494.48  -6102.5  -6780.74  -6398.04  -6724.09  -6645.78  
Period   4 -6203.62  -6216.06  -6840.74  -6533.72  -6290.79  -6904.88  
Period   5 -6368.16  -6537.85  -6364.01  -7417.68  -6988.75  -7224.52  
SCENARIO 40
UNDS0
Period   0 2496.35  3336.33  3939.54  2708.12  2883.33  1467.58  
Period   1 4485.96  5528.97  3590.51  4473.01  5411.63  3360.72  
Period   2 4319.51  5438.74  4703.37  3427.12  1291.92  863.254  
Period   3 5405.16  4930.04  5376.17  6839.88  4892.5  6074.98  
Period   4 7488.31  4847.38  7872.39  7777.93  6634.63  2475.63  
Period   5 4491.06  4989.23  6327.27  5803.17  5822.58  5075.96  
UNDS1
Period   0 -6923.13  -6257.29  -6685.11  -6522.51  -6403.05  -6714.8  
Period   1 -7693.8  -6158.23  -6270.55  -6408.8  -5307.03  -7199.26  
Period   2 -5042.33  -6158.86  -6192.62  -5394.62  -5548.22  -5198.91  
Period   3 -6248.14  -6294.8  -6538.58  -5952.39  -6613.31  -6828.09  
Period   4 -6405.99  -6236.63  -6780.26  -6430.81  -6641.16  -6773.72  
Period   5 -6904.36  -7057.99  -6559.54  -7061.74  -6177.96  -6159.69  
SCENARIO 41
UNDS0
Period   0 2375.03  3180.36  2976.98  3937.42  3776.54  1140.79  
Period   1 2581.4  3672.17  5934.76  4401  3647.85  3494.21  
Period   2 4858.6  3517.36  4287.55  5369.56  988.684  1031.77  
Period   3 6994  7197.23  6019.59  6268.41  6300.7  3420.02  
Period   4 7671.7  6293.53  6301.13  7132.79  6962.25  2460.97  
Period   5 5294.36  6466.15  6330.26  5647.27  4342.53  4863.62  
UNDS1
Period   0 -6795.01  -6740.54  -6163.88  -6560.88  -6645.46  -6533.85  
Period   1 -6028.26  -7678.73  -5221.44  -7261.51  -7630.03  -6058.45  
Period   2 -4961.7  -5481.47  -5090.19  -5731.54  -5872.96  -6685.72  
Period   3 -6201.99  -7130.78  -6258.72  -6163.9  -5997.44  -6520.16  
Period   4 -6366.36  -6519.51  -6081.06  -6257.35  -6673.29  -6910.67  
Period   5 -6407.57  -6358.54  -6287.89  -6125.64  -6532.62  -7868.13  
SCENARIO 42
UNDS0
Period   0 3196.57  3581.74  3158.92  2401.24  3070.44  1863.94  
Period   1 3897.07  4314.47  3566.96  5524.87  5324.87  4592.7  
Period   2 4910.55  3466.8  3020.19  5341.84  1982.8  1019.31  
Period   3 6517.37  3621.42  5265.62  6577.25  5900.01  7436.62  
Period   4 6624.04  6510.61  7288.29  7299.93  5573.32  2996.56  
Period   5 5668.76  4356.3  5288.34  6501.14  4266.51  5922.49  
UNDS1
Period   0 -7080.18  -6147.63  -6110.68  -6090.95  -6517.68  -7448.93  
Period   1 -6115.95  -8414.66  -6485.45  -5563.5  -5967.91  -6179.28  
Period   2 -5526.43  -5885.81  -4914.75  -4799.08  -5011.29  -7239.87  
Period   3 -6523.2  -6121.27  -6092.51  -6772.8  -6038.25  -6618.37  
Period   4 -7022.8  -6193.99  -6646.76  -6357.29  -6398.43  -6430.28  
Period   5 -6262.39  -6926.31  -6652.38  -6224.04  -6198.5  -7382.55  
SCENARIO 43
UNDS0
Period   0 3190.35  3464.67  4114.33  2419.06  2780.07  1309.46  
Period   1 2248.35  3224.72  5569.3  4665.47  5721.71  4288.62  
Period   2 6473.08  6099.24  3328.69  2484  879.505  820.028  
Period   3 7016.96  6622.82  6113.4  6221.75  6232.92  3941.68  
Period   4 5172.91  5724.99  7187.71  6682.86  7370.41  4650.39  
Period   5 4414.56  5790.67  6337.61  6044  5201.03  5826.24  
UNDS1
Period   0 -6675.93  -6629.99  -6429.14  -6251.21  -6519.41  -6938.89  
Period   1 -6791.5  -5653.61  -6658.88  -7996.75  -7655.99  -6321.86  
Period   2 -5870.15  -5762.07  -5434.14  -5550.3  -5893.1  -5449.88  
Period   3 -6620.11  -6334.69  -6500.69  -6468.32  -6382.05  -6305.52  
Period   4 -6507.51  -6296.4  -6644.16  -6329.84  -6176.79  -7065.91  
Period   5 -6580.18  -6563.84  -6321.88  -6385.49  -6983.03  -7358  
SCENARIO 44
UNDS0
Period   0 4176.5  3417.99  4052.63  3458.5  1125.25  1161.81  
Period   1 4509.15  6199.32  4910.56  5320.57  3578.24  3552.26  
Period   2 3223.63  5452.03  6005.64  2719.67  1844.69  831.492  
Period   3 6910.18  6090.53  6011.47  7326.56  4667.79  5077.27  
Period   4 6147.95  6402.78  6653.77  6868.32  8021.49  3045.65  
Period   5 5436.3  6044.54  5289.71  5574.94  6598.2  3142.76  
UNDS1
Period   0 -6886.72  -7181.87  -6327.74  -6845.99  -6527.33  -6579.38  
Period   1 -7863.56  -7942.7  -7477.78  -7619.89  -5764.87  -5249.7  
Period   2 -4834.93  -4895.27  -4754.99  -5044.19  -6174.89  -7432.2  
Period   3 -6150.07  -6167.73  -6364.28  -5975.41  -6093.94  -7359.24  
Period   4 -6519.5  -6186.7  -6599.23  -6982.67  -6324.17  -6344.84  
Period   5 -6243.38  -6490.64  -6387.63  -6882.8  -6433.82  -7218.53  
SCENARIO 45
UNDS0
Period   0 3362.19  3590.27  2665.53  3749.03  2217.17  1389.85  
Period   1 3661.15  5718.2  5313.32  5058.64  3776.37  5039.95  
Period   2 4757.01  5883.39  5195.22  2274.68  1114.76  871.318  
Period   3 5541.47  5674.41  7170.45  7001.4  6893.39  3485.06  
Period   4 7187.83  7212.54  7140.23  6692.75  6049.04  2214.84  
Period   5 5318.18  4701.92  6599.27  5489.93  5313.44  5880.55  
UNDS1
Period   0 -6415.95  -6909.87  -6996.29  -6367.55  -6850.14  -6222.91  
Period   1 -7401.26  -6325.37  -5817.49  -8276.03  -5086.52  -6152.2  
Period   2 -5703.31  -5499.47  -5671.19  -5884.1  -5232.01  -5917.23  
Period   3 -6152.96  -6531.77  -6649.12  -6530.9  -6330.28  -6098.85  
Period   4 -6189.09  -6385.66  -6445.64  -6853.92  -6100.58  -6998.23  
Period   5 -6388.4  -6635.01  -6519.73  -7137.44  -6641.47  -6339.02  
SCENARIO 46
UNDS0
Period   0 3831.42  3938.27  3925.53  2739.65  1761.36  1173.85  
Period   1 4823.91  4397.91  4322.35  6024.73  3277.68  1904.25  
Period   2 3520.26  5548.27  4171.73  4161.09  1695.41  913.667  
Period   3 7075.38  5215.13  6689.39  6512.43  5665.19  4685.75  
Period   4 6880.43  3952.7  5818.12  5580.85  5747.61  7174.41  
Period   5 5032.89  6072.68  6653.42  4955.62  5393.57  5369.32  
UNDS1
Period   0 -6015.68  -6551.8  -6525.42  -6297.74  -6166.56  -7516.26  
Period   1 -6275.8  -5768.61  -5689.51  -7433.09  -8088.62  -7469.98  
Period   2 -5491.57  -6041.63  -5626.7  -5211.02  -6157.81  -5956.66  
Period   3 -6382.41  -6404.57  -6103.55  -6257.46  -6769.51  -6388.28  
Period   4 -6484.36  -6712.72  -6080.35  -6081.43  -6437.23  -6996.16  
Period   5 -6390.59  -6764.21  -6435.01  -6758.71  -6546.12  -7079.24  
SCENARIO 47
UNDS0
Period   0 3878.94  3714.57  3464.09  3247.92  1868.07  1203.82  
Period   1 1581.93  3839.33  4449.78  4424.06  4503.67  5217.66  
Period   2 2960.61  5361.63  4561.65  3653.93  2503.27  892.404  
Period   3 7293.81  4728.1  7163.76  6721.08  6376.38  3564.42  
Period   4 5027.95  6909.25  7883.36  6433.05  6748.83  3060.5  
Period   5 6230.4  4658.14  6278.6  5144.19  4792.69  6203.84  
UNDS1
Period   0 -6239  -6269.85  -6310.03  -6168.96  -6412.79  -7570.28  
Period   1 -5816.95  -8441.28  -6274.22  -7183.97  -6401.74  -7704  
Period   2 -5718.09  -5521.86  -5470.57  -5665.78  -5653.05  -5829.75  
Period   3 -6119.77  -6249.03  -6233.77  -6350.67  -6567.55  -6632.93  
Period   4 -6211.29  -6689.87  -6532.9  -6657.29  -6152.84  -6723.83  
Period   5 -6114.74  -6276.54  -6401.47  -6269.65  -7018.51  -7691.2  
SCENARIO 48
UNDS0
Period   0 3919.44  2434.22  3875.63  2515.25  2606.6  1650.98  
Period   1 4975.71  4495.26  5766.85  3995.07  1723.64  3300.59  
Period   2 6294.55  5886.32  3344.1  2246.91  1444.29  877.328  
Period   3 6529.92  5686.38  5410.41  5802.38  5142.14  5890.13  
Period   4 5727.18  7237.43  6068.11  6050.48  6805.77  4867.2  
Period   5 5818.65  4901.43  6621.36  6725.58  5406.13  3889.23  
UNDS1
Period   0 -6792.36  -6590.84  -6477.87  -6987.28  -6729.26  -7220.8  
Period   1 -6309.88  -6420.38  -8331.6  -7034.96  -6053.47  -4940.84  
Period   2 -5615.58  -5389.95  -5488.06  -5882.03  -6209.48  -6035.72  
Period   3 -5953.44  -6245.89  -6546.89  -6287.87  -6040.73  -7287.61  
Period   4 -6408.62  -6392.46  -6160.7  -6948.12  -6321.16  -6835.07  
Period   5 -6533.41  -6351.69  -6187.08  -6611.6  -6201.57  -7760.7  
SCENARIO 49
UNDS0
Period   0 2997.5  3997.69  2274.35  3892.64  2652.58  1520.56  
Period   1 4419.28  3377.33  6201.57  4601.29  5750.9  4678.52  
Period   2 6217.48  6001.4  4620.03  1234.79  1080.23  922.235  
Period   3 5167.81  7442.37  4871.92  6312.2  6630.6  3573.83  
Period   4 6552.66  7852.47  6914.43  6504.32  6054.21  3132.95  
Period   5 6930.04  4675.61  5570.93  6031.03  6411.43  3796.57  
UNDS1
Period   0 -6210.87  -7008.3  -7160.79  -6944.08  -6672.27  -6311.5  
Period   1 -6938.99  -7492.59  -6394.68  -7750.76  -6050  -6638.11  
Period   2 -6194  -5767.95  -5804.9  -5690.33  -5775.41  -5755.7  
Period   3 -6220.35  -6493.51  -6272.63  -6768.24  -6229.83  -6251.1  
Period   4 -6996.85  -6247.87  -7013.4  -6344.85  -6845.44  -6336.96  
Period   5 -6684.65  -7026.64  -6645.92  -6576.73  -7007.84  -6439.4  
SCENARIO 50
UNDS0
Period   0 3872.88  4115.52  3566.7  2915.44  1659.42  1154.14  
Period   1 4381.82  4280.5  4036.14  4627.88  5062  4407.1  
Period   2 4993.56  5942.29  6033.5  1148.15  1141.83  834.212  
Period   3 3704.56  6196.52  5977.16  6611.39  5622.76  7133.14  
Period   4 6590.11  8081.93  4504.54  7654.58  7321.84  2735.13  
Period   5 6887.51  5471.55  4498.34  5148.54  5088.94  5441.76  
UNDS1
Period   0 -6224.05  -6382.83  -6640.39  -6105.41  -6273.48  -7590.69  
Period   1 -6309.92  -7252.49  -7233.7  -6588.15  -7197.11  -6830.46  
Period   2 -5673.02  -5382.58  -5215.05  -5471.01  -4960.15  -6611.03  
Period   3 -6325.08  -6233.42  -6150.34  -7175.73  -6239.66  -6705.02  
Period   4 -6340.07  -6698.15  -6536.07  -6130.43  -6416.71  -7254.51  
Period   5 -6891.52  -6163.17  -6553.22  -6589.56  -6703.5  -6865.35  
SCENARIO 51
UNDS0
Period   0 3615.43  3612.77  3201.95  3658.32  1882.16  1364.89  
Period   1 4802.42  4379.01  5371.55  4105.06  4873.45  5207.07  
Period   2 5317.8  4238.23  4340.87  3802.94  1537.62  854.343  
Period   3 5869.86  6173.05  6806.66  7265.64  5646.72  3706.91  
Period   4 5994.88  7111.79  4821.34  6329.04  3634.61  6840.81  
Period   5 4906.2  5297.12  6409.59  6548.36  6647.33  3736.85  
UNDS1
Period   0 -6263.06  -6611.7  -6855.52  -6000.82  -6812.63  -6717.53  
Period   1 -6978.38  -5708.38  -7230.53  -7818.7  -5874.49  -8120.29  
Period   2 -5027.89  -6525.31  -6555.15  -5841.74  -6205.84  -5360.58  
Period   3 -6021.84  -6543.34  -6260.05  -6277.59  -6034.56  -7157.99  
Period   4 -6372.55  -6629.1  -6069.03  -6470.41  -6282.15  -7132.14  
Period   5 -7044.15  -6184  -6279.74  -6251.56  -6467.29  -7424.48  
SCENARIO 52
UNDS0
Period   0 3524.14  3838.62  2588.55  2477.44  3663.92  1280.71  
Period   1 2782.47  4718.94  5794.63  5531.12  3335.67  2912.95  
Period   2 5198.59  4628.46  5454.99  2808.41  1068.97  876.671  
Period   3 6871.29  6687.75  7171.12  6285.54  6682.14  2127.86  
Period   4 4350.79  5249.76  4643.62  4598.1  7677.64  6982.87  
Period   5 4755.39  6527.51  5135.44  5134.71  6107.4  4335.84  
UNDS1
Period   0 -6540.4  -6567.58  -6809.97  -6257.36  -6589.92  -6545.36  
Period   1 -7662.81  -7308.21  -5182.86  -7089.26  -7221.35  -5685.2  
Period   2 -5823.35  -5613.56  -5404.08  -5441.43  -4938.29  -6101.92  
Period   3 -6312.98  -6405.16  -6287.51  -6291.42  -6410.52  -7059.78  
Period   4 -6453.73  -6482.56  -6201.07  -6234.34  -6509.06  -7217.2  
Period   5 -6165  -6565.12  -6601.86  -6517.09  -6226.63  -7580.33  
SCENARIO 53
UNDS0
Period   0 3285.04  2417.35  4068.49  3890.63  2234.02  1388.71  
Period   1 4815.14  2955.34  5917.08  4474.23  4548.67  3895.91  
Period   2 3209.51  5520.46  5144.82  4071.91  1207.92  906.481  
Period   3 5768.31  4620.37  6956.96  5207.03  7017.2  4960.49  
Period   4 6215.25  7218.39  6251.15  6939.28  7203.49  3263.72  
Period   5 6183.36  5086.78  5891.89  5637.27  5257.24  4749.18  
UNDS1
Period   0 -6570.17  -7326.18  -6247.07  -7007.9  -6151.91  -6007.67  
Period   1 -6100.82  -5525.72  -8029.34  -8304.37  -5606.89  -6445.24  
Period   2 -5320.84  -5605.67  -5076.46  -4967.84  -5693.75  -6705.79  
Period   3 -6763.68  -6354.36  -6794.56  -6406.8  -5904.46  -6358.39  
Period   4 -6375.9  -6119.09  -6571.55  -6377.38  -5993.09  -7352.43  
Period   5 -6257.42  -6496.79  -6122.68  -6641.7  -6954.98  -7337.24  
SCENARIO 54
UNDS0
Period   0 3148.4  3878.52  3171.83  3938.6  2053.4  1157.94  
Period   1 4455.87  4217.66  4201.59  2838.63  3390.85  5457.32  
Period   2 3934.38  2565.98  5942.13  4742.15  1833.57  1011.81  
Period   3 4905.37  6327.06  6813.99  5437.16  7059.64  4495.78  
Period   4 5370.8  7300.32  7419.52  6125.71  6819.8  3328.76  
Period   5 3926.22  6688.7  5155.35  7019.47  7008.96  3493.06  
UNDS1
Period   0 -6548.56  -6863.25  -6716.16  -6564.68  -6262.82  -6618.38  
Period   1 -7726.15  -6599.33  -6400.12  -5989.44  -7026.8  -8303.23  
Period   2 -5457.8  -6621.45  -6056.44  -4838.74  -5728.78  -5910.25  
Period   3 -6167.77  -6475.99  -6055.97  -5912.38  -6096.86  -7269.33  
Period   4 -6184.88  -6503.35  -6728.98  -6483.29  -6023.61  -7332.25  
Period   5 -6520.26  -6563.6  -6181.47  -6310.13  -6625.47  -7521.23  
SCENARIO 55
UNDS0
Period   0 3105.6  3994.35  3724.28  3564.45  1503.61  1273.92  
Period   1 5533.58  4714.99  4507.33  4616.17  5860.08  3897.68  
Period   2 4110.56  5847.72  6301.88  1921.16  1084.28  827.932  
Period   3 7120.21  5297.18  6110.53  5331.22  5556.51  3008.36  
Period   4 5505.38  7189.74  6232.95  7052.33  6516.75  4330.26  
Period   5 5058.07  5720.98  5966.34  5115.07  5898.16  5738.08  
UNDS1
Period   0 -6291.76  -6964.99  -6181.54  -6371.09  -7146.06  -6147.62  
Period   1 -6384.78  -7565.13  -7942.35  -6196.45  -5776.09  -6946.28  
Period   2 -4897.69  -4832.03  -5063.5  -6413.02  -5597.25  -6724.96  
Period   3 -6664.57  -6074.68  -6154.41  -6177.58  -6520.16  -6512.14  
Period   4 -6569.92  -6496.04  -6333.05  -6145.37  -6285.93  -7057.96  
Period   5 -6499.91  -6767  -6222.03  -6170.27  -6666.33  -7741.36  
SCENARIO 56
UNDS0
Period   0 2761  3759.36  3457.55  3480.09  2243.97  1465.54  
Period   1 2585.5  4601.14  4479.57  5210.83  4740.76  2142.13  
Period   2 5415  3311.53  6344.95  2500.91  1497.23  935.974  
Period   3 7309.96  6088.84  6609  6502.18  5767.41  3803.56  
Period   4 6027.43  6768.08  5194.88  6535.38  7615.92  4452.31  
Period   5 5823.53  4458.09  6227.15  5559.99  5372.81  3721.41  
UNDS1
Period   0 -6694.3  -7108.58  -6842.52  -6833.61  -6907.52  -6510.02  
Period   1 -9428.96  -8717.76  -7985.71  -6073.74  -6301.91  -7610.69  
Period   2 -5417.49  -5115.17  -5591.07  -5821.78  -4779.38  -6580.84  
Period   3 -6029.58  -6294.29  -6375.63  -7021.54  -6194.51  -6149.59  
Period   4 -6027.74  -6769.93  -6725.31  -6880.67  -6302.92  -6199.36  
Period   5 -6141.41  -6889  -7101.69  -6292.27  -6754.91  -6826.89  
SCENARIO 57
UNDS0
Period   0 3677.22  3063.96  3479.81  3811.52  2130.78  1224.26  
Period   1 2550.41  3706.29  5742.78  3433.86  5151.99  3520.57  
Period   2 5887.69  6193.8  4133.16  2187.36  849.987  841.549  
Period   3 6591.53  6232.88  5468.14  5323.2  6523.75  5008.88  
Period   4 7589.1  5649.19  6850.59  6802.19  7183.82  2841.56  
Period   5 5988.81  5240.56  4762.54  5697.97  4515.56  5049.29  
UNDS1
Period   0 -6910.29  -6166.29  -6678.33  -6241.76  -6504.05  -6779.27  
Period   1 -9148.17  -5765.92  -5911.76  -5804.12  -8791.49  -7507.18  
Period   2 -7140.48  -5374.12  -5424.87  -5837.73  -5477.53  -4841.53  
Period   3 -6373.91  -6501.8  -6274.73  -6333.11  -6201.24  -6490.55  
Period   4 -6426.69  -6345.95  -6731.97  -6908.49  -6420.6  -6006.79  
Period   5 -6192.31  -7141.97  -6333.88  -6391.53  -6802.97  -7302.27  
SCENARIO 58
UNDS0
Period   0 2555.2  3647.37  2252.75  2342.31  2852.53  3209.75  
Period   1 3382.89  2780.7  5489.71  5009.42  6248.41  5585.21  
Period   2 3642.7  5673.59  5628.43  2768.23  1490.36  890.456  
Period   3 6388.04  6517.09  4187.44  7178.06  6367.34  4534.73  
Period   4 7251.77  6642.6  7767.05  6488.18  6474.95  2329.65  
Period   5 5081.66  6521.78  5825.05  5456.58  5216.88  4951.58  
UNDS1
Period   0 -6125.99  -6233.14  -6890.61  -6474.46  -6636.07  -6931.12  
Period   1 -7038.49  -6643.43  -6956.34  -6745.72  -7280.56  -6448.88  
Period   2 -5861.18  -4957.82  -6257.41  -4953.4  -5477.65  -5786.97  
Period   3 -6161.7  -6568.93  -6224.18  -6330.01  -6547.94  -6854.28  
Period   4 -6941.61  -6294.98  -6056.57  -6901.99  -6633.14  -6698.35  
Period   5 -6906.2  -6798.1  -6320.74  -6432.11  -6414.73  -7078.84  
SCENARIO 59
UNDS0
Period   0 3869.04  3854.67  3268.59  3105.26  2060.49  1218.67  
Period   1 5182.65  4535.99  4931.34  4632.66  4555.6  4572.73  
Period   2 4933.47  5672.29  2758.96  3895.06  1935.81  881.241  
Period   3 4925.15  5668.16  5270.21  5433.92  4585.88  6148.48  
Period   4 5479.98  7757.42  5913.56  7568.9  7018.38  2778.37  
Period   5 6236.91  3976.08  6912.12  5466.49  5956.7  4040.43  
UNDS1
Period   0 -6493.06  -6859.12  -7126.62  -6842.05  -6650.26  -6434.79  
Period   1 -5326.98  -8670.82  -6269.29  -5579.61  -5909.35  -6792.88  
Period   2 -5974.79  -5976.02  -5031  -4924.79  -6814.47  -6425.71  
Period   3 -6113.59  -6172.77  -6002.2  -6086.66  -6202.18  -7339.49  
Period   4 -6140.91  -6413.66  -6091.3  -6278.21  -6837.27  -7268.29  
Period   5 -6858.42  -6358.96  -6675.06  -6512.65  -6269.71  -7309.71  
SCENARIO 60
UNDS0
Period   0 2323.19  2922.79  3447.37  3895.58  3383.48  1395.98  
Period   1 5772.64  3851.46  4559.6  5504.76  2861.56  4177.62  
Period   2 6100.13  4846.47  4164.03  2943.18  1206.34  822.512  
Period   3 5827.42  4192.33  7423.7  4511.1  6638.15  5074.17  
Period   4 7088.7  6577.49  7030.33  6067.11  6999.44  2886.9  
Period   5 4114.12  4577.87  5479.12  4753.48  5462.51  5719.27  
UNDS1
Period   0 -6270.96  -7306.57  -6739.58  -6425.19  -6792.81  -6299.43  
Period   1 -7648.76  -6992.18  -5537.28  -5922.56  -6595.57  -7956  
Period   2 -6093.68  -6326.14  -5770.72  -5561.41  -4888.06  -5053.11  
Period   3 -6360.09  -6265.93  -6304.84  -6255.28  -6054.88  -6809.92  
Period   4 -6136.78  -6511.18  -6195.63  -7090.91  -6297.75  -6855.4  
Period   5 -6392.49  -6441.65  -6784.58  -6051.39  -7192.22  -6857.33  
SCENARIO 61
UNDS0
Period   0 3524.69  3365.25  2402.21  2898.67  3447.69  1596.85  
Period   1 4810.94  5465.02  3562.24  4782.11  4414.86  4062.06  
Period   2 5970.17  5505.19  5045.32  1799.81  946.797  825.69  
Period   3 5402.8  6436.66  5014.06  6888.75  6503.61  4202.83  
Period   4 6747.02  7176.88  7798.12  6669.09  4008.22  4730.61  
Period   5 4430.06  4397.89  6315.66  5791.02  5315.94  5293.24  
UNDS1
Period   0 -6308.51  -6804.46  -7232.52  -6819.16  -6043.84  -7101.85  
Period   1 -5834.53  -9883.69  -7975.42  -7563.4  -5831.32  -6439.95  
Period   2 -5489.56  -5194.43  -5996.05  -5780.32  -4897.62  -6474.55  
Period   3 -6495.93  -6769.71  -6316.34  -6706.96  -6384.59  -6110.26  
Period   4 -6147.26  -6379.35  -6185.12  -6406.84  -7006.48  -6800.67  
Period   5 -7019.24  -6952.35  -6179.33  -6325.86  -6923.43  -6905.71  
SCENARIO 62
UNDS0
Period   0 3571.59  3918.71  3141.36  2646.02  2774.11  1342.11  
Period   1 5966.17  3579.1  4734.67  3904.8  5829.37  4837.71  
Period   2 5115.7  5328.64  4621.66  3106.81  1016.49  904.614  
Period   3 5801.02  5553.35  7061.49  4254.3  4402.92  3762.02  
Period   4 7216.39  7592.67  6767.46  7242.11  5906.52  2188.37  
Period   5 5807.88  4622.57  6540.28  6422.81  6355.99  3452.01  
UNDS1
Period   0 -6090.32  -6691.92  -6097.25  -6999.05  -6510.77  -6703.27  
Period   1 -6813.69  -6439.6  -7086.69  -7375.95  -6987.53  -7747.85  
Period   2 -5077.2  -5779.08  -5361.78  -5415.7  -5332.91  -6631.39  
Period   3 -6299.41  -6158.68  -6167.02  -6286.94  -6253.64  -7264.54  
Period   4 -6766.95  -6691.65  -6490.21  -6483.57  -6376.24  -6772.49  
Period   5 -6770.05  -7045.12  -6437.1  -6596.47  -6772.94  -6208.7  
SCENARIO 63
UNDS0
Period   0 3681.23  2814.43  3722.8  3869.62  2055.26  1189.48  
Period   1 4677.19  6020.4  6134.33  4175.24  2604.86  3878.54  
Period   2 4710.25  6026.99  6440.63  1215.22  861.982  839.396  
Period   3 6354.76  6764.91  5377.48  3488.82  4849.45  7269.34  
Period   4 6072.35  5901.61  5520.67  5919.41  7248.41  6311.16  
Period   5 5009.83  5905.14  5099.56  6281.07  4411.54  6079.23  
UNDS1
Period   0 -6836.33  -6248.49  -6068.52  -6566.42  -6648.06  -6720.95  
Period   1 -6645.2  -5476.32  -6465.46  -7666.06  -5102.29  -7286.27  
Period   2 -5260.44  -5290.18  -6023.5  -5546.09  -5292.58  -6554.79  
Period   3 -6258.7  -6278.55  -6807.09  -6426.14  -5976.65  -6238.72  
Period   4 -6103.54  -6981.08  -6288.29  -6084.89  -6337.04  -7252.25  
Period   5 -6599.57  -7054.71  -6627.48  -6437.76  -6622.88  -6886.93  
SCENARIO 64
UNDS0
Period   0 3737.05  3999.99  3156.75  2799.22  2132.43  1522.51  
Period   1 3650.41  4243.46  5645.64  5038.77  4816.73  5633.85  
Period   2 6207.59  3415.78  3736.35  4697.28  1111.43  896.72  
Period   3 7200.4  7240.62  5005.3  5696.45  5716.51  2812.69  
Period   4 4933.05  6917.92  6466.24  7127.34  7385.58  2919.77  
Period   5 6391.4  4569.36  5098.86  5382.1  5518.97  5692.66  
UNDS1
Period   0 -6721.22  -6637.55  -6705.96  -6856.68  -6569.44  -7221.85  
Period   1 -6004.87  -6320.41  -8499.84  -6907.39  -6611.68  -5345.2  
Period   2 -4993.33  -5894.63  -5804.15  -5933.42  -6326.6  -6304.55  
Period   3 -7171.32  -6621.2  -6451.39  -6178.81  -6268.66  -6004.56  
Period   4 -6300.29  -6536.34  -6092.33  -6283.81  -6575.75  -7238.44  
Period   5 -6307.02  -6028.69  -6617.91  -6700.95  -6366.55  -7609.38  
SCENARIO 65
UNDS0
Period   0 3432.75  3892  3338.42  4070.48  1420.57  1200.69  
Period   1 5159.57  5376.27  3845.01  5271.97  5665.69  4409.72  
Period   2 5194.98  4611.55  6126.26  1986.85  1308.18  846.114  
Period   3 6011.83  3614.95  4602.51  5422.49  6375.45  6009.76  
Period   4 4963.63  5472.36  5803.03  8045.59  7873.46  4777.49  
Period   5 6892.88  5492.51  5629.79  4464.26  6381.08  3576.36  
UNDS1
Period   0 -7421.84  -6073.29  -6911.5  -6624.54  -7374.6  -6272.07  
Period   1 -6270.27  -6412.13  -6579.76  -8486.05  -7470.91  -5692.41  
Period   2 -5095.15  -5006.62  -4853.35  -4901.89  -6731.83  -6977.44  
Period   3 -5907.32  -6148  -6060.22  -6865.57  -6361.6  -6701.91  
Period   4 -6049.9  -6257.01  -6220.94  -6224.66  -7138.36  -7165.5  
Period   5 -6205.84  -6234.66  -6604.49  -6276.79  -6492.84  -7774.09  
SCENARIO 66
UNDS0
Period   0 3707.99  2644.55  3640.82  3995.06  2225.28  1130.23  
Period   1 4000.47  3700.39  4642.33  5194.68  4127.64  4609.82  
Period   2 4729.98  6171.27  6350.29  1078.1  930.563  817.307  
Period   3 5833.33  4606.63  6561.33  6428.21  5805.73  6913.92  
Period   4 6338.82  5292.33  7020.91  5647.17  7981.83  2568.88  
Period   5 6339.57  6239.56  6010.44  5714.09  5398.18  3320.08  
UNDS1
Period   0 -7119.55  -6605.03  -6591.91  -6389.33  -6690.3  -7088.17  
Period   1 -6257.57  -5752.61  -10049.1  -7715.31  -4989.5  -6550.27  
Period   2 -4934.31  -5063.72  -5393.77  -5672.78  -6033.93  -6231.95  
Period   3 -6271.96  -6472.8  -6721.49  -6147.31  -6195.29  -6655.31  
Period   4 -6621.59  -6314.42  -6244.62  -6139.27  -6608.79  -6906.02  
Period   5 -7427.2  -6800.05  -6756.7  -6009.42  -6600.61  -6452.77  
SCENARIO 67
UNDS0
Period   0 3841.1  3546.52  2153.79  3317.13  2694.61  1744.03  
Period   1 5233.99  4920.21  2272.51  5803.95  4851.04  4538.72  
Period   2 6190.39  6072.39  4809.27  1416.1  806.822  804.653  
Period   3 6429.27  6488.99  6971.81  6048.01  5389.85  4721.45  
Period   4 6550.31  2956.12  7829.18  6150.99  6171.85  6837.32  
Period   5 4439.35  4841.57  5339.68  4099.4  6644.66  5752.15  
UNDS1
Period   0 -6721.25  -6879.23  -6882.96  -6447.33  -6894.98  -6373.79  
Period   1 -7303.76  -6382.17  -4994.06  -8337.47  -8166.65  -6371.47  
Period   2 -5923.32  -5021.22  -5763.92  -5278.73  -5325.45  -5794.43  
Period   3 -6146.63  -6012.04  -6564.97  -6327.3  -6233.91  -6694.14  
Period   4 -6806.37  -6306.11  -6417.92  -6496.7  -6963.07  -6305.7  
Period   5 -6477.25  -6618.41  -6704.21  -6875.19  -6409.26  -6901.03  
SCENARIO 68
UNDS0
Period   0 3479.32  3801.4  4047.65  3122.27  1628.56  1239.14  
Period   1 5141.3  6037.35  4886.31  6117.95  5142.35  2657.24  
Period   2 3984.99  5712.51  4950.91  3469.34  1074.18  866.737  
Period   3 6477.41  3538.05  5604.55  5601.21  3792.45  6135.35  
Period   4 6089.58  6064.18  5590.81  5851.87  4913.33  8205.65  
Period   5 4440.59  5227.43  4935.8  5197.33  5469.5  6115.27  
UNDS1
Period   0 -6787.96  -6016.44  -6145.17  -6111.39  -6364.12  -7549.72  
Period   1 -6002.46  -6694.61  -7038.08  -6567.88  -6255.91  -6482.3  
Period   2 -5555.95  -4828.69  -5274.39  -6450.35  -6228.52  -5595.68  
Period   3 -6431.56  -6366.78  -6383.74  -6017.84  -7223.2  -7074.53  
Period   4 -6843.76  -6450.78  -6517.89  -6889.43  -6197.72  -6201.66  
Period   5 -6971.8  -6613.47  -6500.86  -6989.15  -7287.77  -7168.23  
SCENARIO 69
UNDS0
Period   0 3767.91  3443.11  3809.4  2972.6  1695.17  1675.81  
Period   1 3555.19  6195.98  4070.94  5284.84  2959.24  4428.96  
Period   2 5512.52  6048.3  5171.78  1572.56  961.346  822.752  
Period   3 3886.85  5707.02  6681.57  5258.89  5661.34  6632.15  
Period   4 7578.08  4772.25  7617.36  7122.16  6814.85  2786.88  
Period   5 4557.78  6041.82  4251.4  5538.24  4213.37  5406.07  
UNDS1
Period   0 -6057.5  -6832.87  -6263.44  -6675.39  -6994.68  -6294.8  
Period   1 -5867.01  -6601.28  -6872.22  -5824.48  -5146.81  -8104.11  
Period   2 -5045.83  -5090.71  -5454.38  -6379.83  -5176.45  -6268.47  
Period   3 -6451.76  -6575.84  -6044.55  -5953.8  -6526.37  -6857.99  
Period   4 -6125.66  -6644.23  -6203.71  -7188.05  -6728.93  -7045.81  
Period   5 -6161.3  -6311.86  -6232.08  -6914.62  -6593.68  -7576.15  
SCENARIO 70
UNDS0
Period   0 3208.12  3696.11  2645.49  4003.7  2687.13  1141.41  
Period   1 4566.41  4190.59  4931.64  1742.56  5187  4707.32  
Period   2 5161.52  4724.57  5060.15  3420.45  900.32  820.058  
Period   3 6975.99  5993.87  6415.2  7122.22  7161.79  2716.18  
Period   4 7550.57  6455.61  6637.19  3673.35  6094.26  6356.26  
Period   5 5896.51  5738.55  6890.72  4736.05  4818.96  3830.74  
UNDS1
Period   0 -6391.12  -6453.18  -7112.46  -7123.41  -6287.5  -6807.42  
Period   1 -5674.44  -8611.08  -7856.35  -6123.04  -6240.02  -6271.7  
Period   2 -5615.06  -5649.62  -6455.44  -5062.66  -5432.33  -5678.37  
Period   3 -6194.84  -6741.72  -6559.4  -6384.56  -6439.93  -6596.32  
Period   4 -6861.04  -6635.39  -6572.05  -6480.3  -7236.71  -6527.14  
Period   5 -6321.28  -7029.74  -6121.09  -6237.92  -6854.39  -7655.92  
SCENARIO 71
UNDS0
Period   0 3273.05  3740.02  3479.18  2871.85  2799.19  1195.3  
Period   1 5399.69  4092.01  6042.52  3018.2  4569.32  4111.22  
Period   2 6079.83  6388.02  3899.61  1341.2  1577.57  811.404  
Period   3 5072.2  6990.8  6667.5  7427.21  4999.75  4914.2  
Period   4 7695.04  7144.25  5758.8  5018.34  6189.38  4832.84  
Period   5 4944.97  5819.3  6599.6  4800.8  6144.14  4768.32  
UNDS1
Period   0 -6620.03  -6335.09  -7137.83  -7411.93  -6235.74  -6437.03  
Period   1 -5601.27  -8283.3  -7199.26  -6113.26  -6917.9  -7964.68  
Period   2 -5782.61  -4993.08  -5285.3  -5601.46  -5194.4  -6776.87  
Period   3 -6080.58  -6066.41  -6407.8  -6535.38  -6212.97  -6581.07  
Period   4 -6647.04  -6387.48  -6647.2  -6405.18  -6473.98  -7042.56  
Period   5 -6382.58  -6296.54  -7124.99  -6284.22  -6795.53  -6811.9  
SCENARIO 72
UNDS0
Period   0 2618.43  2921.03  3524.13  4094.6  2608.6  1385.75  
Period   1 4074.97  4080.31  3478.78  4911.88  5890.68  5356.29  
Period   2 5436.57  6295.79  4199.64  1639.65  1134.85  1165.02  
Period   3 5607.54  3815.41  7169.02  4103.28  5594.68  7384.27  
Period   4 7357.22  7708.32  7567.16  5772.56  5850.5  2417.99  
Period   5 6064.19  4890.99  5824.87  4193.93  4592.63  5064.57  
UNDS1
Period   0 -6680.29  -6948.26  -6098.39  -6357.46  -6516.07  -6754.45  
Period   1 -6223  -5376.61  -6493.02  -6493.69  -5177.15  -8277.76  
Period   2 -5395.99  -5193.12  -5805.66  -5498.36  -5697.92  -5736.91  
Period   3 -7101.58  -5992.48  -6075.72  -6086.67  -6036.36  -6965.2  
Period   4 -6825.91  -6274.73  -6328.23  -6523.84  -6198.22  -7075.69  
Period   5 -6312.76  -6304.32  -6468.99  -6708.14  -7016.52  -6918.39  
SCENARIO 73
UNDS0
Period   0 2632.54  3804.64  2733.19  2684.05  3196.53  2073.87  
Period   1 4575.09  5408.46  5417.39  5099.4  5033.99  3319.59  
Period   2 5979.83  5838.86  5540.34  1029.38  827.992  815.639  
Period   3 6565.8  5621.24  6743.29  6184.98  5287.79  4877.32  
Period   4 7069.34  6595.82  6509.64  6476.91  6701.33  3020.69  
Period   5 5022.04  5477.24  6541.94  6148.54  5673.34  4601.91  
UNDS1
Period   0 -6846.58  -6231.07  -6330.69  -6379.94  -6288.7  -7538.95  
Period   1 -6092.55  -6994.99  -5682.39  -6244.75  -7386.09  -6040.95  
Period   2 -5444.36  -5391.41  -4904.4  -5919.92  -6005.58  -5853.1  
Period   3 -6179.41  -6308.98  -7091.79  -6271.35  -7159.01  -6092.75  
Period   4 -6518.1  -6607.92  -6817.96  -6362.65  -6096.19  -6804.2  
Period   5 -6692.11  -6700.67  -6725.76  -6811.75  -6428.13  -6702.96  
SCENARIO 74
UNDS0
Period   0 3830.29  1677.77  3823.06  3066.68  2885.78  1677.86  
Period   1 5039.36  4237.7  3372.25  5814.95  5805.28  5907.33  
Period   2 2657.24  3306.58  4824.93  5081.15  3057.74  1008.65  
Period   3 6240.93  5883.01  7075.43  6274.48  6173.25  4946.01  
Period   4 7562.53  7067.67  2834.06  7090.3  6923.88  4624.17  
Period   5 5514.11  5253.39  6005.41  5002.08  5977.87  4958.14  
UNDS1
Period   0 -7493.12  -6765.91  -7226.76  -6598.99  -6998.76  -7347.78  
Period   1 -5561.58  -5557.77  -6303.06  -5068.73  -6192.25  -10021.1  
Period   2 -5500.03  -5061.47  -4889.16  -6253.01  -5352.61  -6425.7  
Period   3 -6331.71  -6628.33  -6608.73  -6523.68  -6508.4  -6369.21  
Period   4 -6156.66  -6939.28  -6400.97  -6363.69  -6489.84  -6448.23  
Period   5 -6815.81  -6416.3  -6175.36  -6685.36  -6982.59  -6949.63  
SCENARIO 75
UNDS0
Period   0 3066.71  2815.65  3039.42  3591.06  3296.73  1517.52  
Period   1 4233.32  3436.81  2388.96  3673.45  5173.74  5477.83  
Period   2 5515.05  5975.64  4108.78  2709.29  926.026  850.176  
Period   3 6022.48  6090.3  5204.79  4320.5  6432.89  5658.27  
Period   4 6436.58  5096.25  6667.63  5783.98  7367.54  4594.7  
Period   5 6332.1  6711.3  5265.1  6545.03  6678.11  2083.11  
UNDS1
Period   0 -6798.35  -7304.13  -6739.94  -6353.52  -6482.15  -7159.05  
Period   1 -6706.88  -6868  -7110.33  -6819.44  -6334.31  -5309.36  
Period   2 -5250.03  -5259.77  -5433.61  -5795.48  -5165.07  -6390.98  
Period   3 -6124.63  -6469.09  -6104.5  -6060.78  -6556.31  -7178.67  
Period   4 -6764.38  -6368.46  -6291.24  -6600.68  -6312.17  -6808  
Period   5 -6141.12  -6714.43  -6547.06  -6737.49  -6732.78  -6878.38  
SCENARIO 76
UNDS0
Period   0 3770.87  3641.32  3666.57  3296.92  1706.8  1290.39  
Period   1 3910.31  4385  5740.47  5909.8  5862.02  3560.17  
Period   2 5984.92  5936.88  4942.48  1516.92  855.12  839.468  
Period   3 6169.42  4060.01  4707.72  4430.86  6480.19  3424.07  
Period   4 6806.91  7324.87  7607.7  3014.81  5162.62  4133.79  
Period   5 4523.23  5503.9  6776.33  3788.9  5963.04  6033.89  
UNDS1
Period   0 -7204.29  -6663.5  -6450.56  -6454.71  -6316.27  -6712  
Period   1 -6795  -6837.7  -5536.07  -6600.92  -5371.97  -7719.48  
Period   2 -5903.02  -6387.65  -5170.31  -5504.78  -5596.7  -6087.96  
Period   3 -7015.05  -5921.24  -5912.23  -7095.25  -6057.24  -6368.99  
Period   4 -6880.6  -6540.38  -6296.82  -6191.82  -6628.61  -6716.63  
Period   5 -6785.8  -6193.26  -6683.64  -6193.67  -6430.89  -7388.55  
SCENARIO 77
UNDS0
Period   0 3412.67  3721.36  3303.62  3093.23  2701.99  1133.44  
Period   1 5076.13  4829.46  4801.4  5563.96  3391.89  2905.32  
Period   2 4054.79  4656.17  5846.62  3741.52  908.736  872.815  
Period   3 6702.52  4917.12  4006.53  2092.57  6450.27  3882.78  
Period   4 8140.15  6845.76  5333.75  7809.75  6179.9  2402.34  
Period   5 6018.24  5223.28  6298.55  4905.91  3790.77  4850.24  
UNDS1
Period   0 -6418.08  -7096.91  -6476.34  -7137.06  -6701  -6272.33  
Period   1 -5330.39  -6101.96  -6807.02  -7741.39  -8065.58  -6531.47  
Period   2 -5254.85  -5181.99  -5186.2  -5308.33  -6070.9  -6474.16  
Period   3 -6108.06  -6726.3  -6380.37  -6450.02  -6283.02  -6142.69  
Period   4 -6167.73  -7110.99  -6509.03  -6417.42  -6303.84  -6388.41  
Period   5 -7157.55  -7103.39  -6429.08  -6070.21  -6838.02  -6155.69  
SCENARIO 78
UNDS0
Period   0 2719.05  3966.49  4080.6  3500.3  1891.6  1151.33  
Period   1 4424.58  5624.56  5245.9  4399.55  4241.18  4183.03  
Period   2 4869.93  5288.76  3948.19  4065.98  1119.94  805.96  
Period   3 6032.18  7288.22  5567.86  4692.37  6015.02  4504.81  
Period   4 5393.13  5552.92  5748.07  5219.96  6372.38  8170.82  
Period   5 6178.67  6075.54  5685.58  6030.19  5569.85  3475.79  
UNDS1
Period   0 -6923.31  -6814.58  -6732.13  -6388.69  -6559.57  -6545.68  
Period   1 -5593.24  -5483.99  -5698.89  -6720.19  -6711.61  -8485.58  
Period   2 -5599.15  -5314.7  -5015.05  -5191.84  -6668.29  -6003.86  
Period   3 -6485.57  -6257.53  -6478.16  -5994.61  -6059.54  -6839.85  
Period   4 -6867.69  -6144.19  -6290.04  -6590.85  -6717.94  -7012.31  
Period   5 -6491.69  -6751.31  -6300.55  -6444.88  -6764.94  -7298.91  
SCENARIO 79
UNDS0
Period   0 3252.54  3666.87  2127.39  3604.1  3548.5  1180  
Period   1 5022.24  4342.18  2784.66  4417.38  3623.72  3907.36  
Period   2 4913.49  6216.01  5034.26  2034.1  901.179  971.397  
Period   3 6211.43  6996.46  6637.54  4884.81  4860.55  4481.76  
Period   4 5738.73  7581.2  7641.79  5934.46  6741.53  3119.08  
Period   5 4629.99  6308.78  6032.49  6020.91  4386.64  6049.37  
UNDS1
Period   0 -7008.37  -6928.71  -6856.43  -6139.49  -6927.09  -6288.74  
Period   1 -6411.49  -6675.38  -7783.55  -6753.41  -5526.76  -7296.04  
Period   2 -5599.98  -4837.08  -5550.98  -5691.93  -6268.23  -6105.24  
Period   3 -6682.58  -5943.38  -5986.74  -6480.81  -6241.67  -7069.37  
Period   4 -6497.44  -6365.42  -6660.78  -6481.77  -6864.03  -6705.74  
Period   5 -6354.64  -7128.45  -6400.31  -6587.95  -6650.72  -6957.06  
SCENARIO 80
UNDS0
Period   0 3674.88  3781.95  3636.41  3539.33  1631.28  1128.28  
Period   1 4525.91  3077.91  5883.9  4434.85  4905.39  5096.65  
Period   2 4243.25  5472.32  5719.09  2085.9  1758.7  813.4  
Period   3 7159.87  7028.63  6875.7  6035.82  6012.74  2489.4  
Period   4 6263.49  6627.76  6816.72  7827.54  6320.96  3013.81  
Period   5 6771.08  4710.29  4897.74  6008.53  4485.37  5319.65  
UNDS1
Period   0 -6447.2  -6851.5  -6774.34  -7217.97  -7398.98  -6483.84  
Period   1 -6853.38  -5130.29  -7714.07  -5174.48  -5821.65  -8714.81  
Period   2 -5342.82  -5868.31  -5646.31  -5930.45  -5168.71  -5370.94  
Period   3 -6390.84  -6244.34  -6037.46  -6522.92  -6102.43  -6629.41  
Period   4 -6876.85  -6106.91  -6667.4  -6263.51  -6402.22  -6789.91  
Period   5 -6989.24  -6478.13  -7117.27  -6105.3  -6202.75  -6951.91  
SCENARIO 81
UNDS0
Period   0 2855.88  3393.8  3610.31  3569.18  2203.41  1647.66  
Period   1 5345.95  4390.61  5309.65  5588.4  3693.83  4885.17  
Period   2 4461.1  5940.07  5618  2137.21  1048.66  882.978  
Period   3 6837.04  5504.68  5273.99  6204.12  3873.32  7181.69  
Period   4 6861.05  6012.26  6668.84  4176.71  6889.07  5825.61  
Period   5 5549.96  5105.44  5517.08  6566.98  6139.73  3889.93  
UNDS1
Period   0 -6146.9  -6980.58  -6721.67  -6669.74  -6324.87  -6214.18  
Period   1 -7463.93  -6287.67  -5473.65  -6171.54  -7040.62  -6861.45  
Period   2 -6079.06  -5225.02  -5429.8  -6356.78  -5121.16  -6237.44  
Period   3 -5979.42  -6442.32  -6585.06  -6259.18  -6414.16  -6429.99  
Period   4 -6245.97  -6226.37  -6332.21  -6121.74  -6957.91  -7003.35  
Period   5 -6238  -6572.64  -6263.7  -6406.88  -7105.79  -7312.3  
SCENARIO 82
UNDS0
Period   0 3249.18  1954.37  3889.94  3069.78  2890.85  1637.64  
Period   1 5115.56  2416.73  5684.55  5011.83  4981.45  5848.42  
Period   2 5094.13  5107.08  5978.88  1422.26  1548.28  854.794  
Period   3 5486.91  6430.02  7117.4  4316.9  5598.73  6041.3  
Period   4 7454.35  7790.34  6699.02  8075.56  4635.13  2607.29  
Period   5 5635.72  6274.34  6713.26  3736.13  4515.73  5628.2  
UNDS1
Period   0 -7566.65  -6842.09  -6111.76  -6191.91  -6095.06  -6704.49  
Period   1 -6407.53  -6377.86  -6179.21  -6126.69  -8297.91  -6298.68  
Period   2 -4943.16  -5509.89  -5373.34  -4889.03  -5641.49  -7304.79  
Period   3 -6563.77  -6593.65  -6200.96  -6773.25  -6186.74  -6212.38  
Period   4 -6466.58  -6136.01  -6283.2  -6417.18  -6421.87  -7184.31  
Period   5 -6606.78  -6353.01  -6119.34  -6156.29  -6623.12  -7866.48  
SCENARIO 83
UNDS0
Period   0 2417.55  3623.29  3261.19  3336.8  2774.65  1703.81  
Period   1 6033.88  4536.55  4447.45  2978.36  4272.95  4275.44  
Period   2 3862.42  3165.2  2136.23  5232.78  3266.91  2238.61  
Period   3 5482.21  7091.46  7529.54  6670.74  5696.32  3679.81  
Period   4 5586.97  5865.67  4272.33  5509.38  6623.63  4148.39  
Period   5 6325.22  6443.22  3742.1  4331.57  5123.25  5900.36  
UNDS1
Period   0 -7050.02  -7741.36  -6540.44  -6361.48  -6305.78  -6175.3  
Period   1 -5296.27  -6053.55  -7198.47  -6181.66  -6071.31  -8360.2  
Period   2 -5604.53  -5972.9  -4830.39  -5034.72  -5650.2  -6292.55  
Period   3 -6447.72  -5900.8  -6827.74  -6097.64  -6587.87  -6608.71  
Period   4 -6503.88  -6128.79  -6252.68  -6060.28  -7007.65  -6997.08  
Period   5 -6313.9  -6433.13  -6330.65  -6326.17  -7017.17  -7698.95  
SCENARIO 84
UNDS0
Period   0 2744.62  3294.34  4124.31  2676.87  2904.57  1296.78  
Period   1 4902.85  2497.59  3829.46  3660.49  3999.82  4626.12  
Period   2 5746.17  2137.29  6181.4  3799.11  1375.26  842.042  
Period   3 4914.77  7237.82  7105.64  6842.24  5976.33  3960.58  
Period   4 5661.75  6136.14  7677.51  8128.06  7472.82  2080.43  
Period   5 4409.88  5461.07  5312.58  5100.97  5547.53  6642.77  
UNDS1
Period   0 -7182.09  -7245.98  -6183.93  -6889.69  -6565.75  -7100.97  
Period   1 -7274.54  -6283.75  -6265.83  -5716.99  -6254.08  -7165.75  
Period   2 -5345.32  -6625.08  -5896.07  -5275.12  -5944.62  -6213.6  
Period   3 -6019.64  -6224.73  -6375  -6088.41  -6211.12  -7390.09  
Period   4 -6756.11  -6142.91  -6307.02  -6713.38  -6868.24  -6815.3  
Period   5 -6694.42  -6908.97  -6568.14  -6397.93  -6488.58  -7244.7  
SCENARIO 85
UNDS0
Period   0 3501.25  3826.57  3307.22  3717.17  1482.52  1471.73  
Period   1 4363.45  5922.27  4691.98  5508.66  4605.19  2507.81  
Period   2 3849.17  4963.29  4365.81  4873.88  977.625  1047.28  
Period   3 7099.32  6716.18  6720.21  6611.19  6242.82  3123.69  
Period   4 7306.38  5916.13  4780.15  7063.03  6178.07  3500.18  
Period   5 6463.21  5584.83  5943.88  5688.34  4065.93  4833.04  
UNDS1
Period   0 -7064.77  -6588.08  -6651.49  -6409.33  -6577.18  -6999.69  
Period   1 -5734.04  -7477.48  -5460.91  -8163.85  -5011.65  -6397.46  
Period   2 -5897.17  -5488.42  -5419.19  -5148.98  -6562  -5489.44  
Period   3 -6012.94  -6469.44  -6246.67  -6002.92  -6373.13  -7095.08  
Period   4 -6276.38  -6430.86  -6841.84  -6613.13  -6396.91  -6551.85  
Period   5 -6326.3  -7438.67  -6605.37  -6253.92  -6790.61  -6518.52  
SCENARIO 86
UNDS0
Period   0 3911.62  3872.62  3359.09  3684.11  1353.08  1207.6  
Period   1 4119.01  3174.21  6012.77  4135.83  4701.36  4607.64  
Period   2 4970.08  5438.36  5452.77  2440.46  943.142  841.819  
Period   3 7282.5  7044.87  6337.05  7066.4  4827.12  2231.85  
Period   4 4903.15  6880.51  7238.3  6716.92  7438.13  3148.23  
Period   5 6637.49  6071.43  5458.92  6556.89  5804.84  2904.54  
UNDS1
Period   0 -6714.99  -5998.8  -7379.85  -6209.38  -6714.92  -7080.7  
Period   1 -5464.1  -5233.67  -6393.14  -5154.76  -5445.36  -10191  
Period   2 -4815.47  -5330.35  -6398.8  -5623.5  -5365.01  -5855.97  
Period   3 -6461.87  -6400.93  -6241.86  -6016.39  -6604.82  -6595.01  
Period   4 -6057.25  -6524.11  -7226.93  -6501.06  -6236.41  -6810.93  
Period   5 -6396.06  -6643.85  -6439.68  -6367.81  -6536.1  -7301.8  
SCENARIO 87
UNDS0
Period   0 2893.89  3330.31  3858.95  2986.2  2263.36  1910.49  
Period   1 3257.06  5585.57  4577.47  3390.64  5302.64  5695.13  
Period   2 5066.49  4808.74  5051.94  2373.23  1641.34  1055.58  
Period   3 6495.17  7159.98  6610.77  7020.28  7006.61  2192.56  
Period   4 6740.6  7572.71  6007.63  7606.68  7224.09  2049.7  
Period   5 6929.63  6289.59  5493.79  5867.37  3859.34  4087.85  
UNDS1
Period   0 -6848.01  -6005.13  -6584.28  -6408.95  -6878.58  -6427.74  
Period   1 -6535.82  -6301.32  -6937.19  -6479.8  -7131.83  -6463.46  
Period   2 -4896.31  -4853.63  -5083.23  -5000.25  -6206.33  -7165.44  
Period   3 -6551.01  -6142.58  -6664  -6247.8  -6322.94  -6329.52  
Period   4 -6369.57  -6450.3  -6486.92  -6165.28  -6421.05  -7112.03  
Period   5 -6242.44  -6531.93  -6683.93  -6371.55  -6473.13  -7321.48  
SCENARIO 88
UNDS0
Period   0 2902.63  3857.74  4061.13  3553.71  1793.54  1179.17  
Period   1 4216.09  5127.05  5051.19  1442.8  5448.66  5641.04  
Period   2 2920.23  4721.97  5365.96  3696.38  2362.59  1005.81  
Period   3 6640.77  7074.37  6688.61  5168.55  3995.61  5977.48  
Period   4 7882.8  7569.97  7112.19  7766.92  4142.81  2672.03  
Period   5 5373.59  6713.95  4988.17  4998.78  5326.85  5635.61  
UNDS1
Period   0 -6972.2  -6432.18  -6401.16  -6155.02  -6074.65  -7285.41  
Period   1 -6125.01  -6235.28  -7193.92  -5931.9  -7707.07  -5312.35  
Period   2 -5411.32  -5385.92  -5247.75  -5177.9  -4934.57  -7292.94  
Period   3 -6615.11  -7008.05  -6048.37  -6482.47  -6069.35  -6266.56  
Period   4 -6365.94  -6331.5  -6976.16  -6993.19  -6158.92  -6267.71  
Period   5 -6639.76  -6707.83  -6105.31  -6771.76  -6027.39  -7817.69  
SCENARIO 89
UNDS0
Period   0 3036.03  3774.5  2377.55  3548.72  2493.14  1760.56  
Period   1 4334.04  5454.85  4678.72  5164.7  4974.91  2716.87  
Period   2 3710.55  5192.47  5583.67  3176.54  1566.55  841.663  
Period   3 6542  4169.83  5727.5  6408.19  6495.33  5267.54  
Period   4 7837.44  7359.83  4433.11  7215.45  5960.57  3703.39  
Period   5 6539.35  6556.67  5869.21  4914.56  5928.23  3337.52  
UNDS1
Period   0 -6491.38  -7474.46  -6312.8  -7493.75  -6168.63  -6292.41  
Period   1 -5730.92  -5645.48  -5989.72  -6487.75  -6911.5  -7816.65  
Period   2 -5274.74  -5769.11  -6017.76  -5494.96  -5253.03  -6037.04  
Period   3 -6263.13  -6567.54  -6124.4  -6028.66  -6532.29  -6775.47  
Period   4 -6366.34  -6371.42  -6037.98  -6932.2  -6407.05  -7103.61  
Period   5 -6442.84  -6370.53  -6443.09  -6554.2  -6215.64  -7699.19  
SCENARIO 90
UNDS0
Period   0 3397.88  3673.64  3320.22  2589.7  2029.15  2293.18  
Period   1 5141.58  4087.16  5597.04  5535.64  2224.82  5828.1  
Period   2 4703.26  4490.88  5472.04  3006.52  1477.49  944.012  
Period   3 5355.34  5199.97  6746.36  5005.03  4166.72  7246.74  
Period   4 3805.86  6712.14  6793.44  6757.29  5597.49  5959.61  
Period   5 5503.26  6630.77  5512.51  4701.69  3716.58  6437.82  
UNDS1
Period   0 -6465.77  -6553.58  -6263.87  -6732.16  -6828.3  -7009.12  
Period   1 -5004.9  -6217.22  -6285.86  -8334.78  -5639.76  -8250.39  
Period   2 -6012.04  -5897.24  -5449.91  -5383.89  -5349.47  -5250.55  
Period   3 -6337.48  -6227.67  -6168.99  -5922.44  -7249.19  -6312.22  
Period   4 -6678.29  -6336.72  -6369.46  -6485.34  -6424.32  -6881.19  
Period   5 -6641.8  -6558.35  -6214.39  -6555.85  -6896.51  -6806.63  
SCENARIO 91
UNDS0
Period   0 3809.07  3999.1  3566.29  2617.09  1803.02  1331.64  
Period   1 5239.39  4829.82  4101.56  5358.71  4362.48  5915.64  
Period   2 5282.53  5513.26  4180.75  1599.33  2239.05  1166.45  
Period   3 6312.33  3881.36  6735.43  4151.09  6750.68  6580.54  
Period   4 7224.9  4476.6  5948.09  5853.02  6556.02  5785.53  
Period   5 5930.22  5863.58  5430.45  5879.32  5487.43  4591.57  
UNDS1
Period   0 -5957.14  -6694.4  -6134.89  -6638.76  -6183.23  -7763.79  
Period   1 -5431.9  -7364.85  -6339.92  -5705.09  -6677.93  -6726.3  
Period   2 -7004.99  -4982.95  -5230.07  -5629.13  -5795  -5307.62  
Period   3 -6351.64  -6098.83  -6297.2  -6261.71  -6426  -6746.39  
Period   4 -6245.88  -6604.78  -6549.83  -6275.45  -6584.58  -6666.75  
Period   5 -6245.13  -6209.9  -6490.03  -7043.62  -6681.98  -7464.71  
SCENARIO 92
UNDS0
Period   0 2450.59  3851.92  2177.28  3408.25  2253.11  2466.57  
Period   1 4526.52  5615.85  5066.54  4318.9  3133.91  3306.27  
Period   2 5972.51  6072.07  4362.27  1651.51  1192.4  840.7  
Period   3 5874.25  3379.28  3332.65  6491.3  6592.12  5338.26  
Period   4 6363.65  7861.8  8134.12  6360.31  6210.03  2313.1  
Period   5 5888.05  4458.83  6509.21  3819.36  6107.66  5712.01  
UNDS1
Period   0 -6443.64  -6641.18  -6370.55  -6478.44  -6410.72  -6685.12  
Period   1 -7220.96  -6809.12  -8208.72  -7062.73  -5581  -6545.82  
Period   2 -5703.05  -5872.86  -6890.14  -5236.7  -5066.62  -5754.41  
Period   3 -6077.1  -6360.95  -6555.09  -6025.55  -6301.3  -6624.54  
Period   4 -6932.14  -6621.62  -6563.35  -6093.11  -6375.53  -6292.56  
Period   5 -7054.05  -6944.24  -6681.27  -6803.43  -6740.87  -6550.93  
SCENARIO 93
UNDS0
Period   0 3747.92  2911.31  2327.99  2674.34  2587.85  2551.75  
Period   1 4696.64  5104.83  2255.83  3654.07  3651.34  3871.87  
Period   2 5513.44  6224.62  3326.49  3157.84  971.957  863.507  
Period   3 6499.88  6389.16  6571.51  6713.23  4451.27  4291.19  
Period   4 7415.1  7564.74  5309  7379.87  6689.67  2745.66  
Period   5 4361.24  5295.02  5651.93  5316.47  5858.22  4997.75  
UNDS1
Period   0 -6534.49  -6513.56  -6891.85  -6404.11  -7137.85  -6250.08  
Period   1 -5844.49  -6076.65  -8347.48  -5549.27  -5564.87  -7036.82  
Period   2 -5415.2  -6179.86  -5135.45  -4959.79  -5780.12  -6400.95  
Period   3 -6233.45  -6694.16  -6638.76  -6240.97  -6143.85  -6571.79  
Period   4 -6080.24  -6406.42  -6160.99  -6088.16  -6580.18  -7506.91  
Period   5 -6393.01  -7248.88  -6728.31  -6460.26  -6472.29  -6452.73  
SCENARIO 94
UNDS0
Period   0 3972.2  2991.29  2744.48  3076.15  2599.39  1454.84  
Period   1 4521.06  5411.01  3983.71  4934.68  5478.76  4254.77  
Period   2 6493.35  3820.64  5371.08  2480.38  1086.19  838.634  
Period   3 6061.48  5954.03  5477.38  6612.6  4510.57  7645.65  
Period   4 4254.9  5977.35  7348.71  7193.77  6286.68  5690.31  
Period   5 6104.14  5886.09  4189.15  3934.94  3881.78  5379.86  
UNDS1
Period   0 -6098.35  -6728.31  -6561.35  -6388.85  -6782.34  -6686.12  
Period   1 -6403.89  -6220.49  -5758.89  -6563.97  -6171.54  -8366.73  
Period   2 -5503.85  -6139.5  -5255.68  -5437.24  -4963.97  -6483.83  
Period   3 -6453.2  -6294.41  -6256.45  -6425.73  -6020.45  -6690.18  
Period   4 -6663.77  -6135.69  -6218.89  -6892.59  -6518.16  -6563.44  
Period   5 -6215  -6563.62  -7251.91  -6544.38  -6737.75  -6430.63  
SCENARIO 95
UNDS0
Period   0 3692.27  3206.32  2704.9  3651.41  2395.89  1551.74  
Period   1 3664.17  2383.04  4013.84  4109.83  3827.93  4208.05  
Period   2 3369.22  5775.31  6332.37  2910.62  892.988  812.826  
Period   3 5876.94  7179.13  6580.85  6999.58  6416.56  3473.54  
Period   4 6705.18  7704  5760.4  5320.9  6905.5  4003.85  
Period   5 3748.65  4862.51  4847.32  6006.01  5652.17  6256.94  
UNDS1
Period   0 -6150.97  -6700.81  -6772.25  -6327.3  -7185.97  -7195.2  
Period   1 -5302.99  -8082.23  -6233.24  -6428.73  -5808.84  -8511.62  
Period   2 -6196.24  -5325.39  -5836.94  -4950.65  -5725.34  -5280.61  
Period   3 -6256.07  -6180.55  -6303.78  -6213.12  -6364.11  -6772.29  
Period   4 -6106.97  -6309.67  -6373.9  -6562.3  -6122.34  -7352.38  
Period   5 -6362.43  -6486.65  -6558.93  -7252.96  -6134.46  -7062.01  
SCENARIO 96
UNDS0
Period   0 3738.05  3624.62  3154.4  3618.18  1880.28  1268  
Period   1 3761.81  5937.52  5317.25  5512.02  3462.66  4782.07  
Period   2 3074.35  3978.31  6464.34  2892.34  2039.67  1553.32  
Period   3 4345.12  5422.71  6219.14  4256.49  5615.37  7172.32  
Period   4 6021.65  5802.66  7093.92  7074.81  7947.27  2721.58  
Period   5 5584.2  5133.33  3303.18  5778.44  5983.39  6653.18  
UNDS1
Period   0 -6686.39  -6252.87  -6028.82  -6807.58  -6165.42  -7659.52  
Period   1 -5834.94  -5959.95  -7385.17  -6811.06  -7449.59  -7766.4  
Period   2 -5180.75  -4827.59  -4734.81  -5151.74  -5790.74  -7418.88  
Period   3 -6093.02  -6060.16  -6247.68  -6175.48  -6529.94  -6948.77  
Period   4 -6397.67  -6693.3  -6276.7  -6175.13  -6701.3  -6732.53  
Period   5 -7182.65  -6265.09  -6915.82  -6324.73  -6466.92  -7242.24  
SCENARIO 97
UNDS0
Period   0 4150.51  2348.29  3358.2  3352.11  2701.85  1441.58  
Period   1 5873.71  5535.89  5070.88  4390.08  5163.64  4013.57  
Period   2 4976.89  4704.97  6489.7  2096.02  1024.73  804.018  
Period   3 5617.3  5454.83  6562.02  6257.27  6753.59  5618.19  
Period   4 6555.22  5024.2  7801.37  6124.42  8040.29  3136.44  
Period   5 5199.52  6326.41  5891.5  5740.05  6209.09  3226.99  
UNDS1
Period   0 -6380.88  -6278.43  -7270.19  -6092.05  -6028.82  -7244.18  
Period   1 -6389.28  -5646.47  -6702.03  -7254.69  -5778.54  -7042.07  
Period   2 -5049.36  -5031.3  -5145.39  -5998.97  -5355.03  -6631.9  
Period   3 -6311.74  -6801.47  -6055.05  -6826.32  -6879.55  -6722.17  
Period   4 -6571.65  -6922.8  -6803.42  -6492.75  -6282.39  -7012.02  
Period   5 -6666.21  -6285.46  -6875.19  -6375.88  -6220.35  -7526.58  
SCENARIO 98
UNDS0
Period   0 3788.33  3505.74  3512.45  3776.86  1545.11  1186.03  
Period   1 6042.36  4600.61  2151.69  3932.95  4182.95  4452.13  
Period   2 6411.47  5436.95  5331.01  1080.78  937.65  870.954  
Period   3 6125.41  7556.27  6528.25  5280.32  6588.79  3836.14  
Period   4 6425.03  6385.34  7517.18  4425.16  7665.56  4626.31  
Period   5 5755.4  6139.39  6496.89  6269.14  6262.1  2707.41  
UNDS1
Period   0 -6514.95  -6388.39  -7155.82  -7001.67  -6022.85  -6469.15  
Period   1 -7477.13  -6412.74  -5960.05  -6392.46  -6737.12  -5208.8  
Period   2 -5900.86  -5173.14  -5197.03  -5760.33  -5709.21  -6349.73  
Period   3 -6504.79  -5946.59  -6173.79  -6448.36  -6073.26  -6957.94  
Period   4 -6439.13  -6277.64  -6540.35  -6028.27  -6705.08  -6935.95  
Period   5 -6904.48  -6361.17  -6606.51  -6843.64  -6163.62  -6972  
SCENARIO 99
UNDS0
Period   0 3569.96  3505.25  3633.21  4090.07  1391.62  1193.46  
Period   1 3667.21  5836.76  5742.38  3037.18  5470.66  4867.71  
Period   2 3119.18  2785.62  5573.24  5040.9  2343.42  1206.53  
Period   3 5256.13  4946.94  6057.6  2906.16  5862.98  5339.28  
Period   4 5031.85  6358.17  4214.5  7257.8  6628.6  5022.45  
Period   5 5621.36  5373.08  4484.24  5409.68  6065.18  4260.36  
UNDS1
Period   0 -6441.02  -6156.94  -6144.51  -6713.26  -6627.48  -7144.7  
Period   1 -8157.71  -6941.69  -5490.09  -5692.24  -6505.62  -6736.77  
Period   2 -5099.4  -5552.98  -6656.93  -6504.19  -6345.91  -5546.63  
Period   3 -6077.09  -5991.02  -6198.44  -6046.99  -6424.66  -7169.66  
Period   4 -6431.62  -6290.04  -6182.97  -6623.93  -6318.59  -7056.88  
Period   5 -6732.27  -6292.43  -7101.05  -6776.46  -6217.35  -6886.68  
