NBScenarios 100
SCENARIO 0
UNDS0
Period   0 2458.34  1451.13  2081.52  1704.7  1649.62  1620.11  
Period   1 1070.8  2092.03  629.756  4206.07  3668.51  2063.27  
Period   2 1556.39  2143.49  2129.16  1767.42  2494.08  2816.34  
Period   3 2159.85  2790.27  5090.67  4258.59  3762.41  2431.83  
Period   4 5309.89  4861.8  2707.31  4578.07  2119.05  5205.52  
Period   5 2842.36  2342.16  2788.27  3490.16  3627.8  2782.74  
UNDS1
Period   0 -7995.68  -7401.48  -7282.19  -7515.62  -7513.42  -6305.15  
Period   1 -9882.95  -8574.51  -10071.8  -10523.7  -9619.31  -6371.52  
Period   2 -7152.74  -7137.29  -5637.77  -7043.05  -6977.79  -7085.26  
Period   3 -7224.51  -6642.11  -7064.45  -6602.04  -7499.04  -6899.87  
Period   4 -7423.67  -7430.49  -7135.94  -7123.05  -7244.2  -7322.27  
Period   5 -7740.87  -7590.61  -6757  -7027.02  -7354.46  -7376.8  
SCENARIO 1
UNDS0
Period   0 3056.25  2021.39  1626.28  1456.19  2006.21  1719.9  
Period   1 3574.09  1767.41  1132.54  2163.99  2476.57  772.411  
Period   2 1584.41  2221.46  2427.52  2282.4  2200.56  1252.65  
Period   3 3644.79  3381.72  2391.63  2865.43  2550.26  3713.36  
Period   4 5104.11  3278.98  4955.43  4771.74  2390.11  4718.07  
Period   5 2613.92  2556.35  3916.58  2472.82  3713.8  2687.16  
UNDS1
Period   0 -7288.87  -6937.22  -7721.45  -7456.63  -7579.19  -7692.1  
Period   1 -8211.29  -8951.29  -9569.85  -10030.7  -9553.22  -6680.77  
Period   2 -6740.55  -7277.95  -6889.67  -6776.42  -6904.89  -6849.92  
Period   3 -7217.43  -6829.01  -7182.76  -6981.47  -6937.64  -7182.84  
Period   4 -7366.71  -7425.63  -7215.71  -6989.93  -7431.66  -6693.26  
Period   5 -7452.9  -7422.59  -7264.92  -7064.58  -6584  -7528.33  
SCENARIO 2
UNDS0
Period   0 2077.45  1470.73  1442.42  1519.68  1408.99  2132.73  
Period   1 2005.33  2641.82  1186.18  2127.58  736.79  102.568  
Period   2 2741.87  1826.96  2360.5  1567.22  2212.41  1461.85  
Period   3 2663.66  1737.56  4740.81  3153.95  3036.44  3351.38  
Period   4 2517.09  5543.42  5547.07  2805.68  3986.12  2907.75  
Period   5 4007.09  5180.08  2799.75  4308.1  4425.13  3113.31  
UNDS1
Period   0 -7519.89  -8122.58  -7420.38  -7435.71  -7184.95  -7560.62  
Period   1 -7969.76  -9028.86  -8826.53  -8636.27  -8322.8  -9251.38  
Period   2 -7491.25  -6639.87  -6625.92  -7553.06  -6782.61  -6262.26  
Period   3 -7168.68  -7306.4  -7414.15  -6625.14  -7493.8  -6656.57  
Period   4 -6523.22  -7398.63  -7195.31  -7245.09  -6637.23  -7476.21  
Period   5 -7454.73  -7369.11  -7524.55  -7269.84  -7714.56  -7599.21  
SCENARIO 3
UNDS0
Period   0 2021.54  1789.37  3203.66  2356.05  1400.8  1635.81  
Period   1 1971.9  2187.53  1908.27  1761.98  1396.12  511.125  
Period   2 2984.32  2355.15  2644.19  2478.26  2748.48  1640.18  
Period   3 3133.77  2983.07  2494.13  4147.17  3608.43  2687.15  
Period   4 4057.4  2179.34  4446.48  5060.8  3011.27  3271.57  
Period   5 4261.41  3238.97  3712.24  3981.73  4026.04  2136.76  
UNDS1
Period   0 -7208.94  -7752.73  -7745.43  -6745.66  -7315.65  -7721.16  
Period   1 -9174.07  -9352.37  -7906.76  -9322  -9923.71  -8803.62  
Period   2 -7339.6  -7387.01  -6429.1  -7034.64  -6827.53  -6437.59  
Period   3 -7120.1  -7159.21  -7222.1  -6949.48  -6742.98  -7019.14  
Period   4 -7358.78  -7197.04  -7327.61  -7001.33  -7393.63  -6534.27  
Period   5 -7893.14  -6734.18  -7454.05  -7764.46  -7727.57  -7535.37  
SCENARIO 4
UNDS0
Period   0 3245.4  1563.1  2617.05  1924.08  2040.86  1852.05  
Period   1 2033.62  1099.14  2247.36  2557.7  1034.85  2425.14  
Period   2 1216.7  1175.1  3150.56  4867.11  988.023  1621.44  
Period   3 1748.67  4205.71  2509.6  2156.62  2159.28  2500.61  
Period   4 5445.6  3911.63  4114.48  4635.81  3485.38  3961.02  
Period   5 3474.52  4868.02  2822.95  3335.31  3386.5  2915.18  
UNDS1
Period   0 -7560.06  -7939.1  -7506.08  -7974.76  -7706.51  -6718.74  
Period   1 -7631.71  -8694.71  -9167.6  -9419.79  -8898.94  -8901.35  
Period   2 -5889.64  -6334.21  -7255.61  -6988.61  -5996.39  -7038.16  
Period   3 -6740.41  -7382.66  -7059.5  -6841.44  -7125.7  -6922.24  
Period   4 -6965.4  -7257  -6969.34  -7488.12  -7070.25  -7511.21  
Period   5 -7646.35  -6864.33  -7515.39  -6934.76  -7272.82  -6368.4  
SCENARIO 5
UNDS0
Period   0 3090.72  1834.43  1703.62  2541.65  2311.15  1893.5  
Period   1 3112.67  1937.35  985.133  792.979  486.787  3011.14  
Period   2 1096.17  3028.87  2521.04  3256.9  3484.89  1181.95  
Period   3 2250.73  4334.31  2536.8  2554.44  4178.54  3870.59  
Period   4 3351.43  3648.09  3333.8  2335.84  6747.71  3798.1  
Period   5 4490.45  2436.76  2248.68  2492.59  3476.86  2492.45  
UNDS1
Period   0 -7766.45  -7340.18  -7480.05  -7587.24  -6770.6  -7957.82  
Period   1 -9697.11  -9113.43  -8831.03  -10401.3  -9090.03  -7883.4  
Period   2 -7174.32  -6644.55  -6815.21  -7360.29  -7496.9  -5769.01  
Period   3 -7009.57  -6682.17  -7245.32  -7134.32  -7255.73  -6931.01  
Period   4 -7475.29  -6860.28  -7506.1  -6832.3  -7467.74  -6813.62  
Period   5 -7317.89  -7133.98  -7724.9  -7139.15  -7215.81  -6561.58  
SCENARIO 6
UNDS0
Period   0 1574.98  2726.21  1676.43  2944.5  2485.62  1686.3  
Period   1 1998.11  5160.82  1363.44  560.178  2511.62  3427.88  
Period   2 1876.59  1899.61  2773.18  3001.58  1288.27  1412.12  
Period   3 2054.04  5213.15  4893  3796  3103.64  2717.1  
Period   4 3558.73  4319.68  3725.23  4044.2  4047.05  2410.35  
Period   5 4071.92  2255.12  3594.55  2790.88  1919.1  4359.73  
UNDS1
Period   0 -7831.48  -7878.81  -6966.6  -7804.65  -7953.22  -7004.16  
Period   1 -9591.1  -7685.3  -9274.54  -7933.34  -9247.51  -10135.4  
Period   2 -6045.78  -7121.56  -6145.39  -5540.5  -6307.11  -6875.57  
Period   3 -7255.45  -7172.82  -6936.48  -6529.14  -7438.7  -7373.99  
Period   4 -7312.98  -7547.15  -7038.4  -6799.6  -7028.8  -7249.23  
Period   5 -7235.28  -7449.21  -6856.99  -6909.8  -6906.72  -7618.42  
SCENARIO 7
UNDS0
Period   0 1858.91  1678.14  2022.44  1554.12  1236.19  2526.74  
Period   1 1649.08  1252.99  1150.56  584.18  3634.78  1125.78  
Period   2 1596.45  3752.04  2515.21  3219.82  1402.1  2264.38  
Period   3 2785.09  2226  4469.15  2758.17  6118.9  1665.09  
Period   4 3523.3  5057.12  4047.41  2577.59  3085.17  2460.89  
Period   5 2997.94  3971.89  2599.56  2465.74  3377.58  4193.2  
UNDS1
Period   0 -7411.97  -7428.17  -6883.85  -7366.9  -6717.42  -8070.28  
Period   1 -10371.5  -8418.97  -8978.28  -9289.74  -9043.76  -8277.02  
Period   2 -7563.75  -6773.58  -7015.85  -6082.97  -7297.72  -6570.21  
Period   3 -7426.13  -7391.86  -7103.88  -7151.89  -6406.99  -7209.67  
Period   4 -7282.84  -7148.85  -6796  -6966.73  -6954.14  -7215.81  
Period   5 -7227.98  -7279.1  -7783.18  -7265.95  -7305.54  -7343.96  
SCENARIO 8
UNDS0
Period   0 2096.76  2403.86  1329.78  1792.5  1905.56  3146.63  
Period   1 2226.71  1260.37  1954.04  4720.76  1805.56  1525.67  
Period   2 4390.07  2420.73  1468.32  3009.29  2096.44  1610.3  
Period   3 4214.89  5502.28  2627.6  4272.33  4133.59  5376.19  
Period   4 4036.83  3444.65  2653.03  4192.9  4040.2  5135.6  
Period   5 2966.4  4118.96  2638.76  2657.17  3047.86  2443.93  
UNDS1
Period   0 -7668.69  -7031.39  -7874.34  -7748.76  -6875.61  -7088.65  
Period   1 -10694.4  -8523.11  -9592.52  -10004.1  -8076.87  -7732.41  
Period   2 -6098.89  -7029.58  -6692.66  -6834.75  -6967.17  -6238.8  
Period   3 -7420.14  -7282.96  -7088.67  -7435.29  -7107.69  -6556.89  
Period   4 -7390.08  -7446.05  -6797.18  -7370.62  -7261.29  -6717.45  
Period   5 -7784.77  -7360.61  -7519.8  -7794.18  -7043.34  -7629.24  
SCENARIO 9
UNDS0
Period   0 1549.08  1973.22  1954.39  2124.99  1585.06  1479.99  
Period   1 2491.22  1548.92  1265.9  984.739  2666.17  2684.28  
Period   2 3986.66  1608.1  4440.86  1160.6  4004.39  2072.58  
Period   3 5393.85  2750.1  2038.5  3357.05  2668.84  3008.61  
Period   4 4447.58  3124.91  3525.98  2656.97  2490.56  4119.04  
Period   5 3840.38  2496.19  3071.58  3801.11  3133.85  2568  
UNDS1
Period   0 -7644.17  -7570.04  -7713.46  -7762.42  -7399.04  -7488.9  
Period   1 -10106.7  -10086.6  -8936.23  -9704.56  -9280.37  -6132.99  
Period   2 -6845.55  -7347.67  -6299.84  -7194.72  -7494.19  -6236.1  
Period   3 -7078.71  -7431.37  -7413.22  -6730.86  -7230.39  -6940.29  
Period   4 -6602.85  -7149.95  -7058.67  -7573.67  -7567.63  -7492.95  
Period   5 -7775.14  -7787.31  -7488.94  -7534.68  -7567.38  -6463.04  
SCENARIO 10
UNDS0
Period   0 2177.15  2345.77  2487.56  2086.22  2944.21  2970.98  
Period   1 681.549  2452.54  1573.44  1179.85  351.816  2527.84  
Period   2 1101.93  1709.65  2044.17  3683.71  3497.87  3352.41  
Period   3 4312.76  2129.1  2302.92  3728.31  4599.25  1772.64  
Period   4 4343.82  3919.64  5445.21  3939.51  2356.85  4260.84  
Period   5 2831.63  3351.8  2586.86  2481.07  2751.59  2789.8  
UNDS1
Period   0 -7933.6  -7785.58  -8126.9  -7548.4  -7817.47  -6339.28  
Period   1 -8471.67  -9294.47  -10147.1  -10586.9  -9331.59  -6271.03  
Period   2 -6560.65  -6462.44  -6501.24  -6259.62  -6416.52  -6468.56  
Period   3 -7342.73  -7069.29  -6888.09  -6854.68  -7083.18  -7229  
Period   4 -7131.06  -7060.39  -7415.49  -7177.66  -7118.98  -7322.98  
Period   5 -7311.69  -6987.13  -7425.1  -6845.91  -7649.98  -7516.77  
SCENARIO 11
UNDS0
Period   0 1871.37  2328.61  1294.9  1881.4  1975.51  2114.43  
Period   1 339.116  1470.9  1277.08  865.54  2765.84  1566.3  
Period   2 3147.55  1461.73  1679.33  3148.73  1908.9  3787.97  
Period   3 2501.75  3440.7  3333.61  3622.56  4371.94  2752.06  
Period   4 2229.52  4059.23  4943.47  2517.97  2342.38  3244.98  
Period   5 3539.62  3879.67  4386.55  2563.77  3550.4  4126.67  
UNDS1
Period   0 -7916.87  -7634.47  -7365.49  -7137.38  -8106.49  -7172.61  
Period   1 -8525.01  -9954.8  -10457.3  -9741.97  -8815.38  -7270.17  
Period   2 -6981.47  -6689.08  -6957.07  -7107.47  -7053.92  -6046.4  
Period   3 -6953.35  -7101.22  -7222.65  -7191.55  -7300.33  -6696.84  
Period   4 -6788.65  -7446.53  -7312.54  -7195.4  -7494.31  -7258.34  
Period   5 -7164.43  -7044.27  -7396.21  -7500.83  -7658.29  -7611.91  
SCENARIO 12
UNDS0
Period   0 1606.99  1550.78  1829.68  1145.69  3011.71  2898.42  
Period   1 1707.3  2885.91  4766.35  1478.32  1037.05  1855.27  
Period   2 3999.46  1780  1336.34  2253.97  2759.51  3177.87  
Period   3 4415.56  2714.46  4176.36  5707.51  2379.74  2172.63  
Period   4 2765.6  3108.39  4328.68  2078.99  4028.01  2627.88  
Period   5 2379.87  2437.58  3139.5  2305.09  2179.02  2642.83  
UNDS1
Period   0 -7807.2  -7582.1  -7845.23  -7865.18  -7726.26  -6465.36  
Period   1 -9160.61  -10449.5  -8900.85  -9078.75  -8788.15  -7860.72  
Period   2 -6605.9  -7485.74  -7046.58  -7133.56  -6904.75  -6128.72  
Period   3 -7417.64  -7128.17  -6755.9  -6985.4  -7031.14  -6932.37  
Period   4 -7049.08  -7344.44  -6981.07  -6694.16  -7403.13  -7080.74  
Period   5 -6995.18  -7465.19  -7248  -7634.28  -7042.01  -7736.9  
SCENARIO 13
UNDS0
Period   0 2431.83  2292.51  1449.85  1708.09  2300.5  1770.74  
Period   1 2249.62  1833.33  168.656  3039.79  1306.96  895.598  
Period   2 2388.7  3825.07  1654.19  2821.3  2195.05  1971.05  
Period   3 1789.1  5388.57  2765.64  4151.15  1725.28  5342.51  
Period   4 2690.27  2233.7  3330.79  2507.7  6483.9  5876.94  
Period   5 3848.82  2874.27  4016.76  2533.33  4121.16  3792.52  
UNDS1
Period   0 -7936.31  -6928.57  -8095.07  -8018.15  -6980.49  -7173.72  
Period   1 -8904.12  -8007.88  -9033.7  -7397.6  -8473.81  -8556.19  
Period   2 -6795.48  -7036.65  -7002.8  -5534.88  -6724.3  -6837.85  
Period   3 -7107.8  -6817.49  -6971.29  -7068.3  -7225.34  -7121.37  
Period   4 -7428.24  -7198.07  -7310.63  -7335.09  -6912.01  -7542.17  
Period   5 -7354.52  -7050.3  -7327.99  -6851.48  -7713.46  -7610.33  
SCENARIO 14
UNDS0
Period   0 2459.69  2257.76  2749.9  1723.44  3173.21  2786.77  
Period   1 1637.03  866.717  1472.77  1195.42  67.2237  531.909  
Period   2 1203.19  957.844  1624.24  3151.82  1133.35  2593.13  
Period   3 3080.89  3254.5  3419.55  3637.51  1652.22  3225.17  
Period   4 4075.12  4627.29  2699.56  2257.18  3379.97  2479.97  
Period   5 3923.68  4082.37  2483.79  2567.35  4156.38  3150.87  
UNDS1
Period   0 -7454.3  -7233.2  -7445.52  -7154.77  -7206.87  -7927.64  
Period   1 -8566.69  -6921.66  -8752.32  -9035.8  -8637.62  -9457.64  
Period   2 -6466.42  -7311.01  -6546.73  -5955.38  -6445.37  -6681.02  
Period   3 -7336.52  -7359.48  -7176.28  -7213.93  -6580.19  -6755.17  
Period   4 -6517.4  -7430.24  -7435.98  -7143.74  -7277.87  -6980.61  
Period   5 -7429.69  -7442.29  -6990.77  -7171  -7060.93  -7010.71  
SCENARIO 15
UNDS0
Period   0 1154.03  1663.57  1892.17  1173.88  1477.12  1874.62  
Period   1 492.605  968.141  574.321  1903.65  1976.85  3133.53  
Period   2 1556.5  1148.46  1652.24  2758.43  2062.36  1670.19  
Period   3 4881.19  2936.36  1981.51  4569.01  3825.67  3164.07  
Period   4 3497.78  5079.63  4100.85  4966.64  6209.03  6261.89  
Period   5 1933.29  4298.3  3048.97  3912.15  3621.24  4854.32  
UNDS1
Period   0 -7599.12  -8075.09  -7110.59  -7955.45  -7148.49  -7483.17  
Period   1 -10048.3  -10052.6  -10648  -10066.7  -8498.97  -5757.05  
Period   2 -6914.82  -7084.37  -6745.27  -6510.32  -7007.78  -7187.11  
Period   3 -7011.42  -7333.55  -7511.66  -7043.47  -6476.7  -7357.4  
Period   4 -7313.84  -7137.66  -7189.85  -7510.55  -7225.82  -7269.44  
Period   5 -7625.21  -7151.58  -6840.86  -7825.67  -7448.9  -7564.84  
SCENARIO 16
UNDS0
Period   0 1870.44  1912.32  2356.68  2015.9  1580.38  2629.45  
Period   1 1580.14  1912.49  4333.79  1289.25  849.561  2136.94  
Period   2 1972.89  2169.38  1706.38  1703.75  1358.01  1180.63  
Period   3 2545.13  3475.82  3737.17  2713.89  2343.46  3958.97  
Period   4 4931.46  2504.38  2178.04  2308.79  3368.6  2137.45  
Period   5 3240.35  4944.01  3779.81  2941.47  3712.17  3501.98  
UNDS1
Period   0 -7485.72  -7264.46  -7524.75  -7159.86  -7830.21  -7291.31  
Period   1 -10216.7  -10245.8  -9463.53  -9190.94  -9846.4  -5944.08  
Period   2 -6672.4  -5573.17  -5745.57  -7339.99  -7234.17  -6319.15  
Period   3 -6820.27  -7209.05  -7387.41  -7261.03  -6703.52  -6997.4  
Period   4 -6894.94  -7034.02  -7107.61  -7376.64  -7044.08  -7111.39  
Period   5 -7654.76  -7346.75  -7892.68  -7267.44  -7724.51  -7543.45  
SCENARIO 17
UNDS0
Period   0 1491.46  1763.33  1862.7  1592.92  1345.31  2165.86  
Period   1 239.191  1719.83  1560.9  589.222  834.102  657.342  
Period   2 2160.01  2553.12  4895.02  1440.98  1601.02  3342.84  
Period   3 2192.99  2245.49  2436.78  3393.39  4229.55  5846.11  
Period   4 3080.3  3572.51  2442.49  3518.35  2670.59  5505.78  
Period   5 2927.9  2441.76  4700.72  2680.34  3485.83  2286.12  
UNDS1
Period   0 -7689.43  -7885.49  -7637.25  -7442.37  -7148.65  -6886.99  
Period   1 -9907.84  -6800.29  -9826.09  -9537.03  -9212.7  -9957.9  
Period   2 -6917.59  -6266.07  -7128.01  -6690.75  -6792.04  -6247.72  
Period   3 -7107.66  -7234.8  -7380.96  -7309.58  -7139.81  -6684.75  
Period   4 -7157.8  -7001.62  -7188.18  -7334.52  -7120.92  -7348.24  
Period   5 -7521.08  -7806.06  -7664.29  -7582.74  -7240.5  -7442.74  
SCENARIO 18
UNDS0
Period   0 1288.13  1541.23  2105.53  1681.54  2229.22  3123.93  
Period   1 3216.16  1046.3  2430.27  830.984  2732.26  3372.39  
Period   2 2334.97  3781.81  2706.33  2144.8  2880.87  1297.04  
Period   3 3718.02  4603.82  2902.36  2879.01  3836.17  2884.63  
Period   4 2811.57  2854.14  3733.02  4259.41  6211.86  5410.65  
Period   5 5020.85  3436.68  4564.23  2761.4  3699.89  4286.46  
UNDS1
Period   0 -7874.87  -7456.78  -7362.35  -7889.56  -7384.5  -7123.09  
Period   1 -10349.5  -8988.24  -7816.59  -7881.03  -9591.01  -9306.34  
Period   2 -6501.6  -7117.92  -6369.62  -7132.43  -6919.97  -7403.91  
Period   3 -6829.22  -7278.46  -7212.82  -7398.46  -6953.18  -6606.16  
Period   4 -7417.02  -6524.35  -7414.01  -7236.15  -7487.2  -6968.97  
Period   5 -7275.54  -7607.68  -7471.7  -7676.68  -7888.15  -7082.8  
SCENARIO 19
UNDS0
Period   0 1470.07  1720.37  2252.33  2859.6  2923.77  1334.33  
Period   1 1772.65  3892.02  2024.56  2282.14  1724.63  2506.39  
Period   2 908.017  1895.57  2229.84  3252.17  1323.25  1699.18  
Period   3 5111.04  4204.53  4350.14  4854.63  4548.11  2993.23  
Period   4 4827.79  3123.28  3635.73  4375.46  2819.4  5920.69  
Period   5 3617.8  3776.09  3015.36  5099.17  2234.2  3409.95  
UNDS1
Period   0 -7586.35  -8001.86  -8037.84  -7451.87  -7779.37  -6452.3  
Period   1 -9112.87  -7078.16  -8631.61  -9227.69  -9327.7  -9883.75  
Period   2 -6243.23  -7427.62  -7223.39  -7486.56  -6883.66  -6067.72  
Period   3 -7099.7  -7150  -7356.1  -7056.87  -7192.61  -6736.77  
Period   4 -7357.4  -7499.22  -6446.37  -7060.28  -7298.91  -7340.82  
Period   5 -7678.94  -7271.68  -7899.47  -7356.4  -7775.92  -7001.64  
SCENARIO 20
UNDS0
Period   0 2138.98  1374.9  1375.86  1799.09  1632.51  2631.82  
Period   1 2678.12  4613.94  986.391  2762  1706  2457.41  
Period   2 2842.5  2584.95  2620.96  2250.62  1885.46  3511.61  
Period   3 3628.55  3879.15  4458.94  2786.59  3346.37  3293.69  
Period   4 2435.11  3469.88  2130.05  3097.49  5140.19  3334.49  
Period   5 3867.73  2566.03  3445.19  3130.78  3370.36  2579.32  
UNDS1
Period   0 -6920.29  -7295.88  -7916.99  -7911.12  -7910.35  -6967.81  
Period   1 -8192.44  -9693.61  -9004.56  -8480.44  -9972.8  -9762.16  
Period   2 -6933.59  -7507.07  -7119.84  -7062.68  -6508.87  -5527.19  
Period   3 -7033.49  -6757.05  -7008.1  -7284.15  -7134.71  -7036.82  
Period   4 -6998.82  -7048.13  -6908.64  -7519.47  -6449.63  -7003.96  
Period   5 -7821.8  -7672.3  -7881.28  -7766.37  -7782.97  -6428  
SCENARIO 21
UNDS0
Period   0 1731.98  1790.74  3060.64  2527.28  1831.88  1331.89  
Period   1 850.94  2055.05  3029.55  2205.56  3612.48  77.2324  
Period   2 2713.69  1624.14  4074.15  4252.69  1871.36  1500.83  
Period   3 3147.74  4325.66  2569.11  2878.02  2822.06  2610.42  
Period   4 2592.13  3968.02  5467.55  4247.41  3036.2  3023.09  
Period   5 4701.79  2915.54  2536.47  3476.8  4006.66  4662.52  
UNDS1
Period   0 -7379.21  -7327.99  -7418.03  -7033.56  -7480.79  -7705.51  
Period   1 -8147.76  -9412.22  -9825.65  -10346.1  -9589.11  -6524.48  
Period   2 -6241.4  -6993.12  -6502.47  -6985.55  -7457.43  -6544.18  
Period   3 -7213.89  -6347.96  -7271.74  -7317.56  -6863.6  -7208.83  
Period   4 -7143.25  -7275.78  -7502.53  -6425.76  -6613.68  -7160.07  
Period   5 -6527.6  -7166.92  -7677.23  -7009.69  -7595.41  -7157.45  
SCENARIO 22
UNDS0
Period   0 2256.28  1652.53  1684.83  1447.08  2034.33  1586.81  
Period   1 594.301  2474.7  1497.52  2094.76  2095.92  615.793  
Period   2 2542.78  4247.57  1450.48  1978.04  1363.43  4490.75  
Period   3 3647.86  2577.28  1982.18  4212.27  3073.36  2310.18  
Period   4 5156.41  3646.9  4316.14  1992.91  2643.77  2937.34  
Period   5 4010.64  2152.68  3122.16  3202.48  4746.74  3201.36  
UNDS1
Period   0 -7552.68  -7650.53  -7831  -7032.45  -7539.91  -7466.68  
Period   1 -9422.27  -10527.2  -7752.53  -9675.57  -7913.7  -8916.49  
Period   2 -7142.6  -7138.9  -7264.02  -7418.27  -7285.3  -5229.38  
Period   3 -7158.74  -7276.12  -7002.74  -6982.42  -6989.17  -7240.54  
Period   4 -7086.98  -7187.25  -7029.34  -6495.71  -6452.48  -7240.55  
Period   5 -6953.55  -7293.01  -7473.86  -7287.95  -7040.95  -6840.58  
SCENARIO 23
UNDS0
Period   0 1459.98  2514.08  2155.99  3105.98  2783.92  1788.35  
Period   1 1049.58  736.811  2609.55  1646.29  1144.12  501.647  
Period   2 2679.96  2968.21  2662.46  1252.1  2618.51  2571.08  
Period   3 2242.06  3146.21  2606.48  2494.03  3863.39  2529.08  
Period   4 2853.89  4796.11  4232.16  2267.11  4450.05  3337.09  
Period   5 2278.55  2408.92  4694.08  4124.12  1995.46  3434.55  
UNDS1
Period   0 -6950  -7663.89  -7774.83  -8113.71  -7347.38  -7090.67  
Period   1 -10094.1  -9238.76  -10194.4  -9740.19  -9278.29  -6146.3  
Period   2 -6808.28  -7171.22  -6921.19  -7089.97  -7070.14  -5875.35  
Period   3 -7376.27  -7228.45  -6947.32  -7197.17  -7451.04  -6602.12  
Period   4 -7347.78  -6387.1  -7445.23  -7039.38  -7056.61  -6474.39  
Period   5 -7354.79  -7735.51  -7108.21  -7530.84  -6991.39  -7470.46  
SCENARIO 24
UNDS0
Period   0 1456.38  1964.46  2124.28  1788.77  1294.41  2074.83  
Period   1 2908.52  365.613  849.192  418.305  1611.12  1998.04  
Period   2 4102.85  1425.26  3134.27  4772.22  894.174  2066.5  
Period   3 4477.39  2851.06  1817.6  2619.58  4548.72  5208.15  
Period   4 3152.4  4089.77  2498  3558.01  5456.79  4479.7  
Period   5 3275.7  3622.39  2800.24  2513.41  4538.25  2241.89  
UNDS1
Period   0 -7362.22  -7550.58  -7936.1  -7517.86  -7469.2  -6898.12  
Period   1 -8180.11  -9200.15  -10166.1  -9069.86  -9963.18  -8553.5  
Period   2 -7305.93  -5818.77  -5422.03  -7111.03  -6960.45  -6986.46  
Period   3 -7026.01  -7135.14  -7434.15  -7255.47  -7505.81  -6402.51  
Period   4 -7095.05  -7161.61  -7037.13  -6542.07  -7478.31  -7129.44  
Period   5 -7452.91  -7718.95  -7287.07  -7135.38  -7723.88  -7347.8  
SCENARIO 25
UNDS0
Period   0 1625.27  1651.19  1396.99  2782.37  1683.03  1791.51  
Period   1 2720.56  1945.58  2299.27  1657.14  1980.48  783.285  
Period   2 2885.12  2076.63  2292.09  3886.38  3442.06  3226.35  
Period   3 2490.75  3083.25  2276.43  2413.41  1768.9  4331.92  
Period   4 2756.95  4446.94  3776.57  2890.23  2552.68  4563.58  
Period   5 2590.6  3002.08  2688.05  4188.97  3312  2978.7  
UNDS1
Period   0 -7565.62  -7264.05  -6979.17  -7156.42  -7930.82  -7537.31  
Period   1 -8778.29  -10334.6  -7714.94  -7670.13  -7233.53  -8813.14  
Period   2 -6639.89  -5385.53  -6146.94  -6573.88  -6717.44  -6376.5  
Period   3 -6992.77  -6810.63  -6914.24  -6352.83  -6447.92  -7211.35  
Period   4 -7096.79  -7503.59  -7495.63  -6611.41  -7386.12  -6458.29  
Period   5 -7351.49  -7323.61  -7573.58  -7370.6  -7263.98  -7200.79  
SCENARIO 26
UNDS0
Period   0 2593.73  2042.79  2585.27  1674.65  1673.74  1672.74  
Period   1 1751.06  1567.31  1793.45  2426.74  3306.95  1551.59  
Period   2 3492.46  2478.33  4113.18  1704.01  2399.64  1732.71  
Period   3 3935.52  1713.08  4253.84  3621.21  3208.16  4851.4  
Period   4 5321.31  2720.88  2566.86  3689.26  4270.76  3227.22  
Period   5 2936.51  4633.77  2317.21  2848.07  4216.62  2625.33  
UNDS1
Period   0 -7738.34  -7508.97  -7826.21  -7788.55  -6624.81  -7408.38  
Period   1 -9258.15  -9702.42  -7984.89  -8371.21  -9080.18  -9471.74  
Period   2 -6931.71  -6813.26  -6690.18  -6973.56  -7282.75  -6228.49  
Period   3 -7456.88  -6922.64  -6730.83  -7202.14  -7265.75  -6963.84  
Period   4 -6848.12  -7119.79  -7414.03  -7157.16  -7485.18  -7325.44  
Period   5 -7326.06  -7636.72  -7337.84  -7711.75  -7622.26  -7217.57  
SCENARIO 27
UNDS0
Period   0 1482.05  2410.81  2703.72  2520.8  2316.15  2283.68  
Period   1 3141.19  134.591  2122.58  611.599  1937.68  2420.44  
Period   2 2138.74  3086.38  3501.45  2667.46  3443.08  1320.68  
Period   3 3252.83  5836.33  4007.54  2442.92  4371.15  3722.11  
Period   4 5540.42  3863.44  3886.11  4708.52  3058.66  3282.94  
Period   5 3474.37  2433.12  2438  2561.02  3612.46  3552.69  
UNDS1
Period   0 -7260.15  -8009.05  -7310.49  -7823.14  -7834.74  -7339.75  
Period   1 -9232.96  -10107.3  -9858.52  -9235.51  -10537  -6073.53  
Period   2 -5776.5  -7106.14  -6281.4  -7317.41  -6480.1  -6604.91  
Period   3 -6948.97  -6657.82  -7066.7  -7148.91  -6828.97  -7172.61  
Period   4 -7415.86  -7474.02  -7185.7  -6870.88  -7206.48  -7395.41  
Period   5 -7925.9  -7566.43  -7356.55  -7668.18  -7226.86  -7387.85  
SCENARIO 28
UNDS0
Period   0 2536.24  1863.13  1992.61  1120.45  1523.39  2651.12  
Period   1 2242.92  100.238  2842.85  992.384  2632.9  2981.62  
Period   2 4038.21  1701.43  1823.06  3619.34  3752.45  1368.21  
Period   3 3073.02  4180.39  2216.43  3251.35  3075.28  2930.83  
Period   4 3320.63  3868.25  3261.02  4186.01  4878.36  2836.62  
Period   5 4678.8  3165.79  3337.58  4312.64  5726.91  5667.74  
UNDS1
Period   0 -7375.69  -7915.52  -7173.48  -7205.09  -7568.6  -7558.78  
Period   1 -9160.64  -8722.57  -8748.23  -10277.3  -10449.9  -7904.43  
Period   2 -5947.41  -6760.43  -6780.39  -6882.52  -6329.69  -7134.54  
Period   3 -7482.39  -6970.28  -7000.48  -7398.64  -7494.02  -6524.1  
Period   4 -7207.57  -7240.16  -7181.77  -7508.78  -7556.64  -7009.13  
Period   5 -7336.94  -7746.52  -7298.38  -7728.67  -7422.28  -7849.36  
SCENARIO 29
UNDS0
Period   0 1553.93  2106.9  1688.08  1369.98  1568.45  2193.89  
Period   1 1340.39  1135.11  1974.27  1585.58  4048.26  3291.48  
Period   2 3992.97  2444.67  1579.76  3354.24  914.106  1943.4  
Period   3 2386.66  2289.11  3924.58  4161.51  2903.34  2116.58  
Period   4 4638.57  4538.89  3039.1  4420.16  3282.97  2767.69  
Period   5 2421.97  3311.96  4340.69  2737.81  2855.63  3439.02  
UNDS1
Period   0 -7818.84  -7383.32  -7312.34  -7917.07  -7176.29  -7097.17  
Period   1 -10301.2  -9599.9  -8738.91  -8490.73  -7038.03  -8530.72  
Period   2 -6448.86  -6468.34  -6631.65  -7029.81  -5800.72  -6742.12  
Period   3 -6655.93  -7541.81  -7241.76  -6940.9  -7318.24  -7025.62  
Period   4 -7188.9  -6980.41  -7461.54  -7249.56  -7261.96  -7251.4  
Period   5 -7589.13  -6988.92  -7607.67  -7262.44  -7437.42  -7094.06  
SCENARIO 30
UNDS0
Period   0 2617.71  1976.49  2548.1  2246.4  2611.58  1605.15  
Period   1 977.491  1066.8  426.556  1318.32  3258.38  158.859  
Period   2 3866.01  1976.82  2464.63  3768.65  3145.12  2759.21  
Period   3 3490.82  1732.29  2697.24  3407.24  2750.82  4157.55  
Period   4 2754.78  3630.75  4230.41  2855.58  6071.82  3037.45  
Period   5 3292.38  4037.46  3197.58  3616.94  2985.83  2371.89  
UNDS1
Period   0 -7336.03  -6495.28  -7652.1  -7325.36  -7147.51  -7657.91  
Period   1 -10154.5  -9918.76  -9216.02  -8969.06  -10187.5  -5355.49  
Period   2 -6628.99  -7058.7  -6912.2  -7064.94  -6804.82  -6781.79  
Period   3 -7146.28  -6871.65  -6987.96  -7117.38  -7361.17  -7064.59  
Period   4 -7500.67  -7309.24  -6750.18  -7143.16  -7479.38  -6790.36  
Period   5 -7086.52  -7733.62  -7044.47  -7099.2  -7213.67  -7313.05  
SCENARIO 31
UNDS0
Period   0 2588.66  1729.42  1843.09  2061.61  1871  2305.64  
Period   1 2483.96  2883.37  2838.76  729.488  497.265  2707.18  
Period   2 2218.36  2181.74  2449.98  2216.72  1520.66  1390.25  
Period   3 5346.35  4940.24  2719.91  3945.07  3020.35  3688.37  
Period   4 4046.97  3042.04  2534.15  3169.01  3493.39  2736.76  
Period   5 4143.49  2732.81  3874.59  3314.95  3855.42  3323.21  
UNDS1
Period   0 -7500.71  -7082.23  -7050.73  -7920.97  -7441.78  -7051.83  
Period   1 -8253.2  -9484.16  -7811.34  -8131.98  -9432.49  -9197.14  
Period   2 -5782.73  -7149  -6813.06  -6813.53  -6320.21  -6326.62  
Period   3 -6948.84  -7470.32  -7389.59  -7297.56  -7218.54  -6259.49  
Period   4 -7401.32  -7074.24  -6985.39  -7128.22  -7291.98  -7219  
Period   5 -7001.57  -7804.59  -7123.57  -7289.4  -7737.08  -7440.99  
SCENARIO 32
UNDS0
Period   0 2371.97  1646.53  2211.53  2579.53  1789.37  2529.35  
Period   1 729.677  3191.89  812.024  1476.4  2012.12  1396.76  
Period   2 3375.34  1986.3  3305.18  2322.02  1844.8  979.17  
Period   3 2534.86  4544.57  1768.39  2214.04  2588.81  1783.51  
Period   4 5422.13  3896.25  2863.24  4276.46  2420.95  3767.71  
Period   5 2559.7  2416.87  3646.62  4356.81  3453.7  4855.14  
UNDS1
Period   0 -7605.5  -8099.93  -7771.24  -8035.29  -6964.22  -6720.55  
Period   1 -9597.38  -8296.87  -8160.93  -10037.3  -8621.87  -8694.31  
Period   2 -7445.4  -6381.37  -6536.79  -6756.35  -6862.54  -6499.34  
Period   3 -6794.4  -7244.81  -6802.48  -6895.27  -6926.88  -7017.58  
Period   4 -7237.18  -7447.94  -7001.7  -6883.96  -7206.85  -7511.46  
Period   5 -7639.51  -7130.08  -7757.92  -7468.1  -7892.8  -7270.58  
SCENARIO 33
UNDS0
Period   0 1509.09  2966.22  1808.96  2466.99  2354.58  2700.17  
Period   1 1828.64  1324.81  2276.81  665.105  2360.22  862.133  
Period   2 2064.91  2157.52  2854.36  1291  3699.48  2526.7  
Period   3 2979.05  3530.56  3167.11  2703.54  2061.71  4818.91  
Period   4 3417.32  4602.71  4887.23  2812.07  3239.23  6017.77  
Period   5 3633.72  3726.63  3564.97  3708.32  2643.87  5352.53  
UNDS1
Period   0 -7694.24  -7568.47  -7708.44  -7936.26  -7343.48  -6919.53  
Period   1 -7772.98  -9237.37  -7617.13  -8543.27  -9404.41  -8164.19  
Period   2 -6712.27  -7058.52  -6468.82  -6963  -6951.75  -6718.93  
Period   3 -7086.72  -7461.46  -7121.87  -7395.36  -7057.24  -6755.4  
Period   4 -7202.94  -7396.96  -7535.81  -6984.74  -6895.42  -6615.73  
Period   5 -7600.05  -7265.48  -7585.7  -7509.31  -7567.52  -7294.61  
SCENARIO 34
UNDS0
Period   0 1877.63  1732.9  1512.03  1801.97  2077.65  2406.8  
Period   1 1192.75  5406.75  1105.13  1865.35  3181.02  1916.19  
Period   2 1782.63  1274.34  2554.88  2286.9  3725.81  2238.09  
Period   3 2155.81  5251.04  1844.08  5041.19  3060.87  2611.36  
Period   4 3064.99  4259.35  2627.28  2567.06  3159.78  3522.64  
Period   5 4309.93  3627.38  3115.5  2821.44  5005.43  5054.24  
UNDS1
Period   0 -7824.54  -7814.37  -7973.11  -7784.46  -7671.49  -6504.92  
Period   1 -9388.03  -9176.97  -6981.01  -10217.1  -8820.75  -8890.03  
Period   2 -6124.12  -6532.43  -5871.86  -7014.31  -6940.1  -6696.83  
Period   3 -7422.61  -7304.71  -7408.76  -6772.63  -6829.55  -6870.56  
Period   4 -7236.73  -7287.99  -7181.75  -6618.29  -7274.05  -7295.19  
Period   5 -6827.51  -6815.31  -7392.55  -7538.58  -6526.46  -7705.4  
SCENARIO 35
UNDS0
Period   0 1195.25  1924.56  1311.36  2036.31  1868.56  1823.67  
Period   1 1437.51  1496.72  1605.85  339.434  1297.19  2239.2  
Period   2 2171.09  1582.67  1046.15  2530.25  1599.05  2713.05  
Period   3 3248.22  4612.84  2086.56  3743.59  4805.37  3547.07  
Period   4 4377.76  3247.25  4736.73  5434.84  5650.1  2370.26  
Period   5 6236.84  3381.22  3727.32  3477.63  3930.12  4675.4  
UNDS1
Period   0 -7105.84  -7608.83  -7540.28  -7464.28  -7843.75  -7226.6  
Period   1 -10447.1  -10119.1  -8110.84  -9479.49  -10069.9  -6791.69  
Period   2 -6466.76  -7067.66  -6405.92  -7553.78  -6831.34  -7198.03  
Period   3 -7323.96  -6710.66  -7151.04  -7018.3  -7320.5  -7326.13  
Period   4 -7249.06  -7041.26  -7042.97  -7183.43  -7066.27  -7343.69  
Period   5 -7167.04  -7040.19  -7364.19  -7350.89  -7730.83  -7660.02  
SCENARIO 36
UNDS0
Period   0 1657.91  2107.39  1345.25  1454.86  1595.53  1522.16  
Period   1 1329.17  2790.76  3458.18  811.983  643.452  1908.73  
Period   2 2770.99  2127.44  4355.04  5260.06  1807.21  1225.66  
Period   3 2245.99  2227.28  3610.58  2604.24  1900.5  1532.7  
Period   4 3378.39  4689  3543.77  4316.01  2939.09  3565.74  
Period   5 3113.48  4532.97  2284.7  3424.84  5126.94  3954.69  
UNDS1
Period   0 -7920.78  -7646.14  -7500.37  -7969.84  -8064.28  -6133.12  
Period   1 -9261.9  -9025.88  -9874.17  -8824.97  -9822.22  -7669.11  
Period   2 -6282.77  -6300.5  -6370.34  -6917.75  -6740.51  -6343.42  
Period   3 -6777.13  -7061.38  -7016.56  -7354.42  -6760.5  -7353.36  
Period   4 -6623.16  -7233.8  -7424.57  -7140.08  -7337.21  -7458.89  
Period   5 -7227.71  -7137  -6932.14  -7896.93  -7516.81  -7654.58  
SCENARIO 37
UNDS0
Period   0 2425.53  3013.22  1247.01  2598.19  2095.43  1386.66  
Period   1 652.355  3031.61  1831.21  3463.33  3152.74  933.021  
Period   2 2028.62  1463.94  4022.42  2249.64  908.418  1824.61  
Period   3 2365.41  3449.53  4380.1  3993.31  2457.52  3509.56  
Period   4 5104.43  2641.14  3383.82  2889.69  2776.76  3220.8  
Period   5 5795.21  4678  2686.82  3971.86  2783.05  2001.7  
UNDS1
Period   0 -7681.33  -7082.59  -7855.88  -7651.15  -7559.69  -7325.96  
Period   1 -7994.23  -9679.87  -9590.37  -7315.25  -8849.62  -8750.67  
Period   2 -5794.23  -6189.66  -7022.48  -6791.31  -6369.85  -6173.45  
Period   3 -6831.94  -7212.13  -6947.34  -6656.36  -7178.8  -7129.26  
Period   4 -7367.02  -7096.96  -6727.58  -7365.21  -6514.36  -7006.02  
Period   5 -7203.02  -7780.88  -7649.62  -7172.77  -7539.2  -6911.52  
SCENARIO 38
UNDS0
Period   0 1539.81  1261.96  1928.76  1341.87  1708.43  2052.5  
Period   1 1305.98  2901.58  2537.4  1635.57  3134.87  1849.38  
Period   2 3348.02  2662.24  2606.15  1834.95  2666.16  2149.19  
Period   3 2971.77  3041.7  1901.43  3348.44  2951.76  2319.27  
Period   4 5230  5006.7  3605.66  5729.53  4494.62  2965.61  
Period   5 2653.33  2955.88  2792.25  2872.7  2393.45  3090.11  
UNDS1
Period   0 -7487.56  -7519.5  -8077.52  -6789.37  -7414.22  -7291.64  
Period   1 -8518.92  -8515.3  -10541.7  -10011.3  -9714.96  -7995.18  
Period   2 -7175.05  -7222.39  -6361.09  -6212.06  -6882.45  -6686.15  
Period   3 -7381.01  -6674.94  -7230.63  -7136.61  -6748.6  -6740.55  
Period   4 -7068.46  -7318.78  -7583.81  -7427.61  -7214.25  -6764.49  
Period   5 -7645.4  -7242.98  -7024.25  -7601.49  -7783.42  -7456.21  
SCENARIO 39
UNDS0
Period   0 2586.78  1511.43  1230.66  1664.81  2105.32  1835.41  
Period   1 1715.74  1485.23  3415.34  896.806  1134.71  2058.26  
Period   2 2992.32  2689  3780.14  3913.87  3723.81  1264.61  
Period   3 3728.19  3338.27  3264.28  2683.9  2241.91  3167.78  
Period   4 2275.53  2032.18  5616.47  3602.53  3389.91  4671.2  
Period   5 2631.95  2199.79  2682.72  5451.07  3227.91  3498.53  
UNDS1
Period   0 -7679.08  -7727.97  -7237.34  -7398.7  -7341.56  -7684.76  
Period   1 -8426.21  -9932.76  -8829.92  -9613.04  -8953.82  -8393.79  
Period   2 -6861.04  -6632.82  -6575.98  -6859.55  -7152.61  -6998.43  
Period   3 -6816.21  -6840.67  -6871.5  -7168.91  -6615.22  -7356.02  
Period   4 -6893.59  -6858.2  -7483.65  -7004.93  -7433.91  -7376.58  
Period   5 -7659.47  -7449.98  -7180.38  -7038.73  -7287.77  -7447.64  
SCENARIO 40
UNDS0
Period   0 1784.98  1880.9  2141.81  2945.93  1859.57  1369.44  
Period   1 2024.19  1575.1  956.703  2286.85  756.984  1830.61  
Period   2 3452.4  3081.98  3153.42  2235.55  1706.33  2415.52  
Period   3 3848.32  3443.99  4765.54  2221.38  3902.88  2903.33  
Period   4 2444.81  3232.7  3048.81  3277.07  4777.09  2551.13  
Period   5 4591.16  4062.11  2538.19  2094.48  3024.77  3994.85  
UNDS1
Period   0 -7774.64  -7729.5  -7752.79  -7892.72  -7194.03  -6693.4  
Period   1 -8085.51  -7366.18  -9092.68  -9676.61  -8552.87  -9664.47  
Period   2 -6931.68  -6231.81  -7095.22  -7584.5  -7098.45  -6345.31  
Period   3 -7191.9  -7231.01  -7060.6  -6647.29  -6797.19  -7013.77  
Period   4 -7390.85  -6896.54  -7097.07  -7247.97  -7261.14  -7170.46  
Period   5 -7458.64  -6853.09  -7726.57  -7845.65  -7496.46  -7665.93  
SCENARIO 41
UNDS0
Period   0 1790.19  1752.03  1830.47  2389.95  1826.86  2270.48  
Period   1 3264.78  2535.33  1448.07  2495.6  1762.74  569.814  
Period   2 1879.53  3353.89  2962.61  3869.81  4760.04  1076.15  
Period   3 2045.87  2384.85  2039.74  3687.06  2023.75  3613  
Period   4 2854.09  5315.14  4256.5  3765.98  2878.79  2986.24  
Period   5 2319.13  4885.7  2853.37  3164.67  3372.04  2944.17  
UNDS1
Period   0 -6707.07  -7649.92  -7534.84  -7565.25  -7526.73  -8068.16  
Period   1 -10627.2  -8386.84  -10025.3  -10197  -9045.29  -6495.71  
Period   2 -6024.22  -6839.63  -6950.83  -6975.4  -6680.52  -6452  
Period   3 -7225.29  -7303.77  -6898.33  -6948.65  -7323.77  -6915.25  
Period   4 -7364.27  -7448.95  -6877.7  -6794.68  -6886.22  -6887.84  
Period   5 -7259.27  -7045.39  -7759.1  -7035.07  -6763.31  -7436.17  
SCENARIO 42
UNDS0
Period   0 1798.09  1954.67  2291.63  1242.26  1671.86  2038.99  
Period   1 3881.6  1361.48  963.819  912.288  669.224  506.047  
Period   2 1915.22  4162.81  1516.29  2830.3  2833.78  1666.01  
Period   3 4349.62  2519.32  3376.34  3631.47  3294.55  2687.64  
Period   4 2497.15  2130.13  3367.89  3240.14  3085.51  3942.2  
Period   5 4168.25  3185.2  4486.45  3622.07  3307.73  3127.28  
UNDS1
Period   0 -8015.69  -7431.64  -7703.13  -7822.56  -7458.94  -6841.64  
Period   1 -8497.43  -8722.47  -9810.92  -8533.21  -9804.52  -9144.3  
Period   2 -6840.96  -6985.63  -7469.82  -6354.05  -6012.87  -6032.16  
Period   3 -7191.74  -7313.71  -7021.58  -7315.03  -6612.29  -7074.08  
Period   4 -7121.83  -7373.54  -6932.48  -7283.67  -7419.77  -6706.35  
Period   5 -7526.85  -7129  -7202.13  -7555.02  -7747.2  -7117.91  
SCENARIO 43
UNDS0
Period   0 1945.84  2423.71  2259.18  1342.53  1833.51  1717.28  
Period   1 2870.35  1217.34  1635.99  2301.47  257.745  939.181  
Period   2 2073.82  2043.05  2996.4  2915.42  1188.56  1377.49  
Period   3 4214.68  1718.4  4039.07  3089.55  2740.52  1861.05  
Period   4 3637.77  3916.67  3997.48  3162.06  2137.9  3611.93  
Period   5 4743.39  2227.19  2310.08  3072.55  4151.37  4601.32  
UNDS1
Period   0 -7452.98  -7531.17  -7624.99  -7917.96  -7435.38  -7479.13  
Period   1 -10499.3  -7019.19  -8676.24  -9740.63  -8000.39  -10594.1  
Period   2 -6682.9  -7020.94  -7017.6  -6275.32  -6341.78  -6373.27  
Period   3 -6888.39  -7255.7  -6366.08  -6751.19  -7398.31  -6934.44  
Period   4 -7472.05  -7418.26  -7557.84  -7278.83  -6823.7  -6985.98  
Period   5 -6750.34  -7190.47  -7695.59  -7482.82  -7118.38  -7023.44  
SCENARIO 44
UNDS0
Period   0 1822.04  2983.79  2652.52  1629.84  1782.2  1291.97  
Period   1 1055.88  2925.82  440.036  2253.61  2312.57  3265.11  
Period   2 1765.55  1788.67  1482.01  3359.15  2059.96  1385.77  
Period   3 2954.28  3554.62  2807.48  4692.86  4482.51  2631.91  
Period   4 3661.83  2402.27  3225.26  5903.12  4279.82  4466.01  
Period   5 3282.97  2786.71  2043.77  2698.66  3006.73  2622.61  
UNDS1
Period   0 -7384.42  -7831.83  -7137.57  -7613.16  -7614.91  -7918.27  
Period   1 -8769.27  -10427.2  -10243.7  -7272.3  -9961.66  -7395.81  
Period   2 -6872.62  -6965.73  -6380.24  -7144.41  -6509.21  -6813.33  
Period   3 -7190.05  -7038.24  -6825.34  -6586.91  -7320.64  -7073.62  
Period   4 -7190.28  -6971  -7183.6  -7274.71  -7291.41  -6973.31  
Period   5 -7535.69  -7180.04  -6775.64  -7903.99  -7817.67  -7557.61  
SCENARIO 45
UNDS0
Period   0 1299.54  1492.83  1282.27  1705.88  2032.71  2173.83  
Period   1 306.517  369.846  2512.45  3014.82  2095.37  2652.49  
Period   2 1841.98  1305.73  2514.75  1630.57  2597.26  2484.84  
Period   3 2039.48  2480.06  3299.53  4980.79  4013.78  2148.98  
Period   4 2805.32  3498.17  4822.87  3334.96  2520.4  4862.73  
Period   5 3680.82  2830.78  3543.01  3335.83  2937.52  3880.12  
UNDS1
Period   0 -7267.65  -7312.07  -7591.42  -7454.29  -7185.12  -7405.38  
Period   1 -10036.3  -8443.86  -9391.91  -9749.33  -9268.66  -7777.63  
Period   2 -5608.49  -6686.4  -6513.44  -6951.01  -6952.53  -6697.6  
Period   3 -7085.05  -6630.53  -7255.75  -7203.43  -6829.12  -7182.28  
Period   4 -7400.68  -7254.41  -7018.83  -7569.98  -7065.45  -6892.47  
Period   5 -7589.77  -6789.36  -7671.53  -7907.56  -7000.19  -7821.57  
SCENARIO 46
UNDS0
Period   0 2228.09  1575.49  2329.61  1508.96  1984.97  1365.8  
Period   1 2140.51  1865.89  2834.38  2738.46  873.593  2494.7  
Period   2 2630.74  1453.05  1489.75  2466.04  2876.63  1181.18  
Period   3 3123.15  6602.17  3380.15  5460.62  3460.73  3734.16  
Period   4 4389.54  2405.01  2594.05  4131.02  2654.73  2689.7  
Period   5 2917.32  2722.72  2556.64  4165.25  3168.41  4662.54  
UNDS1
Period   0 -7600.12  -7975.82  -7179.83  -7941.5  -7639.51  -6912.81  
Period   1 -10433.3  -9756.23  -8664.99  -9232.48  -9125.94  -6853.08  
Period   2 -7258.77  -7325.3  -7175.08  -7580.29  -6287.5  -5928.77  
Period   3 -7239.64  -7303.02  -6806.79  -7475.74  -7207.11  -6899.64  
Period   4 -7450.72  -7093.49  -6989.13  -7276.33  -7209.35  -7149.81  
Period   5 -7566.2  -7319.51  -7657.56  -7662.64  -6900.99  -7345.63  
SCENARIO 47
UNDS0
Period   0 2039.89  1594.48  2303.04  2560.65  1419.52  1597.88  
Period   1 730.206  2186.98  4014.48  473.895  1600.38  1156.94  
Period   2 4309.11  1897.7  1546.41  3319.26  1961.32  1110.91  
Period   3 2661.75  3673.64  3787.34  3075.22  2240.49  2789.69  
Period   4 5104.9  2748.02  3030.17  3592.13  3615.73  3160.8  
Period   5 3748.88  2164.08  4297.63  3082.06  1949.74  5839.09  
UNDS1
Period   0 -7274.91  -7290.59  -7696.36  -7523.12  -7444.82  -7189.45  
Period   1 -9541.23  -9504.29  -7876.04  -9860.67  -8900.62  -8748.84  
Period   2 -6513.75  -7527.27  -6922.88  -6186.82  -6019.77  -6973.41  
Period   3 -7133.42  -6903.91  -7143.56  -6951.19  -7365.55  -6940.64  
Period   4 -7288.64  -6779.07  -6977.78  -6887.86  -7003.02  -7167.22  
Period   5 -7662.59  -7090.24  -7663.79  -7470.88  -6499.19  -7625.92  
SCENARIO 48
UNDS0
Period   0 1495.52  2148.7  1634.46  2057.92  2818.38  1441.43  
Period   1 1888.85  1235.6  2363.02  2052.75  3197.75  360.152  
Period   2 1436.26  2429.6  1657.39  2640.02  1885.21  4267.01  
Period   3 3931.95  2026.56  4869.85  4325.25  3963.53  2732.41  
Period   4 3594.13  3746.84  4552.49  6246.19  2792.24  4574.38  
Period   5 5079.28  3206.76  3923.91  3085.34  4023.12  2822.14  
UNDS1
Period   0 -7796.01  -7190.16  -8069.31  -7014.62  -7799.75  -7427.04  
Period   1 -10436  -9670.75  -8600.88  -9690.17  -8929.84  -7787.35  
Period   2 -7281.35  -7236.03  -6941.62  -5869.37  -6671  -5787.32  
Period   3 -6928.43  -6744.42  -6778.87  -7152.35  -7388.47  -7335.63  
Period   4 -7376.02  -6840.53  -6875.76  -7351.52  -6989.76  -6849.4  
Period   5 -7163.73  -7321.5  -7686.41  -7068.34  -7171.11  -7904.62  
SCENARIO 49
UNDS0
Period   0 2169.89  1477.42  1363.51  1717.7  1862.31  1340.29  
Period   1 3125.76  2924.35  1716.18  1793.43  1399.04  526.996  
Period   2 953.009  3336.52  3611.07  2279.7  2871.16  3781.11  
Period   3 2155.24  2368.68  2380.3  2228.54  3165.29  4377.96  
Period   4 4902.56  5441.73  2867.94  4318.21  4553.64  4230.06  
Period   5 3120.6  1934  3521.61  2876.59  3559.05  3713.01  
UNDS1
Period   0 -7328.41  -7798.42  -7573.66  -8038.39  -7752.59  -6704.78  
Period   1 -9328.23  -9649.48  -8145.34  -7400.46  -9454.56  -7297.48  
Period   2 -7090.21  -6489.06  -5815.01  -6978.68  -6548.86  -5621.88  
Period   3 -6688.09  -7132.36  -6832.35  -7234.73  -7313.52  -7157.72  
Period   4 -7053.4  -6687.68  -7032.01  -7287.38  -6887.67  -6876.46  
Period   5 -7618.99  -7675.86  -7381.12  -7144.06  -7169.11  -7276.44  
SCENARIO 50
UNDS0
Period   0 2328.22  2102.83  1537.49  2065.01  1929.49  1827.91  
Period   1 1509.43  2902.55  3493.27  2870.86  2552.93  1016.24  
Period   2 2396.91  4147.97  1705.74  3259.4  3530.38  1480.48  
Period   3 4602.96  2607.69  3212.38  3306.09  5132.61  1722.12  
Period   4 2470.39  3082.44  2628.09  4949.8  3608.77  6327.35  
Period   5 3204.4  2784.25  2495.9  4122.13  3277.74  2976.66  
UNDS1
Period   0 -7949.59  -7442.36  -7948.79  -7748.25  -7803.66  -6523.22  
Period   1 -9437.68  -8057.64  -9672.36  -10073.6  -8842.58  -7677.68  
Period   2 -6754.71  -7091.4  -6341.07  -7217.29  -7179.69  -6298.09  
Period   3 -6460.69  -7270.77  -7275.3  -7161.13  -7453.02  -7006.53  
Period   4 -7067.58  -7293.9  -7078.24  -6998.02  -7217.92  -7352.57  
Period   5 -7616.12  -6889.81  -7425.92  -7262.11  -7576.64  -7687.58  
SCENARIO 51
UNDS0
Period   0 2403.7  1799.91  2471.72  2193.74  2334.88  2049.65  
Period   1 2952.09  3674.43  767.954  1760.73  586.816  1367.91  
Period   2 1020.81  1997.58  3055.36  3148.81  3121.81  1276.47  
Period   3 4646.46  2210.08  2233.95  3658.64  2996.67  2042.58  
Period   4 6062.94  2553.35  3391.65  4451.66  5892.5  4596.03  
Period   5 3616.39  2159.74  3011.99  2141.13  6407.71  4142.42  
UNDS1
Period   0 -7197.07  -8047.03  -6821.26  -7996.48  -7616.32  -7423.03  
Period   1 -9223.12  -8001.1  -7497.25  -8114.98  -9234.82  -8368.38  
Period   2 -7134.34  -7219.23  -7135.57  -6392.75  -7389.37  -5562.41  
Period   3 -7407.43  -7167.82  -6700.88  -7367.59  -7209.45  -6430.94  
Period   4 -6680.54  -7196.88  -7253.85  -7468.85  -7419.88  -7400.22  
Period   5 -7289.41  -7276.94  -7162.71  -6792.81  -7317.49  -7012.21  
SCENARIO 52
UNDS0
Period   0 2050.4  1269.99  2336.52  2326.55  1957.57  2048.84  
Period   1 1210.88  1235.96  1445.3  3251.2  524.88  2577.1  
Period   2 3707.01  2065.01  4301.7  3137.39  2264.94  3352.89  
Period   3 2233.58  2624.71  2641.05  2255.13  3073.79  3189.36  
Period   4 4667.18  3641.44  4912.35  5139.1  5458.45  4221.99  
Period   5 2421.99  4021.08  3573.68  3832.39  2606.54  3733.68  
UNDS1
Period   0 -7259.46  -7476.37  -7604.41  -7098.98  -7814.2  -7281.12  
Period   1 -8865.03  -9234.42  -8632.96  -9662.54  -7104.11  -7686.32  
Period   2 -5783.38  -6394.6  -6912.57  -7274.02  -6645.49  -7243.5  
Period   3 -6948.52  -7109.34  -7188.13  -7214.81  -7293.69  -7198.79  
Period   4 -7088.52  -6952.86  -6926.38  -7170.39  -6987.14  -6902.39  
Period   5 -6818.58  -7551.77  -7570.97  -7656.79  -7336.44  -7633.39  
SCENARIO 53
UNDS0
Period   0 2685.88  1987.7  3150.64  1756.79  2608.76  1241.64  
Period   1 1287.28  1559.77  4280.2  3747.92  2496.09  1291.12  
Period   2 2657.39  3863.54  2291.59  3723.97  2154.3  3855.47  
Period   3 2542.82  4818.47  4712.45  3425.52  2918.87  2893.55  
Period   4 5062.54  4926.79  2100.72  3014.04  4997.17  4065.27  
Period   5 2469.09  4243.82  3211.25  3129.63  3823.94  4118.58  
UNDS1
Period   0 -7591.99  -7600.34  -7338.54  -8089.42  -7368.57  -7034.72  
Period   1 -9568.98  -8920.63  -7941.38  -10010.1  -10265.9  -7580.12  
Period   2 -5834.6  -6146.87  -7166.31  -6034.73  -6336.34  -7172.01  
Period   3 -7055.46  -6894.45  -7151.4  -6939.05  -7368.23  -6555.92  
Period   4 -6901  -7252.61  -7561.14  -7023.33  -7421.94  -7395.39  
Period   5 -6979.02  -7089.07  -6868.81  -7835.14  -7291.78  -7606.84  
SCENARIO 54
UNDS0
Period   0 1422.73  2424.42  2825.37  2169.19  3078.13  2808.23  
Period   1 1461.56  1711.08  1632.06  2213.74  1316.55  891.02  
Period   2 2481.2  3559.24  3078.44  1953.17  2552.98  2872.09  
Period   3 3270.28  2136.14  2813.19  2439.28  3003.04  4137.92  
Period   4 4601.26  2422.79  5339.24  4588.67  3979.06  4677.55  
Period   5 2631.77  2135.93  3638.4  2276.57  2473.92  2774.13  
UNDS1
Period   0 -7983.33  -6912.89  -7236.36  -7237.74  -7608.41  -6640.36  
Period   1 -10044.4  -8904.58  -8573.57  -10422.2  -10138.5  -6691.62  
Period   2 -6074.85  -6469.97  -6577.23  -6206  -6816.07  -7264.08  
Period   3 -6879.6  -7313.03  -7259.78  -7144.98  -7082.07  -7164.67  
Period   4 -6633.39  -7474.33  -7323.77  -7131.61  -6981.64  -7351.68  
Period   5 -7579.79  -6844.57  -7306.72  -7555.45  -7867.19  -7597.62  
SCENARIO 55
UNDS0
Period   0 1818.27  2348.76  3021.76  3471.61  2962.82  2404.9  
Period   1 230.406  3341.97  1141.78  1595.33  2815.11  1202.85  
Period   2 1906.58  1911.99  3782.02  2800.01  2018.51  1194.35  
Period   3 1767.61  2947.9  4088.22  2063.18  4281.97  3790.86  
Period   4 3946.62  3096.67  3559.55  4029.31  4404.94  4648.14  
Period   5 2973.51  4082.72  3051.94  3010.9  5453.52  3275.16  
UNDS1
Period   0 -7774.95  -6944.53  -6884.21  -7549.5  -7922.87  -7520.62  
Period   1 -9529.47  -7379.11  -9149.17  -10004.1  -9792.58  -8236.46  
Period   2 -6419.25  -6125.39  -7064.62  -7535.87  -6219.49  -6346.37  
Period   3 -6481.74  -6972.96  -7375.37  -6935.91  -7101.84  -6815.58  
Period   4 -7157.77  -6990.33  -7401.63  -6988.87  -7135.12  -6833.23  
Period   5 -7301.8  -7736.47  -7618.68  -7242.27  -6715.36  -7428.99  
SCENARIO 56
UNDS0
Period   0 1780.87  2487.75  1222.29  1212.83  1767.23  2045.64  
Period   1 2607.51  2036.31  3188.33  3390.36  1094.01  3549.49  
Period   2 1639.45  2768.32  1654.28  2685.88  2560.53  2381.72  
Period   3 4129  3822.82  4254.12  2712.37  4143.05  5202.16  
Period   4 3518.45  4102.59  2894.87  3190.39  6675.94  3754.87  
Period   5 2924.58  3068.3  2494.61  2763.21  2343.11  4126.24  
UNDS1
Period   0 -7667.49  -6892.95  -8022.29  -7315.9  -7238.63  -7468.28  
Period   1 -8067.97  -10255.4  -7360.68  -8802.73  -8623.13  -10074.5  
Period   2 -7229.46  -6781.65  -6927.47  -6495.52  -7230.05  -6817.88  
Period   3 -6583.06  -6786.44  -6991.8  -7007.76  -6700.27  -6830.95  
Period   4 -6517.07  -6750.68  -6481.03  -7086.56  -6672.42  -6650.6  
Period   5 -7880.74  -7406.41  -7685.64  -7667.81  -7320.49  -6497.19  
SCENARIO 57
UNDS0
Period   0 1498.28  2603.52  1681.44  1812.09  1460.09  2931.11  
Period   1 647.681  966.672  1686.51  4063.8  1085.4  2723.12  
Period   2 3050.77  2973.94  1943.14  1089.69  3407.18  2285.25  
Period   3 2291.55  4509.19  1839.8  4554.75  4672.57  4336.81  
Period   4 2916.65  4241.94  4322.6  3927.27  5132.17  3361.94  
Period   5 3089.19  4024.17  2286.32  2675.99  5487.81  3078.28  
UNDS1
Period   0 -6996.35  -6998.43  -7624.38  -7817.5  -7730.31  -7625.42  
Period   1 -10700.4  -9914.89  -9279.01  -10386.7  -9783.63  -5348.71  
Period   2 -6215.49  -5505.08  -7225.29  -6932.86  -6909.5  -6106.35  
Period   3 -7239.72  -6867.6  -7284.8  -7009.39  -7232.59  -7086.96  
Period   4 -7218.23  -7066.73  -7461.68  -7195.16  -7219.98  -6486.16  
Period   5 -7536.5  -7777.58  -7433.65  -6901.12  -7017.74  -7407.84  
SCENARIO 58
UNDS0
Period   0 2627.24  1359.07  1381.31  1646.32  1825.5  1471.67  
Period   1 3908.45  431.814  1132.15  2790.27  1077.82  2128.94  
Period   2 2666.6  2135.5  2349.2  2442.15  1050.41  2982.58  
Period   3 3411.53  3874.83  3234.62  3171.66  4319.31  4027.31  
Period   4 2884.34  3456.14  2896.91  5950.78  4597.24  5913.08  
Period   5 2602.01  4027.97  2673.14  3044.59  5021.64  3353.84  
UNDS1
Period   0 -7897.37  -7322.63  -6840.1  -7316.09  -7592.78  -7538.74  
Period   1 -7684.92  -8772.5  -9215.98  -7722.13  -8354.15  -9633.14  
Period   2 -7384.99  -6314.75  -6578.14  -6753.68  -6879.56  -6523.86  
Period   3 -7333.5  -7395.55  -7408.15  -7041.65  -7191.11  -6620.35  
Period   4 -6749.27  -7527.28  -7479.75  -7512.45  -7340.73  -6892.1  
Period   5 -7521.92  -7220.81  -7740.41  -6914.26  -6738.11  -7038.47  
SCENARIO 59
UNDS0
Period   0 2232.64  2353.87  2384.86  1628.83  1145.54  1332.04  
Period   1 1989.7  3200.02  1551.47  3756.62  1268.84  2178.02  
Period   2 1671.79  901.221  3515.23  2861.03  3522.25  1178.4  
Period   3 4126.97  1885.6  2462.1  3631.48  3399.72  2451.75  
Period   4 2695.51  4256.8  4200.9  5450.93  3386.29  4284.17  
Period   5 6078.04  3450.56  3165.98  3551.26  3077.72  2746.22  
UNDS1
Period   0 -7992.17  -7860.88  -7591.24  -7655.36  -7568.99  -6730.11  
Period   1 -9776.6  -7335.56  -10334  -9981.25  -6875.55  -8518.01  
Period   2 -6914.25  -5459.42  -6739.93  -6838.03  -6357.4  -6812.94  
Period   3 -7330.73  -6504.64  -6635.5  -6531.2  -6906.64  -7313.17  
Period   4 -7323.75  -6712.12  -6822.73  -7030.07  -7430.15  -7183.77  
Period   5 -7086.35  -7194.49  -7691.45  -7721.81  -7301.35  -7510.5  
SCENARIO 60
UNDS0
Period   0 2652.48  2122.48  1667.39  2130.19  2107.49  2300.82  
Period   1 1494.02  1926.87  1619.61  738.222  2400.05  1371.26  
Period   2 2028.08  1471.7  3225.83  1612.13  2537.59  3943.23  
Period   3 2149.3  2639.24  3704.68  4310.05  4463.57  3344.67  
Period   4 5639.6  3264.69  5433.76  3267.21  4584.55  3709.23  
Period   5 2183.62  4016.34  4075.16  4715.24  3259.92  2707.39  
UNDS1
Period   0 -7809.76  -7686.33  -6750.56  -7925.12  -7174  -7425.2  
Period   1 -9981.31  -10253.9  -9161.64  -7591.02  -8405.64  -9016.16  
Period   2 -7091.7  -7187.76  -7391.79  -6497.08  -5878.94  -7065.68  
Period   3 -6902.74  -7024.84  -7180.9  -7221.73  -7345.11  -6696.44  
Period   4 -7337.34  -7086.42  -7513.56  -7245.39  -6776.72  -6791.43  
Period   5 -7071.93  -6889.59  -7706.78  -7338.23  -7507.01  -7169.9  
SCENARIO 61
UNDS0
Period   0 1323  1221.05  1817.65  1647.98  1306.63  1834.18  
Period   1 2230.54  2602.58  1524.32  2198.45  2998.27  1188.13  
Period   2 2266.26  2151.9  3418.89  3617.44  3729.57  2274.72  
Period   3 2332.45  3038.76  4785.07  2339.55  4600.05  4185.15  
Period   4 3407.39  3963.33  2757.02  4607.12  2537.39  3669.22  
Period   5 3248.2  2539.76  3434.44  4962.61  2894.05  4079.56  
UNDS1
Period   0 -7702.29  -7643.64  -7760.12  -7287.22  -7844.45  -6679.81  
Period   1 -8307.86  -7357.46  -8255.25  -8445.72  -9807.72  -8861.27  
Period   2 -7095.79  -7252.59  -6972.14  -6480.29  -6549.22  -6956.49  
Period   3 -6930.14  -7012.25  -7200.81  -7401.7  -7437.8  -6688.45  
Period   4 -6728.04  -7227.77  -7013.92  -7033.09  -6854.16  -7049.84  
Period   5 -7443.13  -7750.96  -7155.85  -7564.34  -7599.92  -7199.26  
SCENARIO 62
UNDS0
Period   0 1913.47  2027.32  1576.49  1907.75  1662.26  2610.26  
Period   1 2317.9  1359.84  3979.12  3515.02  2688.3  1268.85  
Period   2 1752.02  2475.61  2674.66  1690.62  1828.04  3120.85  
Period   3 3099.52  4172.67  3371.48  4921.71  2820.43  2505.93  
Period   4 3190.56  2916.84  5096.02  3448.3  2936.95  5810  
Period   5 4835.35  2480.46  4134.49  3295.02  3327.23  4003.4  
UNDS1
Period   0 -7296.73  -7754.22  -8148.4  -6796.84  -6399.7  -8078.76  
Period   1 -10135.4  -8895.85  -10032.5  -9749.95  -9188.36  -6408.96  
Period   2 -6977.05  -7107.96  -6403.71  -7279.65  -7014.92  -6923.53  
Period   3 -6668.77  -7394.71  -7287.87  -7355.99  -6839.54  -6989.4  
Period   4 -7485.27  -7247.01  -6878.37  -7165.37  -7253.19  -7046.63  
Period   5 -7435.27  -7636.42  -7629.36  -7442.85  -7781.95  -7243.02  
SCENARIO 63
UNDS0
Period   0 1812.74  1705.12  1480.44  2172.52  1665.29  2534.78  
Period   1 1796.82  921.813  2543.56  853.733  2571.5  1760.73  
Period   2 2679.18  3497.59  1820.79  3328.7  2234.87  3715.94  
Period   3 1598.33  2120.35  4058.67  3815.54  2851.19  2640.42  
Period   4 3115.13  4782.55  2850.91  3328.25  2147.37  2743.86  
Period   5 3430.85  3988.7  5024.7  2915.19  2891.15  2261.99  
UNDS1
Period   0 -7840.95  -7593.19  -7628.17  -6626.74  -7841.15  -6833.93  
Period   1 -8054.27  -10079.6  -10644.3  -9248.53  -9440.75  -7833.82  
Period   2 -6915.29  -6989.28  -6827.71  -6954.05  -7197.14  -6491.99  
Period   3 -7073.8  -7313.53  -7304.1  -7213.12  -7368.46  -6705.34  
Period   4 -7426.12  -6980.52  -7095.08  -7085.66  -7394.29  -7286.03  
Period   5 -7521.52  -7479.92  -7578.61  -7426.88  -7772.43  -6827.97  
SCENARIO 64
UNDS0
Period   0 1525.17  1463.73  1439.19  2187.66  1705.88  1203.36  
Period   1 1739.62  1869.29  714.779  1076.12  851.113  4268.31  
Period   2 1470.53  3536.69  1640.91  2538.53  2683.36  2035.43  
Period   3 2219.98  3247.58  2183.71  3339.21  2681.53  3510.89  
Period   4 3239.01  4712.69  2785.59  2934.95  1932.13  2350.63  
Period   5 5549.38  4582.02  3338.06  3827.05  3590.58  3596.06  
UNDS1
Period   0 -8067.46  -7358.28  -6957.48  -6772.36  -8056.97  -7144.04  
Period   1 -10068.9  -10509.2  -8030.29  -8457.94  -10025.4  -8117.91  
Period   2 -7362.46  -6560.34  -7101.81  -7120.41  -6468.58  -5589.32  
Period   3 -7347.2  -7330.55  -6602.35  -7254.48  -7178.96  -7154.33  
Period   4 -6717.93  -7356.64  -7288.09  -7272.23  -7017.17  -7138.17  
Period   5 -6901.72  -7788.35  -7918.95  -7225.81  -7209.95  -7560.47  
SCENARIO 65
UNDS0
Period   0 1723.88  2593.72  2340.63  1291.48  2065.65  2389.63  
Period   1 2569.07  1245.24  3173.64  2931.51  1108.44  884.18  
Period   2 2295.88  1829.71  1830.48  2515.43  2062.19  1823.05  
Period   3 3893.92  2852.58  3077.8  4282.86  2361.45  4093.4  
Period   4 3170.61  3896.1  2806.28  4365.53  2739.8  2425.58  
Period   5 2995.76  2739.56  2706.9  2870.97  4683.57  4087.1  
UNDS1
Period   0 -7808.67  -7616.97  -7530.25  -7443.09  -7082.52  -7522.43  
Period   1 -10250.3  -8983.69  -9156.65  -10315.9  -9114.69  -6397.14  
Period   2 -6820.83  -6139.43  -7249.47  -7310.29  -6568.32  -6268.06  
Period   3 -7412.48  -7171.16  -6581.51  -7339.18  -6668.13  -7330.31  
Period   4 -7551.5  -7195.15  -6479.03  -7087.95  -7443.69  -6935.87  
Period   5 -7571.86  -7207.27  -7631.07  -7107.85  -6754.54  -7522.86  
SCENARIO 66
UNDS0
Period   0 1722.21  3366.79  2159.9  1293.37  2042.13  1424.71  
Period   1 2146.68  3671.1  4451.41  1069.36  713.44  3866.29  
Period   2 2175.85  3253.5  3244.27  2836.42  1507.06  2603.21  
Period   3 2844.85  3133.14  3732.32  2947.28  2622.71  2332.79  
Period   4 3213.85  3717.02  4714.21  2976.76  3598.88  3674.61  
Period   5 3290.86  4187.25  3849.92  2376.62  3237.43  3955.59  
UNDS1
Period   0 -7630.08  -7263.14  -7981.86  -7809.98  -8040.63  -6585.44  
Period   1 -8186.17  -8966.86  -8907.77  -10708.6  -9048.62  -7711.22  
Period   2 -6601.85  -7018.22  -7407.74  -6965.42  -6541.47  -5863.9  
Period   3 -6465.04  -7247.37  -7308.88  -6514.7  -7177.66  -6822.56  
Period   4 -7225.82  -7335.17  -6778.55  -7122.08  -7421.76  -7301.07  
Period   5 -7781.24  -7604.14  -7118.25  -7852.19  -7156.17  -7775.26  
SCENARIO 67
UNDS0
Period   0 1645.13  1558.58  1178.99  1803.1  2019.27  1293.87  
Period   1 769.578  3946.13  5272.11  3240.89  730.447  1927.14  
Period   2 3100.53  1578.93  2292.52  2440.74  2408.11  2296.91  
Period   3 3600.2  2412.89  2587.43  1722.01  4809.58  3038.36  
Period   4 4647.59  2177.17  4594.11  3707.83  3431.07  5353.97  
Period   5 2690.07  3875.07  3337.82  3133.95  4590.51  4335.02  
UNDS1
Period   0 -7792.62  -7390  -7982.8  -7472.8  -7653.98  -6911.5  
Period   1 -7665.9  -8281.35  -8621.38  -10608.8  -7323.44  -7936.18  
Period   2 -5437.29  -6777.38  -6334.18  -7281.51  -7380.53  -7088.19  
Period   3 -6676.1  -7016.68  -6945.79  -7548.02  -6949.83  -7390.06  
Period   4 -7314.01  -7182.56  -7472.5  -6927.48  -7437.65  -6922.89  
Period   5 -7941.28  -7306.77  -7591.97  -7723.05  -6980.87  -7197.95  
SCENARIO 68
UNDS0
Period   0 1668.95  1372.29  2181.16  2143.38  1715.44  1816.94  
Period   1 3707.27  1236.77  2444.12  2479.76  1995.53  3008.47  
Period   2 1783.95  2224.2  2101.16  1235.14  4225.29  2769.14  
Period   3 2176.25  3132.24  2312.26  3459.99  2848.33  3575.04  
Period   4 3449  5955.26  2342.62  4557.68  3205.56  3161.98  
Period   5 3062.92  2051.09  3032.02  2423.85  4699.57  4222.89  
UNDS1
Period   0 -6788.1  -7269.3  -6711.93  -7723.17  -8046.76  -8027.26  
Period   1 -9866.7  -9388.67  -10108.3  -9409.32  -9805.02  -6043.12  
Period   2 -7217.19  -6947.41  -7002.03  -6750.97  -6579.64  -6200.92  
Period   3 -6997.94  -7265.41  -6739.49  -7287.4  -7343.22  -6808.24  
Period   4 -6734.92  -7105.21  -7055.37  -6930.6  -7489.38  -7403.53  
Period   5 -6807.71  -7289.59  -7343.18  -7221.25  -7546.86  -7606.76  
SCENARIO 69
UNDS0
Period   0 2572.36  2571.14  1910.2  2053.65  1712.19  1906.33  
Period   1 1836.37  3180.07  2234.92  2196.12  1583.81  1950.68  
Period   2 3135.27  1329.34  1149.27  4233.46  2445.38  1155.54  
Period   3 2070.87  2814.36  3136.26  4453.27  3140.37  2148.89  
Period   4 3583.62  7070.68  4067.7  5231.2  3204.32  4296.35  
Period   5 2050.56  3204.43  3728.09  2941.68  2565.18  4722.82  
UNDS1
Period   0 -7742.7  -7972.28  -7679.03  -7714.94  -7902.61  -6419.44  
Period   1 -8327.97  -8854.44  -7017.2  -9625.48  -9856.06  -7923  
Period   2 -7033.16  -6890.86  -6204.98  -5600.7  -6809.84  -6988.61  
Period   3 -7136.88  -7096.12  -7327.62  -7382.98  -6686.6  -7091  
Period   4 -6993.38  -7474.7  -6330.23  -7280.89  -6475.61  -7443.52  
Period   5 -7275.99  -7473.35  -7617.68  -7220.68  -7577.66  -7203.77  
SCENARIO 70
UNDS0
Period   0 2644.48  2079.53  2143.67  1696.99  1789.57  1498.14  
Period   1 379.179  2619.29  1159.65  1190.96  1880.3  2308.83  
Period   2 1649.88  2500.18  4196.06  3200.69  2678.14  1094.64  
Period   3 2503.92  2736.75  2769.64  2651.78  4814.99  2146.52  
Period   4 5394.53  4093.66  4728.62  3674.83  2911.33  5303.99  
Period   5 3395.29  2012.89  3757.25  4510.7  3911.66  2024.91  
UNDS1
Period   0 -7292.51  -7658.89  -7746.69  -7890.7  -7785.49  -6660.35  
Period   1 -8585.42  -9733.03  -8538.68  -9428.41  -6547.15  -9132.91  
Period   2 -7164.16  -7384.53  -7224.43  -7253.95  -7527.62  -5046.17  
Period   3 -7051.31  -7166.6  -6367.21  -7131.06  -7114.14  -7366.46  
Period   4 -7238.31  -7348.81  -6955.78  -7101.49  -7491.86  -7435.3  
Period   5 -7336.11  -7522.84  -7719.96  -7415.57  -6969.91  -7231.29  
SCENARIO 71
UNDS0
Period   0 2386.02  2282.8  2037.04  2093.68  1563.91  1979.18  
Period   1 1542.92  1314.69  2377.82  2147.18  2305.78  255.166  
Period   2 2366.28  3224.92  2471.92  2282.11  2121.41  1706.7  
Period   3 4943.17  3034.06  3437.21  2888.19  6024.77  2545.81  
Period   4 2899.67  2490.83  4920.91  2752.26  3304.43  5459.74  
Period   5 3630.76  4102.09  4500.38  3199.63  3994.36  3887.3  
UNDS1
Period   0 -7947.2  -7277.74  -6991.21  -7994.4  -7435.36  -7268.85  
Period   1 -9293.2  -9275.99  -8464.48  -9146.87  -9837.11  -8304.66  
Period   2 -7208.16  -6108.14  -6287.19  -6712.79  -6616.14  -7171.59  
Period   3 -7146.99  -7321.6  -7462.27  -7379.28  -6889.86  -6672.64  
Period   4 -6711.88  -7084.42  -7412.13  -6968.99  -7341.91  -7351.51  
Period   5 -7527.9  -7430.42  -7312.17  -7444.03  -7648.41  -7371.08  
SCENARIO 72
UNDS0
Period   0 1356.35  1600.64  1927.46  1734.11  2239.67  2871.71  
Period   1 645.666  1582.61  497.661  820.201  860.934  197.865  
Period   2 3994.47  1653.1  2422.16  2053.02  3130.91  1145.74  
Period   3 4129.62  3669.15  2071.01  2678.56  3102.41  2068.61  
Period   4 2192.67  4670.72  3969.63  2895.02  2700.67  3273.79  
Period   5 4004.79  3897.19  2959.03  3132.02  4366.29  2443.49  
UNDS1
Period   0 -7899.48  -7090.45  -7162.58  -7829.3  -7899.82  -7028.71  
Period   1 -8855.17  -8884.1  -10170.4  -9720.52  -9940.69  -7460.33  
Period   2 -6102.53  -5787.89  -6841.03  -6452.99  -6727.93  -7589.83  
Period   3 -7538.32  -7375.83  -7419.95  -7010.4  -7108.07  -6345.2  
Period   4 -6832.13  -7499.2  -7208.74  -7150.7  -6762.61  -7447.55  
Period   5 -7683.05  -7762.77  -7729.23  -7643.25  -7566.75  -6933.85  
SCENARIO 73
UNDS0
Period   0 1375.97  1555.68  1278.97  1255.71  3090.14  2253.61  
Period   1 607.91  2145.64  1602  1176.39  717.684  220.358  
Period   2 4299.07  2833.69  2037.33  2075.96  2377.44  3160.28  
Period   3 2818.15  3116.66  1797.05  2145.49  2960.28  2235.42  
Period   4 3273.35  3682.14  3881.92  2290.91  2685.85  2436.19  
Period   5 6356.24  2659.86  2594.04  3037.53  3466.27  3646.91  
UNDS1
Period   0 -7138.54  -7459.89  -7631.85  -6843.46  -7384.55  -7864.37  
Period   1 -9007.1  -10146.9  -9829.46  -9299.88  -8720.23  -7916.12  
Period   2 -6600.78  -7510.19  -7148.64  -7117.73  -6288.4  -6514.56  
Period   3 -7276.77  -7036.92  -6755.24  -7185.18  -7166.83  -6581.94  
Period   4 -6951.4  -6846.9  -7046.66  -7132.92  -7360.79  -7211.2  
Period   5 -7269.09  -7171.15  -7157.48  -7862.06  -7290.58  -6957.36  
SCENARIO 74
UNDS0
Period   0 1319.64  1416.65  2063.7  2138.42  2613.16  2350.6  
Period   1 1702.75  1368.12  1883.04  607.954  2304.57  2229.72  
Period   2 1548.73  2866.48  3264.08  2872.45  2334.67  3312.24  
Period   3 5268.07  3949.95  3841.23  4827.75  1920.13  3456.43  
Period   4 4518.63  2110.18  4030.97  3286.41  4107.87  4631.38  
Period   5 3576.6  3241.87  2803.67  2190.1  4129.73  2437.16  
UNDS1
Period   0 -6980.4  -7965.01  -7453.4  -7092.15  -7393.44  -7972.15  
Period   1 -8887.94  -7832.43  -9731.66  -9472.87  -8364.28  -8059.53  
Period   2 -7432.81  -6642.14  -7177.16  -7494.42  -7412.75  -5061.95  
Period   3 -7522.23  -7390.57  -7317.11  -7279.46  -7198.68  -6243.78  
Period   4 -6934.77  -7072.42  -6552.59  -7417.05  -7171.54  -7228.32  
Period   5 -7081.18  -7566.79  -7292.25  -7544.53  -7781.75  -7657.03  
SCENARIO 75
UNDS0
Period   0 2570.46  1651.41  1372.93  1497.42  2680.13  1457.71  
Period   1 1173.94  3298.91  2231.61  2510.17  2591.72  2230.31  
Period   2 1474.03  1836.51  3016.7  1383.77  3258.98  3602.69  
Period   3 2431.1  3506.77  3861.72  2458.1  2616.76  3384.39  
Period   4 2752.49  2788.98  3054.9  4540.73  2711.67  4119.29  
Period   5 3071.98  3437.63  2035.99  3564.18  2992.7  2286.7  
UNDS1
Period   0 -7555.38  -7875.77  -7864.17  -7745.04  -7932.51  -6316.03  
Period   1 -8213.69  -7538.03  -10116.6  -9135  -8480.79  -7752.88  
Period   2 -6681.25  -7175.48  -6197.69  -6441.34  -7200.66  -7250.57  
Period   3 -7115.01  -7160.41  -7181.21  -7489.28  -7025.58  -6899.8  
Period   4 -6627.24  -6957.32  -7386.6  -7129.35  -6812.36  -6670.94  
Period   5 -6718.42  -7842.56  -7384.54  -6999  -7566.8  -7732.01  
SCENARIO 76
UNDS0
Period   0 3333.1  2299.14  2348.63  2773  3387.33  1815.44  
Period   1 3307.81  3231.78  3132.09  2552.09  2309.23  2938.72  
Period   2 3750.7  1844.58  2685.52  2886  2062.43  1295.84  
Period   3 3102.13  2823.07  5256.6  3367.42  2328.03  3141.03  
Period   4 6093.22  3511.4  3969.4  3223.93  3329.77  3907.64  
Period   5 2427.47  3413.12  3389.34  3099.09  2955.19  2780.89  
UNDS1
Period   0 -7099.54  -7612.35  -7453.63  -7169.42  -7432.45  -8002.73  
Period   1 -6607.49  -9842.87  -9711.26  -9795.23  -10229.6  -7288.52  
Period   2 -6937.1  -7041.11  -6552.08  -7293.08  -6746.84  -6228.28  
Period   3 -6515.63  -7235.34  -7215.59  -7158.17  -7293.53  -6784.76  
Period   4 -6808.24  -7337.34  -7352.22  -7461.21  -7359.79  -6972.28  
Period   5 -6811.03  -7520.72  -7289.06  -7751.39  -7543.13  -7287.35  
SCENARIO 77
UNDS0
Period   0 2494.47  1965.3  1731.57  1313.75  2491.89  2182.74  
Period   1 1889.37  1690.66  2386.42  2744.56  1806.14  2022.45  
Period   2 3565.08  2920.41  2034.52  2459.39  1948.79  3227.35  
Period   3 2402.46  2254.19  2572.96  5847.51  2904.34  3457.01  
Period   4 3914.52  2594.3  4089.57  4230.62  3054.09  3157  
Period   5 4181.13  4484.93  2831.98  2128.31  2701.89  4674.53  
UNDS1
Period   0 -7542.58  -7433.87  -7796.98  -7779.29  -6980.84  -7708.44  
Period   1 -7799.56  -8463.78  -7918.21  -10109.6  -8554.29  -9909.14  
Period   2 -7209.02  -6645.94  -6577.87  -5884.97  -6213.83  -6504.19  
Period   3 -7342.76  -7164.08  -6555.83  -7373.21  -7405.36  -6512.78  
Period   4 -7523.7  -7424.68  -7507.83  -7226.61  -7286.45  -6523.39  
Period   5 -7943.03  -7826.31  -6788.53  -7170.89  -7520.46  -7745.48  
SCENARIO 78
UNDS0
Period   0 1185.91  1918.42  1627.69  1667.04  1805.46  2811.68  
Period   1 3007.33  1673.59  1952.06  640.762  2576.67  1644.28  
Period   2 1839.95  2047.45  2182.68  3710.86  1558.23  1830.33  
Period   3 2503.71  1896.27  6238.12  3535.36  3326.93  4081.09  
Period   4 2643.88  6430.28  3725.04  2291.07  5373.52  2993.19  
Period   5 4182.01  2019.11  3224.09  2439.42  2626.79  2642.71  
UNDS1
Period   0 -7039.29  -7428.57  -7196.33  -7554.7  -7892.74  -7672.5  
Period   1 -8888.17  -9500.61  -10531.7  -7408.78  -9192.07  -7218.07  
Period   2 -7274.29  -6432.28  -6457.51  -6254.34  -7117.63  -6937.89  
Period   3 -7327.02  -6640.77  -7263.6  -7207.06  -7364.63  -6641.74  
Period   4 -7186.2  -7172.84  -7048.13  -7287.29  -7171.1  -7017.73  
Period   5 -7452.43  -6503.01  -7581.34  -7773.16  -7193.85  -7048.27  
SCENARIO 79
UNDS0
Period   0 2181.35  2172.57  1849.61  2252.65  1299.65  2183.64  
Period   1 2361.63  2697  1845.37  370.545  1261.11  1926.89  
Period   2 1596.1  3746.16  4767.69  1798.51  1811.37  1220.21  
Period   3 4903.46  1621.19  3733.94  3632.17  4441.07  3474.37  
Period   4 3743.19  3145.7  2773.6  2982.31  3482.33  2873.34  
Period   5 3543.4  4199.78  3531.21  4916.54  3849.67  3354.79  
UNDS1
Period   0 -7140.45  -7968.95  -7976.81  -7873.3  -7491.83  -6600.06  
Period   1 -8798.53  -8417.73  -9862.84  -9321.85  -9456.98  -8567.37  
Period   2 -6677.41  -7042.06  -7139.98  -7179.15  -7393.53  -5794.1  
Period   3 -7290.52  -7230.6  -6628.02  -7030.92  -7271.94  -7322.09  
Period   4 -6503.87  -7328.44  -6992.78  -7262.45  -7451.02  -7302.46  
Period   5 -7810.85  -6908.33  -7281.25  -7792.71  -7515.85  -7058.15  
SCENARIO 80
UNDS0
Period   0 1465.92  1951.74  2154.25  2889.81  1577.86  2176.3  
Period   1 1791.62  1669.65  2881.18  4180.14  35.517  2069.06  
Period   2 4712.24  2685.84  1757.53  2931.3  1416.39  1806.94  
Period   3 5613.1  4295.3  3179.79  4463.76  4241.69  3481.94  
Period   4 3626.6  5081.98  3076.36  2574.41  6764.46  3903.59  
Period   5 3500.8  3402.38  3310.75  2395.91  3071.09  4226.63  
UNDS1
Period   0 -7162.68  -7749.45  -8000.79  -7535.93  -7623.09  -6723.02  
Period   1 -8615.84  -8258.52  -9788.67  -8742.28  -10231.9  -8400.43  
Period   2 -6951.58  -7061.69  -7035.81  -7288.26  -6371.14  -6566.39  
Period   3 -6573.44  -7253.15  -7096.51  -6642.7  -6359.56  -6808.87  
Period   4 -7144.64  -7434.9  -7395.9  -7359.17  -6564.77  -7416.32  
Period   5 -7681.19  -7393.34  -7819.49  -7495.57  -6862.83  -7318.51  
SCENARIO 81
UNDS0
Period   0 2334.8  1654.07  1739.8  2897.46  1845.08  1719.39  
Period   1 545.392  2300.12  1405.74  1016.09  1442.87  1316.06  
Period   2 2036.49  2152.76  3069.96  1544.49  2411.77  3495.04  
Period   3 3906.93  3761.27  4376.3  1821.62  4257.38  3769.61  
Period   4 2802.59  2758.39  4092.02  3173.09  3598.32  4644.93  
Period   5 4433.57  3434.3  2193.02  2116.26  2443.77  4396.9  
UNDS1
Period   0 -7324.73  -7704.96  -7055.64  -7733.3  -7861.82  -7581.52  
Period   1 -9837.99  -10397.7  -9861.54  -10312.5  -10060.5  -4994.19  
Period   2 -6334.48  -6724.35  -7335.84  -6793.79  -7212.27  -5850.14  
Period   3 -7193.38  -6358.58  -7047.57  -7000.79  -6997.78  -6796.64  
Period   4 -7119.15  -6651.88  -7473.56  -6717.67  -7073.16  -7424.26  
Period   5 -7665  -7490.28  -7776.02  -7583.49  -7447.52  -7227.51  
SCENARIO 82
UNDS0
Period   0 1521.75  2664.7  2478.37  2838.79  1752.32  1690.11  
Period   1 2026.24  2787.96  843.655  2687.13  187.251  3881.25  
Period   2 4014.65  3384.09  2020.8  2260.77  2359.51  3032.82  
Period   3 2533.94  1923.31  3663.33  1847.04  5495.13  2127.91  
Period   4 2922.8  3072.37  2928.87  5211.69  3901.66  2335.84  
Period   5 2917.85  3884.68  3388.62  2889.08  2445.25  3488.46  
UNDS1
Period   0 -7208.22  -7274.12  -7430.55  -6957.78  -7543.29  -8036.41  
Period   1 -9294.09  -9361.08  -8629.89  -9431.8  -10344.3  -6404.56  
Period   2 -6846.95  -7038.46  -6240.23  -6288.53  -7194.09  -6122.55  
Period   3 -6797.28  -7195.05  -6904.62  -7255.93  -7470.31  -6577.37  
Period   4 -7486.14  -7184.84  -7323.18  -6974.56  -7099.29  -7504.35  
Period   5 -7857.11  -6739.41  -7094.09  -6834.04  -6730.58  -7677.27  
SCENARIO 83
UNDS0
Period   0 1777.87  2255.07  1628.88  1571.31  1275.34  2197.75  
Period   1 222.578  2063.71  2045.42  1540.96  2406.83  1510.79  
Period   2 1353.24  3293.6  4393.26  2400.74  1851.94  1820.71  
Period   3 1995.5  2741.82  4294.76  3517.47  2306.22  3372.24  
Period   4 2767.68  4902.43  2182.12  4309.24  5465.99  4252.96  
Period   5 2701.39  2055.34  3073.73  4343.68  3566.08  5825.68  
UNDS1
Period   0 -7759.52  -7724.3  -7721.62  -7095.35  -7444.47  -7308.88  
Period   1 -9703.81  -9678.19  -8573.57  -9672.24  -9892.12  -7668.02  
Period   2 -6530.9  -7393.39  -6696.78  -6852.37  -6980.6  -6332.02  
Period   3 -6843.54  -7114.08  -7071.36  -7279  -6868.96  -7321.16  
Period   4 -7150.31  -7112.52  -7450.37  -7443.31  -7469.83  -6689.65  
Period   5 -7471.33  -7540.13  -7825.57  -7637.56  -6921.63  -7565.23  
SCENARIO 84
UNDS0
Period   0 1587.51  1864.07  1554.96  1599.56  1725.83  2689.33  
Period   1 1579.28  1547.41  2705.81  1171.47  1247.33  2550.86  
Period   2 2347.47  2285.74  3971.85  3954.91  1823.62  1273.59  
Period   3 1854.73  4028.31  3426.63  3052.71  2394.14  2959.42  
Period   4 2907.89  4034.64  3422.7  2727.18  3810.53  3063.8  
Period   5 2611.71  2638.23  3735  3622.46  3608.37  5165.7  
UNDS1
Period   0 -7849.42  -6638.23  -7728.25  -7916.79  -8123.16  -6976.36  
Period   1 -9244.93  -9650.35  -9011.07  -9312.42  -7515.43  -8398.29  
Period   2 -5829.71  -6275.62  -6347.31  -5617.04  -7402.3  -6432.57  
Period   3 -7044.34  -7267.7  -6901.38  -7245.43  -7389.67  -6835.03  
Period   4 -7482.38  -7557.91  -7422.07  -7249.54  -6486.24  -7500.96  
Period   5 -7233.21  -7823.33  -7749.13  -7835.89  -7553.4  -6413.06  
SCENARIO 85
UNDS0
Period   0 2483.13  1769.12  1427.51  2529.34  1758.67  1398.32  
Period   1 3898.9  1543.59  3501.91  520.932  1862.94  467.71  
Period   2 2557.4  940.973  1836.17  3176.75  3529.75  2011.58  
Period   3 2063.75  4524.18  2831.34  3784.64  1887.25  2034.73  
Period   4 3518.47  2321.91  1987.07  2471.9  2899.79  3229.42  
Period   5 2263.36  2540.41  2235.82  3496.45  4110.44  2802.71  
UNDS1
Period   0 -7692.7  -7937.83  -7084.01  -8052.73  -7211.8  -7243.25  
Period   1 -8532.83  -7896.46  -9995.19  -10172.8  -9359.16  -8072.2  
Period   2 -7062.23  -7207.23  -6006.81  -7573.82  -7235.32  -6346.4  
Period   3 -7143.98  -7213.62  -7361.17  -7159.56  -7238.66  -6636.51  
Period   4 -7265.38  -7369.77  -6387.62  -6981.83  -7029.14  -7201.7  
Period   5 -7127.52  -7154.81  -7279.46  -7835.89  -7387.42  -7906.07  
SCENARIO 86
UNDS0
Period   0 1211.12  3346.22  1192.4  1749.03  1734.9  2672.74  
Period   1 1281.6  1749.64  4038.32  594.28  1609.87  3392.14  
Period   2 1402.94  2603.51  1583.16  2792.37  1514.5  2491.49  
Period   3 2349.31  2775.35  3119.74  4088.83  2117.96  3097.23  
Period   4 4659.61  2609.98  4459.95  3702.13  3235.3  4568.56  
Period   5 2714.85  4168.91  3028.53  5133.13  2722.4  3587.18  
UNDS1
Period   0 -7045.93  -7192.35  -7872.47  -7954.84  -7555.79  -7604.73  
Period   1 -7944.37  -10125.8  -9500.2  -9811.43  -10405.9  -6820.36  
Period   2 -6970.46  -6897.04  -6947.15  -6841.36  -7157.62  -6394.18  
Period   3 -7106.04  -7489.21  -7368.71  -7010.54  -7293.44  -6561.97  
Period   4 -7072.56  -6897.33  -7216.71  -7409.37  -7061.71  -6968.21  
Period   5 -7069.99  -6915.92  -7866.71  -7508.46  -7606.84  -7793.52  
SCENARIO 87
UNDS0
Period   0 1767.2  1506.8  2492.79  1398.79  1724.54  1219.2  
Period   1 2858.9  1281.24  1787.14  1656.63  2360.49  3353.1  
Period   2 4064.14  3378.28  1931.83  1440.85  1758.16  1837.56  
Period   3 3981.81  1734.43  3292.36  2664.87  3176.08  2343.72  
Period   4 2560.78  4160.2  3470.48  3435.67  6621.18  5875.75  
Period   5 3268.88  4012.18  4426.62  3443.71  3805.3  4855.05  
UNDS1
Period   0 -7566.77  -7121.04  -7802.24  -6779.18  -7256.78  -7734.13  
Period   1 -10263.4  -8271.14  -9985.92  -7051.71  -9141.79  -9379.08  
Period   2 -6074.52  -7343.92  -7488.82  -6451.8  -6297.68  -5758.25  
Period   3 -6962.29  -7112.14  -6769.09  -6878.87  -6789.01  -7394.68  
Period   4 -7482.22  -7320.85  -6957.42  -7048.99  -7370.29  -7391.72  
Period   5 -7424.44  -7041.68  -7097.53  -7797.88  -6994.15  -6472.25  
SCENARIO 88
UNDS0
Period   0 1760.91  2152.96  1402.36  1749.05  2132.63  1838.44  
Period   1 1229.08  1028.24  3502.76  2460.74  2042.12  685.12  
Period   2 2676.97  1335.54  1573.13  4361.29  2543.01  3728.62  
Period   3 3983.94  3504.16  3503.56  3088.07  3000.91  2812.33  
Period   4 3540.18  5406.36  3381.35  4568.97  6181.23  3227.5  
Period   5 4675.25  2129.81  3963.66  2087.33  2415.77  3946.1  
UNDS1
Period   0 -7775.16  -7008.3  -8026.33  -7279.58  -8022.83  -7017.16  
Period   1 -10356.2  -7838.77  -9304.06  -10518.7  -10535  -6439.19  
Period   2 -7206.92  -5531.34  -6678.35  -6358.14  -7299.03  -6118.22  
Period   3 -7318.76  -7244.11  -7076.57  -7072.27  -7027.56  -6940.76  
Period   4 -6999.61  -6708.97  -6796.25  -6993.71  -7276.42  -7297.28  
Period   5 -7129.61  -7421.93  -7004.33  -7412.34  -7583.44  -7170.56  
SCENARIO 89
UNDS0
Period   0 2553.38  2267.93  2343.16  2182.36  3127.47  1485.08  
Period   1 1239.36  968.956  610.214  1448.2  3559.67  4941.89  
Period   2 1747.45  1427.62  1900.09  1962.46  1181.56  1572.77  
Period   3 2086.97  2018.22  3716.24  2283.58  2528.38  3171.61  
Period   4 2624.02  4625.07  2323.4  3985.23  3009.77  4106.35  
Period   5 2751.41  2556.5  3022.49  2559.63  3683.9  2169.76  
UNDS1
Period   0 -7992.07  -6567.23  -7361  -7449.27  -7776.28  -7978.49  
Period   1 -8345.56  -8184.93  -8317.47  -7647.58  -9866.53  -9881.23  
Period   2 -7461.45  -7008.57  -7218.79  -6832.23  -7398.63  -5581.59  
Period   3 -7026.43  -6806.46  -7253.84  -7547.65  -7240.46  -6956.13  
Period   4 -7192.52  -7060.29  -7190.82  -7472.3  -7019.07  -7151.93  
Period   5 -6733.86  -6642.71  -6963.5  -7233  -7531.01  -7722.19  
SCENARIO 90
UNDS0
Period   0 1336.93  1437.17  1283.11  3188.09  2176.89  1880.94  
Period   1 4043.8  1003.88  346.884  969.99  879.516  1671.66  
Period   2 3158.39  1907.3  1288.95  1822.07  1189.43  2846.7  
Period   3 4852.44  3013.45  2671.45  6165.73  2197.56  3698.56  
Period   4 3556.61  4271.98  3759.46  4103.03  2754.16  5333.39  
Period   5 4649.55  3907.83  2467.16  3790.98  2582.42  2865  
UNDS1
Period   0 -7823.36  -7367.36  -7577.04  -7389.43  -7779.49  -6776.91  
Period   1 -8544.93  -10418.4  -8610.32  -8528.36  -8958.87  -9710.3  
Period   2 -7377.76  -6173.63  -7047.54  -7313.01  -6526.72  -6145.5  
Period   3 -7282.23  -7540.48  -7382.16  -6934.36  -7393.26  -6441.87  
Period   4 -6916.31  -6480.57  -7509.33  -6844.58  -6769.3  -6950.14  
Period   5 -7559.42  -7395.93  -7579.87  -7868.53  -6995.6  -7490.98  
SCENARIO 91
UNDS0
Period   0 1949.5  1801.89  1669.27  1933.33  1580.67  1607.66  
Period   1 728.328  768.371  211.464  724.961  1015.77  881.74  
Period   2 1914.96  4212.13  4123.69  2623.61  4075.79  987.193  
Period   3 3952.97  5086.52  3776.48  3107.82  3836.22  2933.2  
Period   4 2643.37  3340.11  3064.27  2746.91  2864.99  2737.07  
Period   5 3491.24  2705.03  2949.6  4393.85  3880.7  4167.95  
UNDS1
Period   0 -7846.98  -7435.48  -7784.98  -6710.23  -8031.4  -7494.98  
Period   1 -9822.81  -9024.98  -9765.47  -8205.51  -8149.06  -7960.45  
Period   2 -6233.9  -7128.12  -7137.75  -7425.17  -6092.84  -7019.46  
Period   3 -7010.52  -6743.58  -6465.1  -7020.78  -7012.32  -7332.97  
Period   4 -7224.5  -6853.44  -6986.38  -7098.36  -7292.97  -7468.06  
Period   5 -7245.97  -7534.91  -7853.08  -7560.01  -7351.11  -7562.22  
SCENARIO 92
UNDS0
Period   0 2435.3  2183.04  1776.43  1615.53  1845.59  1580.49  
Period   1 2694.21  2494.9  1592.91  188.2  1119.2  1291.65  
Period   2 1119.36  1305.16  4641.4  2678.9  2289.69  3455.21  
Period   3 4382.19  3339.31  4026.1  2413.9  2074.65  2104.85  
Period   4 5775.37  3507.94  3638.32  1968.93  2723.22  4744.44  
Period   5 4153.33  3099.75  4399.64  2293.53  4482.63  2999.59  
UNDS1
Period   0 -7763.95  -7988.61  -7380.45  -8041.18  -7746.78  -6373.47  
Period   1 -9670.38  -8961.87  -6948.72  -6933.14  -8968.98  -8522.1  
Period   2 -7070.61  -7171.42  -6506.66  -7389.78  -6434  -6398.15  
Period   3 -7346.13  -6713.12  -6850.62  -7312.75  -6602.01  -6980.21  
Period   4 -7369.64  -7208.55  -7511.03  -7524.76  -7128.44  -6876.9  
Period   5 -7658.54  -6668.89  -7793.85  -7010.15  -6795.74  -7655.46  
SCENARIO 93
UNDS0
Period   0 1739.58  1396.8  2261.84  1326.63  1616.13  1472.38  
Period   1 362.19  578.343  1858.55  829.784  1393.72  1784.03  
Period   2 2951.86  2156.86  1397.61  3408.34  2670.31  2374.66  
Period   3 3348.57  2593.44  2058.56  3727.1  2002.49  3293.6  
Period   4 5055.01  5702.85  2363.71  5982.62  3418.96  3838.19  
Period   5 3084.9  3180.77  3726.35  5035.74  3879.32  3974.41  
UNDS1
Period   0 -7860.16  -7410.15  -7675.16  -6966.88  -6558.68  -7807.19  
Period   1 -10398.4  -8157.43  -9950.76  -7868.7  -8307.96  -9417.85  
Period   2 -7121.79  -6599.67  -7147.46  -6139.22  -6602.67  -6840.43  
Period   3 -6128.48  -7472.77  -7320.9  -7357.78  -7273.36  -6939.94  
Period   4 -7123.41  -7324.19  -7109.78  -7231.28  -7160.82  -7148.76  
Period   5 -7308.62  -7409.71  -7333.03  -6913.01  -7291.1  -7234.22  
SCENARIO 94
UNDS0
Period   0 1211.32  1667.01  1293.37  1762.79  2319.99  1862.18  
Period   1 3095.13  1846.44  1804.53  1135.97  3328.22  835.652  
Period   2 1833.66  3142.24  2735.61  2322.46  2489.55  1420.04  
Period   3 3091.64  4575.39  1648.65  2466.07  3289.99  2986.38  
Period   4 2977.57  4331.28  3727.03  5338.6  3183.94  4665.85  
Period   5 3644.89  4166.49  4669.43  4213.63  4150.85  4951.97  
UNDS1
Period   0 -7413.08  -7781.15  -7140.76  -7849.47  -7189.54  -7484.08  
Period   1 -9218.57  -9354.11  -9862.78  -8775.72  -9619.86  -7082.03  
Period   2 -7367.31  -6617.33  -7154.8  -7025.55  -7381.99  -5454.72  
Period   3 -7340.64  -6894.6  -7078.31  -6927.33  -6853.15  -6706.55  
Period   4 -7046.64  -7213.58  -7499.11  -7302.9  -7229.22  -7249.19  
Period   5 -7148.79  -7126.04  -7809.29  -7490.66  -7114.97  -7360.1  
SCENARIO 95
UNDS0
Period   0 1496.42  1380.5  1276.6  1778.32  2547.8  1806.92  
Period   1 615.745  3168.5  2781.79  604.394  1127.79  619.644  
Period   2 2838.53  999.294  2918.25  2487.85  2509.86  2225.94  
Period   3 4179.75  3494.66  2876.52  5135.54  2525.63  3918.83  
Period   4 2256.62  3357.64  2457.98  2070.81  5414.13  2647.78  
Period   5 4011.73  2522.46  3591.85  4127.07  4712.08  4119.09  
UNDS1
Period   0 -7704.49  -7253.62  -7812.19  -7496.65  -6444.15  -7656.13  
Period   1 -9992.15  -8721.37  -8594.27  -9372.5  -10194.6  -7591.15  
Period   2 -6664.76  -6381.53  -6790.16  -6889.46  -6373.7  -5897.35  
Period   3 -7254.3  -7569.49  -7210.66  -7241.6  -7086  -6574.34  
Period   4 -7464.24  -7071.11  -6826.88  -7104.58  -6656.33  -7360.38  
Period   5 -7820.44  -7305.41  -7662.55  -7191.15  -7834.32  -7479.33  
SCENARIO 96
UNDS0
Period   0 2034.67  2487.49  1627.76  2244.6  2051.86  1929.49  
Period   1 1227.42  1550.83  1277.08  2987.09  2728.63  3095.12  
Period   2 2291.59  3092.45  2620.67  1720.23  2977.78  2063.1  
Period   3 4024.53  5450.46  3745.8  3250.06  1836.24  3213.29  
Period   4 3109.28  3753.42  4432.29  3118.08  3631.65  3308.3  
Period   5 4636  5241.98  2693.92  3444.18  3450.59  3232.34  
UNDS1
Period   0 -7701.03  -7433.81  -7050.58  -7375.17  -7936.86  -7402.67  
Period   1 -8378.12  -10246.5  -9895.04  -8489.27  -10464.5  -7487.26  
Period   2 -7383.82  -6975.43  -6310.38  -6223.85  -7189.87  -7449.95  
Period   3 -6721.66  -6684.39  -6944.69  -6876.53  -6889.19  -7044.8  
Period   4 -7403.07  -6796.03  -6942.71  -7473.27  -7164.15  -7126.71  
Period   5 -7139.01  -7142.57  -7330.82  -7442.75  -7694.73  -7561.44  
SCENARIO 97
UNDS0
Period   0 1177.77  1745.04  3819.28  2043.61  2034.07  1969.96  
Period   1 718.706  900.548  1723.76  2038.12  1538.82  970.277  
Period   2 2874.32  2011.26  3154.35  2369.24  2539.24  1219.09  
Period   3 3066.05  6143.76  3293.13  3052.7  2721.34  2134.94  
Period   4 2421.83  3819.58  3297.71  4502.48  4850.67  4085.52  
Period   5 2778.16  2301.93  3976.7  4258.11  3103.06  4374  
UNDS1
Period   0 -7780.13  -7153.63  -7820.85  -7520.47  -8060.14  -6856.94  
Period   1 -7876.98  -8190.91  -9507.61  -9322.24  -10456.3  -8099.84  
Period   2 -6651.41  -5485.06  -6973.87  -7421.07  -6613.1  -5884.76  
Period   3 -7009  -7049.3  -6978.7  -7098.09  -6930  -7347.85  
Period   4 -6467.63  -7224.1  -7095.53  -7434.05  -7369.18  -7347.14  
Period   5 -7768.28  -7517.04  -6935.43  -7568.28  -7023.6  -7442.6  
SCENARIO 98
UNDS0
Period   0 1889.63  1669.97  1990.72  2009.03  1635.46  1525.18  
Period   1 1383.28  1040.27  445.375  2032.16  1499.91  803.902  
Period   2 3145.59  1814.02  3372.72  2480.45  1561.4  2821.81  
Period   3 3343.84  2194.6  3745.97  4665.86  5413.09  3091.18  
Period   4 4816.15  3380.9  4481.6  3070.93  5035.19  3298.99  
Period   5 2617.13  3148.39  2236.88  2782.93  3328.92  2513.56  
UNDS1
Period   0 -7666.35  -8005.32  -7553.92  -7762.02  -7156.49  -6638.86  
Period   1 -9522.96  -9417.2  -8549.89  -7989.03  -8877.84  -10050.9  
Period   2 -7066.3  -6725.69  -6748.45  -6709.05  -7157.24  -6440.85  
Period   3 -6996.14  -7064.37  -6372.69  -7278.1  -7189.63  -6759.01  
Period   4 -7067.03  -7179.46  -7377.72  -6948.97  -7020.49  -7185.73  
Period   5 -6945.14  -7834.92  -6735.38  -7695.31  -6678.73  -7289.11  
SCENARIO 99
UNDS0
Period   0 1643.79  1605.6  1499.9  1789.46  1858.99  1393.8  
Period   1 2162.66  489.204  2575.36  2872.75  3828.36  267.968  
Period   2 1406.9  2786.52  3053.2  2295.77  2951.77  3795.34  
Period   3 2534.28  2723.48  3119  2734.77  3490.64  2247.71  
Period   4 5876.86  2055.32  4119.35  4486.23  4418.75  2480.2  
Period   5 2383.05  3691.57  2949.79  3071.54  2766.42  2409.98  
UNDS1
Period   0 -7571.62  -6753.31  -6888.65  -7869.73  -7831.73  -7551.23  
Period   1 -7906.07  -9794.19  -9680.09  -8929.02  -9882.37  -8197.89  
Period   2 -6499.01  -7204.52  -5526.48  -6455.35  -6520  -7377.53  
Period   3 -6184.92  -7212.47  -7301.37  -7475.03  -6615.08  -7324.68  
Period   4 -7182.15  -6966.78  -7352.67  -7067.45  -7370.55  -6954.28  
Period   5 -7111.4  -7393.06  -7465.66  -7528.43  -7435.46  -7451.4  
