NBScenarios 100
SCENARIO 0
UNDS0
Period   0 2051.43  2514.17  2763.99  3545.14  2364.4  3473.59  
Period   1 2432.13  6186.71  5771.43  2196.43  5993.92  3431.31  
Period   2 4061.91  6528.06  5367.46  2452.33  835.588  825.62  
Period   3 1741.12  6453.74  5509.53  7188.18  2718.61  5955.05  
Period   4 5761.64  4608.36  2946.76  5229.13  6254.4  4893.16  
Period   5 6156.89  6642.73  5510.64  7081.97  5947.94  2284.49  
UNDS1
Period   0 -6421.21  -6513.52  -6584.21  -7921.34  -6363.04  -7417.72  
Period   1 -4964.61  -7205.82  -9121.17  -5149.18  -5789.38  -6871.11  
Period   2 -6039.67  -7163.8  -5506.05  -7390.68  -4910.72  -5169.22  
Period   3 -7503.53  -6713.7  -6402.27  -6624.61  -7516.71  -6967.93  
Period   4 -7546.89  -7293.31  -7101.93  -6771.39  -6277.32  -6520.23  
Period   5 -7110.63  -6773.15  -6103.64  -7076.13  -7811.39  -7377.31  
SCENARIO 1
UNDS0
Period   0 1941.88  1158.49  1513.56  3131.34  2245.15  1654.17  
Period   1 1861.99  6337.79  222.693  4786.78  5719.16  2810.91  
Period   2 2515.89  4158.96  5854.72  2661.45  3334.73  1112  
Period   3 4916.19  7103.71  5392.11  5129.14  7651.88  6124.3  
Period   4 6649.18  2642.82  6674.41  5664.51  3876.42  2106.19  
Period   5 4856.89  5728.36  6191.49  2766.08  4610.46  5025.69  
UNDS1
Period   0 -6018.91  -7395.53  -6336.36  -8082.22  -6012.53  -8038.57  
Period   1 -9078.29  -8889.07  -6328.4  -9615.07  -10215.8  -5272.75  
Period   2 -4940.77  -5234.09  -6877.72  -7061.69  -5860.09  -5302.9  
Period   3 -6459.47  -6564.59  -6424.47  -6808.92  -7521.86  -6239.5  
Period   4 -6234.08  -6607.94  -6751.79  -6442.83  -7570.55  -6242.81  
Period   5 -6016.45  -7488.83  -7933.16  -7276.12  -6969.94  -6386.95  
SCENARIO 2
UNDS0
Period   0 3190.45  2403.48  2220.5  2289.78  2074.64  1385.64  
Period   1 1436.06  4736.65  3683.87  1222.76  3815.81  6075.4  
Period   2 1077.97  4270  3103.31  5740.56  4369.81  1362.68  
Period   3 2836.31  2837.32  6336.55  4761.98  3463.44  2067.81  
Period   4 4323.44  4276.88  4473.18  6328.45  6927.08  6231.72  
Period   5 3136.61  2216.94  2259.58  3706.2  5991.77  2413.94  
UNDS1
Period   0 -6934.47  -6124.91  -6389.61  -6045.07  -7642.63  -7325.96  
Period   1 -6496.19  -6272.39  -6633.25  -5997.9  -9975.81  -9739.9  
Period   2 -5008.28  -5234.84  -4902.51  -7227.12  -7467.88  -6372.26  
Period   3 -6687.35  -7061.42  -6874.21  -5901.78  -6829.25  -7227.1  
Period   4 -7082.74  -7203.18  -6184.36  -6945.38  -7532.87  -6431.86  
Period   5 -7659.57  -6584.78  -7663.8  -6743.17  -7188.07  -7645.29  
SCENARIO 3
UNDS0
Period   0 3828.68  2523.98  2945.81  1112.59  4069.43  2064.07  
Period   1 69.0554  1091.12  4888.09  4054.7  5221.66  3936.85  
Period   2 3905.52  6642.56  1019.74  843.857  4358.71  883.252  
Period   3 2077.43  2822.31  1924.88  5616.17  4744.96  2069.58  
Period   4 7612.78  4604.49  8216.16  6496.02  6986.24  2474.6  
Period   5 3331.3  5151.87  5474.93  1988.04  3443.67  3678.31  
UNDS1
Period   0 -7269.72  -7248.25  -7134.83  -6821.25  -7947.23  -6789.79  
Period   1 -5229.78  -5184.71  -7723.17  -9207.67  -10556.7  -5085.89  
Period   2 -4975.59  -5879.21  -5265.04  -5143.46  -4934.15  -7102.31  
Period   3 -6150.67  -7481.8  -6683.44  -6653.07  -6393.11  -6746.97  
Period   4 -7343.12  -7444  -6698.16  -6135.39  -6149.44  -7028.46  
Period   5 -6884.64  -7615.43  -6621.78  -6597.6  -7378.8  -7683.08  
SCENARIO 4
UNDS0
Period   0 3513.46  3897.91  3125.08  3722.97  1162.28  1518.73  
Period   1 1267.93  5930.22  2084.5  5514.76  5146.5  3942.48  
Period   2 2105.28  6341.87  3476.95  6090.1  975.641  836.108  
Period   3 3627.45  4248.1  2010.09  1778.03  3076.41  7609.76  
Period   4 7534.98  7273.95  2823.04  5103.97  5317.7  2799.69  
Period   5 6620.32  5128.14  5607.62  4775.53  2445.2  4757.1  
UNDS1
Period   0 -7074.83  -6602.09  -6726.19  -6606.59  -6130.75  -6715.15  
Period   1 -9298.38  -6413.42  -6817.25  -5976.69  -5825.66  -8549.19  
Period   2 -6031.37  -6809.83  -7089.99  -4876.38  -5928.55  -4735.83  
Period   3 -6951.28  -7045.66  -6172.05  -6114.43  -6353.69  -6607.39  
Period   4 -6733.68  -6608.17  -6721.58  -6306.16  -6187.44  -6314.33  
Period   5 -7807.65  -7758.42  -6707.11  -7460.19  -6085.44  -7215.78  
SCENARIO 5
UNDS0
Period   0 1284.63  1979.6  4104.52  3279.73  3700.84  1880.97  
Period   1 5861.26  299.726  5088.78  2573.42  2073.14  3456.62  
Period   2 3953.25  5547.98  5499.18  2300.73  1427.48  1069.82  
Period   3 3497.05  4322.66  7687.85  7667.13  2716.61  7391.23  
Period   4 7296.81  6085.83  7989.61  3546.1  3825.83  3294.37  
Period   5 2463.56  3718.15  5787.54  5201.14  2994.9  3319.59  
UNDS1
Period   0 -7781.63  -6540.75  -7856.49  -7027.91  -6008.41  -6419.83  
Period   1 -10297.3  -6330.8  -6454.95  -8297.06  -7946.38  -5057.6  
Period   2 -7055.2  -7475.62  -7169.51  -5495.3  -6956.27  -6130.46  
Period   3 -7046.7  -6570.41  -6947.24  -6276.32  -6673.76  -6894.61  
Period   4 -7597.48  -6996.27  -6355.1  -7139.21  -7055.83  -7589.69  
Period   5 -6648.1  -7775.21  -6332.28  -6492.56  -7246.64  -6684.11  
SCENARIO 6
UNDS0
Period   0 4117.52  2121.74  3091.85  2079.75  1570.6  3618.3  
Period   1 1981.88  6207.89  4349.26  2095.6  2584.57  3537.38  
Period   2 4727.43  996.688  1686.21  4174.04  4824.46  1320.64  
Period   3 3696.31  6273.46  3235.25  3667.22  1531.11  1629.86  
Period   4 3414.29  4474.7  5814.26  3860.1  7477.43  2242.04  
Period   5 4259.86  5766.68  6540.93  4999.92  3540.53  3792.11  
UNDS1
Period   0 -7198.8  -6152.07  -6523.52  -6502.32  -6593.98  -6828.98  
Period   1 -9017.97  -5815.05  -6023.57  -10031.5  -7003.84  -9561.77  
Period   2 -6203  -7085.86  -5113.93  -4972.29  -7110.78  -6818.88  
Period   3 -7430.14  -6168.95  -7494.63  -7398.07  -7138.97  -6850.6  
Period   4 -7322.9  -6811.51  -7251.7  -7321.94  -6821.79  -6762.33  
Period   5 -7538.58  -6020.52  -6553.24  -7456.8  -7166.09  -7142.77  
SCENARIO 7
UNDS0
Period   0 2491.3  3703.75  2364.58  1603.15  2744.16  1878.54  
Period   1 745.788  2502.77  3289.65  791.903  6253.89  202.247  
Period   2 1305.26  1615.15  4723.75  4028.15  6401.93  1054.22  
Period   3 6467.37  4779.19  6880.11  7296.76  5666.44  3243.74  
Period   4 5429.12  6297.26  6976.25  1942.05  8035.95  1941.42  
Period   5 4677.29  1953.62  5955.52  2461.36  4775.19  2615.36  
UNDS1
Period   0 -7908.79  -7874.3  -7660.39  -6265.02  -6307.84  -7718.39  
Period   1 -9451.02  -5680.14  -8817.94  -10462.2  -5500.22  -5777.45  
Period   2 -6745.64  -7595.49  -5096.28  -5939.07  -6106.87  -5551.94  
Period   3 -6415.14  -5905.59  -5849.63  -7309.21  -6298.19  -7483.78  
Period   4 -6915.86  -7383.54  -6784.31  -7387.39  -7566.57  -6422.71  
Period   5 -6406.24  -6877.37  -6971.9  -7351.51  -6096.97  -6557.19  
SCENARIO 8
UNDS0
Period   0 2055.21  2668.41  2625.16  1106.06  1486.11  2812.94  
Period   1 3471.08  1477.14  3722.23  2463.43  3502.95  2263.02  
Period   2 1281.85  4468.68  5508.71  4098.12  3635.66  858.402  
Period   3 6472.45  6685.12  7465.9  2179.66  3704.78  1774.92  
Period   4 5634.64  6459.12  5209.49  3912.1  3518.11  6605.39  
Period   5 2021.42  3841.29  4805.73  5115.74  6915.83  3272.37  
UNDS1
Period   0 -7135.33  -7948.97  -7779.76  -7519.48  -7595.51  -6190.12  
Period   1 -6394.06  -6414.31  -6455.27  -5127.32  -5066.12  -8865.6  
Period   2 -4912.18  -4772.27  -6037.85  -6096.74  -4975.37  -6534.61  
Period   3 -6789.77  -7167.9  -7030.84  -5962.59  -6297.62  -7308.15  
Period   4 -6761.44  -7458.98  -7312.01  -6178.13  -6849.78  -6819.8  
Period   5 -6586.7  -7625.34  -7071.95  -6866.1  -7433.66  -7567.58  
SCENARIO 9
UNDS0
Period   0 1692.15  3531.52  3533.96  2747.45  1683.96  3786.33  
Period   1 1945.97  787.87  5439.96  1943.81  3066.27  367.873  
Period   2 1033.84  4299.04  3842.78  4545.5  1134.33  1931.94  
Period   3 5406.9  4505.42  5014.45  6525  3427.24  2592.28  
Period   4 6927.04  7693.6  1909.8  7070.57  6936.59  6543.4  
Period   5 6204.8  5103.92  3638.64  5687.59  6226.61  3979.1  
UNDS1
Period   0 -6068.48  -7812.31  -6257.96  -6565.7  -6040.89  -8092.8  
Period   1 -5869.92  -7718.9  -8006.66  -5176.89  -10145.1  -6935.99  
Period   2 -6348.16  -6883.74  -4737.87  -5816.61  -6743.37  -5005.95  
Period   3 -6964.11  -7336.84  -6091.17  -7181.27  -6713.4  -6173.9  
Period   4 -6415.09  -7167.94  -7568.39  -6710.86  -6617.78  -7275.85  
Period   5 -7074.73  -6233.95  -6459.72  -7213.72  -6286.52  -6644.15  
SCENARIO 10
UNDS0
Period   0 3013.8  3170.28  3525.6  4167.42  2094.09  1198.57  
Period   1 678.753  2200.47  3484.12  1417.52  1380.99  4740.75  
Period   2 3442.11  6222.43  2047.07  3158.69  2936.27  802.852  
Period   3 5555.52  5715.49  3899.56  7151.7  2061.36  2022.5  
Period   4 4225.82  6586.31  7449.87  5211.65  5786.95  3228.4  
Period   5 2325.9  6795.3  4083.45  1915.58  3468.34  3528.61  
UNDS1
Period   0 -7758.77  -7082.95  -7569.28  -8030.35  -8113.14  -6599.63  
Period   1 -9311.97  -9661.66  -9349.63  -9873.45  -10214.5  -6305.28  
Period   2 -5286.65  -6768.52  -5530.9  -4853.98  -5677.73  -6558.7  
Period   3 -7176.92  -7027.09  -7515.66  -7412.52  -6195.64  -6863.23  
Period   4 -6144.84  -6518.38  -7293.47  -6271.75  -6220.4  -6687.12  
Period   5 -6419  -6050.59  -6557.36  -6608.45  -7168.14  -7225.45  
SCENARIO 11
UNDS0
Period   0 3591.05  2509.59  3970.02  2827.35  1850.4  2011.1  
Period   1 5936.02  1087.06  2294.59  2906.99  4339.18  5540.76  
Period   2 3127  4690.54  4971.58  3140.51  3331.67  838.078  
Period   3 2882.28  2437.35  2925.41  2870.31  7096.76  4990.96  
Period   4 4446.27  7359.72  5605.48  2385.1  2495.06  6692.76  
Period   5 6042.69  3577.84  4105.06  2684.77  6666.93  3705.91  
UNDS1
Period   0 -6932.87  -7883.15  -7076.7  -7822  -6270.1  -6783.04  
Period   1 -5385.93  -7903.08  -7804.13  -9398.09  -6875.37  -7084.32  
Period   2 -6153.12  -5331  -6824.07  -5881.99  -5901.37  -6928.93  
Period   3 -6270.99  -5876.53  -6485.74  -7095.05  -7298.65  -7146.5  
Period   4 -6406.76  -5988.94  -6587.57  -7458.12  -6015.22  -7566.39  
Period   5 -6363.7  -6657.69  -7212.36  -6682.91  -6685.79  -6684.78  
SCENARIO 12
UNDS0
Period   0 2724.02  2491.92  2485.99  1950.6  3899.92  2255.19  
Period   1 3720.19  2272.22  1563.65  3134.47  3372.52  3893.05  
Period   2 1390.37  2805.6  6666.88  4432.57  2848.13  1827.51  
Period   3 4711.05  1986.74  3730.03  6086.38  4071.37  3614.14  
Period   4 3689.22  3302.29  3050.99  4982.11  4949.5  5716.96  
Period   5 5480.68  5938.96  4407.03  3968.68  6057.4  4244.19  
UNDS1
Period   0 -6652.71  -6316.13  -6890.58  -5989.41  -6933.1  -6457.26  
Period   1 -8223.52  -7944.23  -6935.16  -7653.43  -7086.14  -6040.19  
Period   2 -5804.45  -6874.37  -4896.13  -5474.39  -5175.88  -7264.74  
Period   3 -7470.8  -7209.57  -6454.2  -6329.86  -6583.84  -5919.1  
Period   4 -6070.58  -6554.86  -6602.71  -6855.24  -6542.54  -7272.46  
Period   5 -7021.1  -6042.16  -7365.41  -6601.28  -7372.99  -7573.93  
SCENARIO 13
UNDS0
Period   0 1219.4  1622.21  2442.64  2158.16  1966.89  3856.93  
Period   1 504.835  3924.23  1961.87  6294.12  2868.37  4395.26  
Period   2 1393.04  3062.78  6524.17  4523.87  2770.62  1385.87  
Period   3 3250.47  2860.72  7501.22  4711.87  4187.55  2443.47  
Period   4 2511.62  6639.69  7289.5  2817.5  7227.21  2880.68  
Period   5 6841.31  2668.28  5936.57  5864.25  3148.09  4953.96  
UNDS1
Period   0 -6721.35  -7621.82  -6181.04  -7770.2  -7673.99  -7227.66  
Period   1 -9093.19  -5589.55  -9788.98  -8594.66  -9425.04  -6573.3  
Period   2 -7542.19  -5015.51  -6104.49  -6489.33  -6371.48  -5161.35  
Period   3 -5862.07  -6572.73  -7273.58  -7075.74  -6646.65  -6682.49  
Period   4 -6737.23  -6691.07  -7481.56  -6752.62  -7511.38  -6885.62  
Period   5 -6667.32  -7743.41  -7146.46  -6194.85  -6847.04  -6487.23  
SCENARIO 14
UNDS0
Period   0 2195.18  2450.03  3966.59  1399.95  2661.62  3288.59  
Period   1 4917.57  507.093  1419.69  3812.4  4896.31  5849.11  
Period   2 1514.23  3078.97  5813.78  5127.18  1369.24  2087.81  
Period   3 5162.2  5144.93  3260.67  5405.04  7208.24  3264.62  
Period   4 6992.19  7355.77  5930.35  7245.45  7678.4  1922.95  
Period   5 5304.42  5189.8  6336.92  4933.71  2672.5  4340.05  
UNDS1
Period   0 -6991.4  -7479.25  -6966.54  -8032.39  -8078.82  -7302.39  
Period   1 -8290.25  -10028.4  -9779.65  -10622.5  -6410.39  -7760.65  
Period   2 -7290.45  -6588.69  -5296.51  -6193.74  -6876.82  -7257.32  
Period   3 -7120.23  -6623  -5887.65  -6429.3  -6970.32  -6647.03  
Period   4 -6120.72  -6841.28  -6204.75  -6219.64  -6392.58  -7208.57  
Period   5 -7288.25  -7952.06  -6433.33  -7928.48  -6876.91  -7785.15  
SCENARIO 15
UNDS0
Period   0 1873.14  3674.81  1875.94  3589.56  2567.51  1391.64  
Period   1 875.794  3560.14  2440.45  6381.6  5296.81  2576.24  
Period   2 4206.57  1800.07  6239.5  2703.89  4310.06  813.5  
Period   3 2141.87  4394.65  2600  6221.79  6304.85  4870.76  
Period   4 3815.94  7871.66  3317.54  2745.65  2488.87  5121.98  
Period   5 6817.22  2177.54  5836.04  2545  2378.41  2691.59  
UNDS1
Period   0 -6261.87  -7575.59  -6279.39  -6331.23  -7757.53  -6325.92  
Period   1 -9886.98  -8989.88  -8132.02  -6757.17  -8398.93  -6692.39  
Period   2 -5422.55  -6069.3  -5831.74  -6855.7  -5442.85  -6294.79  
Period   3 -6461.57  -6129.08  -7263.47  -6268.04  -5894.85  -7370.95  
Period   4 -6624.93  -6428  -6121.02  -6704.32  -6471.94  -6588.83  
Period   5 -7290.38  -6745.08  -6218.6  -6174.25  -6182.85  -7009.26  
SCENARIO 16
UNDS0
Period   0 3297.26  3460.84  3462.43  4064.79  1189.63  1757.27  
Period   1 1105.63  5984.83  0.562476  3165.09  6088.13  4500.24  
Period   2 1277.52  3703.66  972.577  3014.58  4782.07  6143.28  
Period   3 1893.91  7330.62  3421.51  6615.33  7570.97  1725.73  
Period   4 4381.21  6365.26  3047  6339.58  6889.97  6707.46  
Period   5 4710.42  3644.41  3673.08  2374.03  6691.53  5780.76  
UNDS1
Period   0 -6253.97  -6216.51  -7413.21  -7263.86  -6472.98  -6544.35  
Period   1 -6937.08  -6298.83  -10626.2  -5833.99  -8702.47  -7689.43  
Period   2 -6115.67  -5308.43  -5692.3  -5477.49  -4795.75  -5720.48  
Period   3 -7450.81  -6708.72  -7222.6  -7227.49  -6006.62  -7107.25  
Period   4 -7239.29  -6509.94  -7149.82  -6094.42  -7627.5  -6667  
Period   5 -6717.61  -7603.78  -6432.44  -6329.04  -6424.17  -7797.85  
SCENARIO 17
UNDS0
Period   0 2262.92  2967.64  1442.12  3258.61  1611.29  1984.31  
Period   1 1540.67  945.618  4549.85  6201.75  4706.45  1848.77  
Period   2 2186.53  978.961  5793.16  3099.37  2085.33  2735.93  
Period   3 7326.17  2905.34  6695.3  5751.75  5839.92  4836.27  
Period   4 6418.84  4123.1  5725.41  4442.49  3764.11  3774.06  
Period   5 6378.7  2875.21  2926.81  3225.43  3917.51  4546.35  
UNDS1
Period   0 -7796.72  -6538.09  -6299.22  -6481.96  -7262.55  -6045.38  
Period   1 -6134.99  -10621.3  -9405.09  -8139.35  -10264.9  -10477.3  
Period   2 -6011.52  -5105.79  -6049.39  -7487.82  -4711.21  -5601.01  
Period   3 -6715.87  -6787.85  -7060.82  -6686.93  -5903.78  -6557.57  
Period   4 -6888.48  -7333.38  -7595.82  -7229.46  -6776.29  -7264.67  
Period   5 -6343.69  -6645.16  -6945.55  -7017.23  -6054.11  -6638.55  
SCENARIO 18
UNDS0
Period   0 4055.29  3097.63  2071.22  2774.15  2492.93  2016.19  
Period   1 3283.6  896.797  4443.13  5844.47  1505.2  5539.9  
Period   2 5907.78  1939.71  6484.92  1875.02  1726.83  2051.7  
Period   3 5532.33  7491.09  3853.36  6470.23  6531.09  5558.8  
Period   4 5105.12  4624.64  6498.21  4113.03  4662.66  2449.72  
Period   5 5725.7  5281.99  4041.82  3625.05  6174.49  6385.56  
UNDS1
Period   0 -7615.35  -7949.44  -6051.59  -6480.7  -5984.8  -6877.87  
Period   1 -6960.19  -6229.98  -6085.91  -5674.37  -5903.33  -10008.7  
Period   2 -6750.12  -7173.18  -7418.68  -4977.6  -6818.2  -6634.89  
Period   3 -6173.34  -7363.94  -7477.38  -7232.89  -5905.47  -6749.95  
Period   4 -6031.01  -7037.43  -6003.52  -6989.13  -7535.33  -7578.14  
Period   5 -6693.12  -7717.95  -6030.47  -6674.51  -6190.77  -7030.25  
SCENARIO 19
UNDS0
Period   0 3002.18  2878.64  3307.44  3491.28  2967.95  1262.07  
Period   1 2590.16  16.6525  3998.59  1071.2  3628.16  5344.09  
Period   2 3359.71  2346.42  5584.22  1492.38  3309.62  1762.77  
Period   3 3136.96  5385.01  6289.27  5735.47  7549.17  2901.84  
Period   4 2857.12  4807.34  8015.67  4977.75  3829.21  7953.49  
Period   5 4588.67  6565.76  4465.49  3708.38  5186.31  2375.31  
UNDS1
Period   0 -7689.92  -7286.51  -7215.08  -7016.15  -7235.32  -6801.53  
Period   1 -10107.4  -7514.04  -9745.68  -5931.8  -7141.12  -5508.59  
Period   2 -5049.04  -5731.67  -5882.75  -5085.08  -7564.39  -6098.69  
Period   3 -7555.18  -7277.56  -6162.1  -6185.9  -6413.31  -6055.34  
Period   4 -6667.52  -7277.07  -6095.47  -6645.35  -6529.18  -6131.62  
Period   5 -7270.59  -6126.91  -7347.07  -7769.73  -7428.01  -6810.3  
SCENARIO 20
UNDS0
Period   0 1309.85  2541.21  2628.76  4136.59  2599.91  1523.53  
Period   1 2420.71  5187.34  3952.73  4660.72  2881.25  2550.84  
Period   2 6631.63  1836.58  5689.39  2339.19  1598.91  1743.58  
Period   3 7527.85  6297.24  4933.39  4682.09  3295.29  3180.69  
Period   4 8176.1  5716.76  7165.29  5925.5  6593.1  2120.1  
Period   5 4964.61  4626.12  2288.54  7008.64  1953.37  4405.98  
UNDS1
Period   0 -8118.39  -7453.72  -6653.61  -5948.79  -6222.59  -6125.53  
Period   1 -8124.39  -8904.77  -7799.32  -5279.83  -10054  -6666.43  
Period   2 -5409.3  -6625.92  -7322.94  -6426.36  -6041.23  -5518.4  
Period   3 -7377.41  -6841.62  -6492.43  -6609.41  -5952.53  -7480.76  
Period   4 -6171.13  -6046.42  -6643.41  -6384.54  -6978.55  -6834.95  
Period   5 -7789.61  -6442.09  -6170.79  -7080.8  -6394.13  -6958.25  
SCENARIO 21
UNDS0
Period   0 3985.15  1758.44  2290.31  2104.08  3629.41  1639.21  
Period   1 2215.24  2689.06  5988.67  1800.79  1120.22  130.846  
Period   2 5304.91  2150.72  3315.68  6107.96  1225.75  877.204  
Period   3 5680.57  5991.69  2640.89  4165.24  5124.31  6700.7  
Period   4 6508.84  7650.23  5643.27  6439.04  3481.93  6564.72  
Period   5 6853.9  6837.31  4701.41  6560.26  6428.78  2174.22  
UNDS1
Period   0 -6388.35  -7460.78  -6289.7  -8005.75  -6211.56  -6111.23  
Period   1 -10720.4  -5072.22  -6838.89  -10608.5  -4874.01  -5933.62  
Period   2 -7482.38  -6117.95  -5073.03  -6933.15  -7165.96  -6369.48  
Period   3 -5894.95  -7321.75  -7354.88  -6831.51  -6400.76  -6262.48  
Period   4 -6278.78  -6816.41  -6834.86  -7177.74  -6259.64  -7528.82  
Period   5 -7932.52  -7668.02  -7236.56  -7160.66  -7804.99  -7415.31  
SCENARIO 22
UNDS0
Period   0 3941.31  1597.86  1690.5  3908.97  1378.08  2546.66  
Period   1 991.996  1036.65  3456.16  2587.68  1147.29  1321.68  
Period   2 3782.07  961.029  3121.54  2858.88  3387.18  1980.51  
Period   3 7485.48  7042.18  6707.87  7024.21  2976.39  3334.38  
Period   4 2458.22  2223.18  5371.45  3412.25  6428.81  4175.06  
Period   5 6491.41  3449.22  6525.59  3565.22  5296.39  6162.5  
UNDS1
Period   0 -7689.33  -6702.71  -7038.18  -6064.61  -6056.16  -7100.36  
Period   1 -6702.91  -9989.95  -8177.65  -6424.4  -10499.9  -8779.46  
Period   2 -7125.61  -6333.9  -6659.04  -6078.85  -7117.87  -6960.69  
Period   3 -6589.18  -7152.25  -7205.99  -6611.55  -6602.34  -6198.67  
Period   4 -6625.15  -6511.39  -7462.29  -7091.68  -6865.76  -6804.3  
Period   5 -6445.02  -7427.06  -7005.43  -6521.1  -6912  -6322.1  
SCENARIO 23
UNDS0
Period   0 1140.34  1464.75  3110.36  2600.58  3715.74  1577.03  
Period   1 2976.62  3907.75  3570.56  1593.22  4973.92  3455.56  
Period   2 4909.6  2885.59  3336.91  2441.15  4779.33  1162.89  
Period   3 4233.43  1792.21  3367.84  4790.57  3959.05  7129.35  
Period   4 6613.09  6552.52  5628.25  4406.12  6068.72  5678.5  
Period   5 5564.11  2162.6  5096.99  2339  3992.5  5260.74  
UNDS1
Period   0 -7025.41  -7001.04  -6162.12  -6868.04  -7800.21  -7182.68  
Period   1 -6416.61  -5852.48  -7328.78  -7375.14  -7231.71  -7141.52  
Period   2 -5554.86  -4920.85  -7441.17  -6686.38  -7490.53  -7376.17  
Period   3 -6643.6  -6597.06  -7419.7  -7357.3  -6448.93  -6987.84  
Period   4 -6505.51  -6123.39  -7540.82  -7466.77  -6875.04  -6547.45  
Period   5 -6191.39  -7878.8  -7621.13  -6749.15  -6289.41  -6195.55  
SCENARIO 24
UNDS0
Period   0 2654.23  1691.96  1863.28  1439.95  1527.95  1411.08  
Period   1 39.5579  3021.86  2406.14  6133.92  760.571  1420.73  
Period   2 933.591  5058.14  2005.55  2971.71  2958  5331.82  
Period   3 3134.44  4726.22  6644.72  7091.46  7299.7  3648.81  
Period   4 2371.24  4076.53  4862.74  2471.43  3064.72  2142.78  
Period   5 6803.17  7061.42  6249.82  2942.54  5531.03  3076.92  
UNDS1
Period   0 -6109.97  -7130.43  -7563.7  -6666.07  -7112.62  -7630.66  
Period   1 -5045.63  -9554.22  -8719.9  -9888.58  -10693.3  -5248.84  
Period   2 -7315.2  -6907.42  -5924.65  -6489.13  -6547.05  -6045.41  
Period   3 -6519.51  -6097.52  -7415.24  -7011.8  -7221.92  -6021.52  
Period   4 -6056.21  -6711.75  -6839.43  -6262.7  -6267.84  -7534.51  
Period   5 -6699.7  -6471.51  -6696.84  -7858.05  -7755.15  -7365.35  
SCENARIO 25
UNDS0
Period   0 3780.89  3106.23  1327.28  2926.42  3269.51  2119.33  
Period   1 1679.85  3317.2  1036.06  1488.97  4962.23  704.729  
Period   2 5546.16  3607.44  2680.41  3271.58  3941.6  877.903  
Period   3 3604.68  6925.86  3981.53  6038.95  3563.15  4391.81  
Period   4 4740.79  6881.58  7651.77  2131.79  7227.68  3234.8  
Period   5 5474.5  5686.83  2385.67  5978.65  2975.64  6952.81  
UNDS1
Period   0 -6498.08  -6889.99  -7127.37  -7687.81  -8160.51  -7726.51  
Period   1 -8411.15  -6620.34  -5615.46  -8724.96  -6274.35  -7082.31  
Period   2 -7485.28  -4755.41  -7597.67  -5002.01  -6699.55  -5383.82  
Period   3 -6399.88  -6758.91  -6853.09  -7136.45  -6829.67  -6869.43  
Period   4 -7449.27  -7414.43  -7015.32  -7319.01  -6256.22  -5982.7  
Period   5 -6439  -6827.98  -6339.89  -6264.5  -6289.78  -7620.48  
SCENARIO 26
UNDS0
Period   0 1832.78  2416.99  4061.71  3406.34  1157.28  1497.42  
Period   1 2495.09  5218.18  611.232  1768.59  2741.75  5668.61  
Period   2 3032.02  4755.49  6528.99  817.904  3674.46  805.596  
Period   3 3417.18  4769.13  7375.18  5464.37  6524.51  5426.62  
Period   4 7337.1  3213.02  7302.11  2235.3  4527.25  2056.68  
Period   5 5955.58  5376.51  5522.12  4805.97  5531.18  1927.03  
UNDS1
Period   0 -6234.99  -7859.91  -6361.63  -6093.28  -7334.86  -8023.58  
Period   1 -7710.06  -5463.71  -5255.75  -8487.61  -5163.8  -9181.91  
Period   2 -5428.89  -6775.29  -5602.46  -5190.52  -7114.86  -6442.91  
Period   3 -6093.19  -6344.17  -6900.46  -6215.36  -6161.66  -6516.13  
Period   4 -7619.85  -7558.18  -6533.78  -6904.76  -7432.64  -6718.32  
Period   5 -6491.64  -6914.36  -6801.06  -6617.57  -7469.32  -6381.49  
SCENARIO 27
UNDS0
Period   0 2163.12  4061.64  2022.93  3297.86  1953.64  2203.42  
Period   1 2256.33  3860.74  992.782  2338.98  4935.44  6078.69  
Period   2 2739.92  3744.96  1852.09  2515.21  1835.49  4320.39  
Period   3 2344.36  4194.1  7031.14  5323.31  3577.21  6623.16  
Period   4 2440.29  5764.38  2854.49  3431.12  2233.58  6581.64  
Period   5 5721.24  6772.31  2000.76  1926.2  5690.33  6592.26  
UNDS1
Period   0 -7593.64  -6559.92  -8165.58  -7843.05  -7310.68  -6104.9  
Period   1 -10599.9  -10692.5  -5036.85  -10129.6  -10444.9  -8210.57  
Period   2 -5397.24  -5601.6  -5669.31  -6471.97  -6689.29  -5628.81  
Period   3 -5990.52  -7361.47  -7319.13  -6076.04  -6825.37  -6368.17  
Period   4 -6122.02  -6612.23  -6713.29  -7143.53  -7494.7  -6719.84  
Period   5 -7129.48  -7104.18  -7272.05  -6887.68  -6156.97  -6639.88  
SCENARIO 28
UNDS0
Period   0 1399.48  1312.69  2549.73  3269.26  2969.49  1802.43  
Period   1 3636.92  115.205  6288.44  1287.53  466.17  5411.45  
Period   2 6435.38  1725  2964.71  5133.91  2602.29  992.588  
Period   3 5684.56  3447.99  2597.55  6219.73  2333.63  1610.7  
Period   4 3229.4  6981.78  3400.98  5816.01  7326.07  1929.25  
Period   5 5514.31  4044.5  6338.22  4549.82  2358.54  2671.33  
UNDS1
Period   0 -6905.15  -7633.51  -8108.69  -6516.05  -7992.25  -7299.63  
Period   1 -4904.35  -6947.21  -9738.37  -7033.55  -7962.82  -5010.25  
Period   2 -5331  -6053.64  -5393.74  -4727.07  -6698.41  -7460.12  
Period   3 -6043.99  -6369.62  -7562.85  -7011.46  -7500.31  -7444.19  
Period   4 -7127.4  -6709.78  -6631.06  -6280.4  -6901.21  -7142.43  
Period   5 -7801.7  -7765.49  -6581.58  -7115.33  -7046.71  -6830.98  
SCENARIO 29
UNDS0
Period   0 2500.44  2240.96  4066.92  3592.96  3291.61  1591.92  
Period   1 2599.59  2071.92  5397.86  1837.18  6358.75  2617.17  
Period   2 1689.28  5506.11  2102.86  6134.15  2044.77  1404.94  
Period   3 4068.61  3112.86  4964.96  4211.27  2004.14  5467.63  
Period   4 7466.02  6394.05  3654.13  7674.43  4357.26  2641.05  
Period   5 5677.29  3620.46  2934.59  2293.74  2957.56  6727.38  
UNDS1
Period   0 -8081.04  -7140.63  -6162.8  -7132.61  -7155.92  -7269.31  
Period   1 -7940.34  -10385.5  -5121.26  -4930.71  -8424.81  -5173.55  
Period   2 -5823.26  -5228.09  -5354.14  -5743.32  -6683.81  -7150.02  
Period   3 -6298.36  -6145.73  -6930.63  -6416.55  -5907.43  -6246.73  
Period   4 -7335.09  -7210.95  -6627.28  -7421.29  -6600.47  -7160.83  
Period   5 -7829.78  -6318.63  -7581.83  -6065.15  -6364.73  -6608.54  
SCENARIO 30
UNDS0
Period   0 2025.57  1238.63  3389.31  2687.56  2297.36  3398.05  
Period   1 4286.87  3869  218.218  5629.48  449.71  3483.71  
Period   2 3494.86  1345.08  3383.46  3888.66  3242.44  1906.04  
Period   3 5925.84  2637.14  1731.66  1546.13  3485.35  1945.18  
Period   4 6606.45  3015.56  2688.69  2235.53  6688.85  2322.79  
Period   5 3614.46  4817.72  5243.02  6042.15  6014.3  5034.02  
UNDS1
Period   0 -7871.84  -7730.68  -6104.16  -7785.09  -6760.11  -6569.46  
Period   1 -9657.22  -5492.39  -10533  -7639.36  -5482.55  -7683.11  
Period   2 -7166.41  -7001.9  -4923.99  -6857.14  -5224.5  -7540.92  
Period   3 -7291.89  -6798.23  -6962.13  -6185.39  -6928.75  -6616.12  
Period   4 -6625.06  -6143.15  -7592.4  -7425.34  -6280.64  -6362.69  
Period   5 -7705.24  -6482.91  -7320.54  -7806.22  -7736.43  -7897.64  
SCENARIO 31
UNDS0
Period   0 1927.37  2258.31  3420.5  1957.15  1204.93  1930.93  
Period   1 1158.33  5739.96  801.132  3274.12  5027.4  5366.44  
Period   2 4975.32  1749.92  4228.56  3519.27  2238.69  2822.34  
Period   3 3786.19  1839.24  5005.45  3208  2032.22  2610.42  
Period   4 6599.97  5911  7839.68  2044.33  4816.55  8253.48  
Period   5 3389.54  3548.01  2674.24  5118.58  6021.37  3112.13  
UNDS1
Period   0 -6373.65  -7903.76  -6804.92  -6234.68  -7022.03  -7735.93  
Period   1 -8784.95  -6176.36  -6084.47  -5102.43  -7973.89  -7791.36  
Period   2 -7442.17  -5003.86  -5079.93  -6183.4  -5266.24  -5273.08  
Period   3 -7093.29  -6284.3  -7325.83  -6923.47  -6404.93  -6863.41  
Period   4 -6786.4  -7470.54  -7269.1  -6746.51  -6283.1  -7265.55  
Period   5 -7858.38  -7024.34  -6146.54  -6601.42  -7485.88  -7896.99  
SCENARIO 32
UNDS0
Period   0 4027.06  1820.55  2782.54  4196.05  2716.81  1667.97  
Period   1 2063.02  2292.55  5327.52  3648.18  1752.97  1890.9  
Period   2 3961.07  6289.15  2491.84  4279.81  1102.4  846.885  
Period   3 7677.08  4155.32  7178.55  5610.71  6260.52  5288.77  
Period   4 5791.92  5894.22  4778.56  2694.52  5894.02  4819.47  
Period   5 4491.79  4664.57  5877.08  4834.21  5056.99  4905.63  
UNDS1
Period   0 -8154.24  -6423.3  -7924.66  -7974.63  -7661.49  -6871.11  
Period   1 -7407.69  -8091.78  -6590.87  -7713.03  -6298.74  -5795.42  
Period   2 -7159.45  -6635.96  -5389.52  -7550.54  -7438.51  -5764.49  
Period   3 -7537.11  -7383.5  -5938.82  -6195.54  -6617.37  -6438.09  
Period   4 -7488.32  -6144.77  -7432.47  -6953.4  -6973.61  -6987.53  
Period   5 -7062  -7240.68  -7697.99  -6077.45  -7104.98  -6956.76  
SCENARIO 33
UNDS0
Period   0 3342.73  1306.19  3684.98  1516.67  2053.14  2721.68  
Period   1 4877.19  5484.88  2841.52  1563.81  1217.4  1777.82  
Period   2 3020.92  3842.23  1492.61  5281.55  5144.74  814.775  
Period   3 3196.17  4754.26  7106.84  7356.91  5089.41  2755  
Period   4 8055.46  7794.8  6887.56  7027.35  3344.86  2395.55  
Period   5 6244.47  5464.47  3419.32  4294.35  5368.05  3077.35  
UNDS1
Period   0 -8097.66  -6858.66  -8163.36  -6144.99  -7345.59  -6299.21  
Period   1 -7087.02  -4982.79  -8775  -7736.43  -9478.59  -7916.87  
Period   2 -7491.06  -5984.46  -5799.31  -7204.17  -6926.86  -5228.41  
Period   3 -6338.16  -5933.47  -7243.23  -7540.27  -6417.59  -7438.41  
Period   4 -7610.77  -7516.21  -6111.75  -6325.67  -7267.16  -6883.53  
Period   5 -7921.38  -6822.95  -7722.81  -6072.49  -6347.33  -7092.02  
SCENARIO 34
UNDS0
Period   0 3421.59  3994.1  2851.67  2112.88  2351.07  2005  
Period   1 6009.45  5036.12  1408.75  1229.38  1255.48  4592.94  
Period   2 4578.07  5304.19  3301.64  4709.99  1319.75  836.795  
Period   3 6106.85  2308.18  3334.47  5226.91  6020.64  4198.1  
Period   4 4105.26  5450.08  1926.01  3832.48  5719.75  7737.89  
Period   5 5117.35  3523.64  6114.71  6025  3637.94  6582.15  
UNDS1
Period   0 -8016.67  -6443.06  -7351.42  -5995.68  -6379.92  -6503.71  
Period   1 -8280.3  -9483.48  -6325.31  -8185.94  -5549.23  -8361.14  
Period   2 -5163.34  -6271.62  -7022.12  -5563.17  -5615.16  -4775.49  
Period   3 -6127.27  -7173.17  -6095.74  -6240.18  -6678.76  -6983.64  
Period   4 -6883.21  -6074.29  -7555.09  -6906.38  -6573.32  -7249.5  
Period   5 -7275.4  -7382.54  -7301.57  -7693.21  -6728.96  -6935.49  
SCENARIO 35
UNDS0
Period   0 3552.72  3666.56  1957.96  3563.34  1206.48  1344.13  
Period   1 6321.56  3102.83  6058.18  3865.08  5500.59  1919.44  
Period   2 5740.45  3982.64  4509.24  4087.93  814.432  961.232  
Period   3 7365.45  3865.41  4879.77  5163.72  2551.08  5046.67  
Period   4 5750.18  3127.94  6060.65  2070.97  2671.22  4762.33  
Period   5 2976.04  4102.04  5193.26  6475.06  2385.15  6199.46  
UNDS1
Period   0 -7264.7  -7380.56  -8067.32  -6906.36  -6087.29  -7072.34  
Period   1 -4983.32  -7881.9  -5622.54  -6173.58  -5507.98  -8668.14  
Period   2 -5901.43  -6384.77  -5350.69  -6900.39  -6994.28  -6573.91  
Period   3 -6202.34  -6488.71  -6175.42  -6980.3  -7016.81  -6534.36  
Period   4 -7180.28  -7257.23  -6192.18  -6924.52  -6256.56  -7602.85  
Period   5 -6489.57  -6404.51  -6341.84  -7043.08  -7870.81  -7113.47  
SCENARIO 36
UNDS0
Period   0 3087.23  2496.34  2900.03  2390.06  1936.78  1935.84  
Period   1 2530.73  644.104  1401.53  5567.49  3055.67  4618.37  
Period   2 1733.13  4316.97  5221.5  3004.47  981.371  2312.6  
Period   3 4707.83  7539.25  4082.89  6817.51  6168.11  5096.88  
Period   4 6739.83  5974.25  3559.05  7543.03  3434.18  3328.74  
Period   5 6255.39  6145.06  4392.18  5342.73  3966.5  5635.11  
UNDS1
Period   0 -6935.3  -7083.77  -6774.48  -7948.41  -6414.04  -7828.06  
Period   1 -5819.7  -6491.25  -5956.71  -10244.6  -8211.05  -6320.7  
Period   2 -5507.29  -5238.89  -6383.22  -5000.12  -7002.62  -7161.13  
Period   3 -6967.18  -7198.29  -7314.44  -6459.09  -6263.36  -6113.05  
Period   4 -6542.47  -7588.33  -5954.87  -6124.37  -6863.15  -6142.99  
Period   5 -6020.27  -7905.25  -7944.48  -6712.67  -6139.73  -7951.97  
SCENARIO 37
UNDS0
Period   0 1666.39  1153.23  1781.04  1698.56  2272.58  3927.38  
Period   1 3850.69  4075.51  1044.87  2332.47  3737.23  6342.62  
Period   2 3075.7  3229.22  3373.76  5816.11  1230.7  1425.34  
Period   3 5319.88  1927.11  1575.13  3633.96  4497.74  6331.35  
Period   4 1959.11  6528.38  4180.79  4989.62  6268.72  7126.89  
Period   5 2552.15  6001.61  4285.48  4216.75  2600.94  4968.69  
UNDS1
Period   0 -6344.87  -6232.24  -7575.36  -6129.06  -7074.55  -6512.29  
Period   1 -10554.5  -7194.63  -6711.35  -6624.62  -7674.39  -10356.7  
Period   2 -6082.95  -7370.24  -4994.58  -5928.51  -5517.83  -5192.03  
Period   3 -6517.52  -7014.83  -6357.87  -6244.49  -7193.76  -6942.03  
Period   4 -6721.47  -6853.32  -6919.59  -7524.96  -7165.51  -6352.67  
Period   5 -6441.79  -7788.75  -7057.41  -7886.31  -7179.32  -6688.43  
SCENARIO 38
UNDS0
Period   0 3708.15  3784.69  1182.92  3446.53  1426.35  3412.58  
Period   1 743.471  3884.59  5555.8  422.402  26.4509  4517.04  
Period   2 3265.24  5999.16  3044.68  2706.69  817.513  3232.36  
Period   3 5163.77  4548.02  2786.82  1872.33  1973.14  2369.44  
Period   4 7577.92  6186.71  4743.14  2273.95  6737.93  4357.74  
Period   5 3588.95  6732.3  2243.4  2000.8  2256.5  4113.09  
UNDS1
Period   0 -6209.26  -6921.81  -6193.67  -7486.87  -6375.34  -6640.53  
Period   1 -10468.1  -7894.92  -8273.46  -7024.76  -10131  -8189.32  
Period   2 -7473.18  -5068.95  -7405.91  -5068.45  -6703  -7550.98  
Period   3 -6179.77  -6101.6  -6444.31  -7394.44  -6492.67  -7266.93  
Period   4 -6763.18  -7155.37  -7564.83  -7532.89  -6742.79  -6592.27  
Period   5 -6717.3  -6208.92  -6757.89  -7139.45  -7702.35  -6440.9  
SCENARIO 39
UNDS0
Period   0 2315.29  4025.52  3335.14  2887.12  2865.61  1232.71  
Period   1 1057.59  32.9475  3965.9  1070.04  3596.32  3232.33  
Period   2 2592.75  2956.74  2305.69  931.389  4087.58  6676.56  
Period   3 3332.7  3080.16  2128.66  5678.46  5118.18  4968.98  
Period   4 7687.3  4077.77  8228.86  7502.99  3276.8  4390.75  
Period   5 2808.27  5122.71  6208.66  4013.28  6423.59  3838.95  
UNDS1
Period   0 -6612.06  -7238.61  -6250.29  -6023.63  -7575.05  -7431.42  
Period   1 -9537.04  -6921.77  -9818.85  -6711.81  -9101.05  -6998.96  
Period   2 -6187.53  -4780.66  -5702.09  -5503.22  -4757.38  -6344.84  
Period   3 -6290.26  -7041.94  -6400.73  -6872.31  -6451.08  -7211.6  
Period   4 -6134.94  -7420.53  -7215.59  -6531.02  -5956.82  -6563.61  
Period   5 -6531.77  -7675.48  -5997.02  -7432.95  -6127.2  -6344.18  
SCENARIO 40
UNDS0
Period   0 2517.18  2878.68  1927.62  3035.64  2944.46  1375.61  
Period   1 5728.86  4485.82  303.792  2684.9  579.471  3358.47  
Period   2 905.573  3330.86  4439.22  5578.37  4295.45  1109.07  
Period   3 6263.63  7373.1  3075.23  2180.38  4371.79  2512.24  
Period   4 6601.24  4829.13  2342.25  6086.71  7421.58  3740.29  
Period   5 2244.52  3793.09  4312.42  4097.09  5381.25  4205.88  
UNDS1
Period   0 -6007.62  -6587.44  -7346.41  -6221.52  -7214.11  -6917.83  
Period   1 -6894.17  -6695.83  -9314.24  -6034.63  -5153.21  -7380.88  
Period   2 -5949.26  -6052.29  -7196.11  -5532.82  -6938.71  -5990.67  
Period   3 -6056.51  -7540.69  -6259.23  -5934.21  -6575.56  -6437.99  
Period   4 -6837.81  -7531.72  -7037.81  -6918.91  -6225.87  -6328.35  
Period   5 -6665.59  -7875.09  -6181.18  -6819.91  -6420.72  -7100.44  
SCENARIO 41
UNDS0
Period   0 3629.92  3370.28  3285.19  2379.61  2009.91  2715.34  
Period   1 2508.94  5075.15  6123.09  3993.51  5876  5798.47  
Period   2 3654.15  1552.61  1562.1  1930.22  1631.95  1946.11  
Period   3 5662.69  2155.48  7291.54  6028.6  4788.79  3340.39  
Period   4 2873.86  4768.4  2012.76  2627.75  7113.31  2189.32  
Period   5 3894.2  5772.93  6898.72  4423.48  6664.4  2264.09  
UNDS1
Period   0 -6499.21  -7362.17  -6489.73  -6313.06  -7976.36  -6457.45  
Period   1 -5260.01  -5087.64  -8069.33  -6309.57  -6809.92  -9953.67  
Period   2 -7199.62  -5077.58  -6548.29  -5932.2  -7495.29  -7542.11  
Period   3 -7047.29  -6665.32  -6515.13  -5969.7  -6628.58  -6337.95  
Period   4 -6679.99  -6553.79  -7392.85  -7445.72  -7015.63  -7164.19  
Period   5 -7401.36  -7526.97  -7620.04  -7790.67  -6341.43  -7145.46  
SCENARIO 42
UNDS0
Period   0 1660.12  3038.98  2193.86  1312.27  1406.09  4123.52  
Period   1 4897.83  5300.34  3502.34  5089.37  5688.16  127.354  
Period   2 1138.77  3808.54  4005.24  5064.91  1536.95  3767.3  
Period   3 5430.6  6939.96  1791.56  5092.54  2269.43  5661.39  
Period   4 3803.24  3186.08  4021.13  6714.2  2579.27  2117.68  
Period   5 7041.79  2512.53  3886.22  2358.7  6994.83  2747.32  
UNDS1
Period   0 -7093.37  -6544.82  -7422.04  -6333.71  -6211.7  -6683.9  
Period   1 -10144.2  -9827.41  -9678.9  -8563  -10010.2  -6789.33  
Period   2 -7510.09  -7380.36  -4781.7  -5998.57  -4920.14  -4810.9  
Period   3 -7529.9  -7376.83  -6536.09  -6984.75  -7353.12  -6785.14  
Period   4 -5968.09  -7593.84  -6679.37  -6243.01  -7470.49  -6115.88  
Period   5 -6474.74  -7843.36  -6307.2  -7043.36  -6636.28  -6882.37  
SCENARIO 43
UNDS0
Period   0 3688.88  1705.47  1233.22  3200.48  2091.76  3816.67  
Period   1 666.106  1527.36  6289.84  6301.8  526.116  2297.26  
Period   2 5213.26  2118.09  4461.44  5567.44  1068.28  862.68  
Period   3 6663.9  5416.99  3050.26  6238.91  4618.61  5786.02  
Period   4 5995.24  4746.57  2252.97  8200.23  3001.62  7961.17  
Period   5 5012.96  6328.23  5063.44  3848.04  3404.25  6495  
UNDS1
Period   0 -7955.47  -6563.07  -6492.85  -6055.29  -7741.39  -6342.94  
Period   1 -9066.31  -5539.13  -5818.44  -7471.93  -10428.9  -7140.36  
Period   2 -5369.67  -5702.04  -7012.08  -6303.22  -7199.12  -6569.35  
Period   3 -6084.17  -6333.31  -7092.15  -6447.64  -5975.88  -7212.17  
Period   4 -7619.36  -7608.44  -7097.72  -6004.48  -7470.78  -6559.09  
Period   5 -7036.91  -7145.08  -6424.82  -6893.36  -6901.98  -6442.86  
SCENARIO 44
UNDS0
Period   0 2358.11  2092.18  1327.8  1595.73  3361.35  1408.44  
Period   1 2469.2  6379.89  198.432  5069.03  6232.97  1460.63  
Period   2 4569.6  6618.86  2853.36  1923.83  1408.04  1767.05  
Period   3 7537.57  3890.23  2229.57  7115.77  2728.32  4912.72  
Period   4 2518.96  5221.59  6503  5501.65  3244.84  6552.11  
Period   5 3023.44  6215.5  2397.7  2245.63  2453.1  6080.75  
UNDS1
Period   0 -7293.88  -6911.74  -7099.97  -7614.37  -7992.37  -6071.77  
Period   1 -8820.23  -7360.32  -6317.76  -7313.67  -9517.62  -9648.38  
Period   2 -6632.98  -6625.84  -5727.58  -7462.44  -7356.25  -7219.99  
Period   3 -6242.82  -6936.26  -7222.96  -6280.48  -5996.49  -7250.3  
Period   4 -6229.24  -7157.52  -6882.85  -7501.56  -6055.46  -7030.95  
Period   5 -7323.84  -7487.43  -6247.23  -6834.47  -7144.1  -7341.88  
SCENARIO 45
UNDS0
Period   0 3521.44  1679.03  1138.4  2480.62  1598.5  3108.58  
Period   1 814.487  2059.7  1994.11  5780.64  4808.14  58.926  
Period   2 6683.13  3417.27  5687.77  1534.38  1052.26  809.769  
Period   3 5375.63  1807.75  6188.69  6790.2  5363.39  4329.61  
Period   4 2766.16  5603.63  7614.54  2723.46  5874.44  2535.66  
Period   5 6152.64  3692.9  6287.39  4253.38  4326.47  6079.93  
UNDS1
Period   0 -7284.64  -6581.2  -6918.92  -7704.39  -7254.62  -7329.67  
Period   1 -7729.35  -6264.78  -7940.4  -9906.91  -5100.1  -6958.61  
Period   2 -6361.04  -7426.42  -6151.43  -7275.39  -6540.25  -6103.5  
Period   3 -5877.32  -7449.68  -6998.67  -6605.61  -7395.7  -6816.15  
Period   4 -6640.06  -5955.37  -6931.2  -6944.79  -6458.35  -7513.64  
Period   5 -6504  -6852.27  -6496.68  -7181.16  -6336.74  -6615.69  
SCENARIO 46
UNDS0
Period   0 4016.21  3515.72  1979.59  1627.77  2524.94  2018.09  
Period   1 4722.71  5403.14  1577.26  2036.07  3049.58  1263.32  
Period   2 2730.97  5888.97  1836.81  1587.77  5111.33  1420.64  
Period   3 3495.23  3897.3  5599.28  2673.13  4754.72  2985.68  
Period   4 2145.01  4563.34  4322.6  7658.98  2881.55  6086.23  
Period   5 6711.45  6011.7  2491.82  2995.8  4004.02  6513.74  
UNDS1
Period   0 -7094.35  -6416.43  -7257.22  -7981.99  -7876.71  -6427.81  
Period   1 -8288.57  -5699.34  -6892.64  -8487.55  -5388.06  -6339.83  
Period   2 -5721.4  -5361.15  -6649.09  -6145.85  -4902.61  -5073.58  
Period   3 -6074.69  -6524.18  -6071.27  -6913.32  -6879.68  -6173.12  
Period   4 -6440.66  -6107.42  -6531.02  -7260.78  -6947.2  -6636.95  
Period   5 -6915.25  -7619.27  -6519.25  -6091.78  -6146.95  -6738.51  
SCENARIO 47
UNDS0
Period   0 1938.81  3222.46  2334.31  2575.94  1624.92  1366.97  
Period   1 4993.65  5301.38  3939.2  5721.3  5881.23  3466.85  
Period   2 1108.53  5583.84  5186.98  2517.53  4352.81  1129.88  
Period   3 7624.08  3270.19  4716.14  6908  5370.86  4527.65  
Period   4 5205.85  2379.35  5391.25  3196.09  4538.27  4801.26  
Period   5 5919.19  5868.2  3542.45  1955.35  3083.25  5709.45  
UNDS1
Period   0 -6016.6  -6925.66  -8010.75  -7218.21  -6551.73  -7625.78  
Period   1 -9810.44  -6816.35  -6740.97  -7712.29  -9843.16  -7928.76  
Period   2 -7146.71  -5736.21  -7466.97  -6187.05  -5950.36  -4937.88  
Period   3 -5855.39  -7404.42  -6757.84  -6040.08  -6269.16  -6006.17  
Period   4 -7606.18  -7033.75  -7575.48  -6823.73  -6341.23  -6771.3  
Period   5 -7457.53  -6438.91  -7631.58  -6384.99  -7265.53  -7377.46  
SCENARIO 48
UNDS0
Period   0 2544.2  3354.59  1289.58  3365.15  2670.67  2971.32  
Period   1 2754.15  2219.98  5693.19  1700.75  5478  4961.36  
Period   2 3669.17  6486.97  4733.14  1654.99  976.212  1149.91  
Period   3 3155.09  6141.35  5042.55  5429.02  5954.25  5542.33  
Period   4 3955.33  3722.46  5614.92  4182.41  2977.94  6504.01  
Period   5 4023.38  3111.84  6409.16  3465.58  3246.45  4110.77  
UNDS1
Period   0 -6967.1  -7597.51  -6013.78  -6476.76  -6001.37  -7176.73  
Period   1 -9479.04  -6724.69  -6696.46  -9509.36  -10603  -9891.98  
Period   2 -5478.68  -7289.98  -6927.15  -6867.04  -5651.59  -5703.03  
Period   3 -6520.73  -7050.69  -5914.3  -7561.24  -7109.01  -6651.62  
Period   4 -7537.56  -6752.01  -6158.72  -6049.39  -7347.44  -7093.96  
Period   5 -7665.98  -6887.69  -6337.34  -7132.71  -7521.56  -6310.67  
SCENARIO 49
UNDS0
Period   0 1551.02  3290.06  1929.56  2992.44  2905.86  2919.66  
Period   1 640.645  548.348  2540.22  4862.64  6373.86  1086.4  
Period   2 3691.49  2453.87  5062.47  1110.23  1854.6  2701.93  
Period   3 4811.17  7086.89  6239.37  6735.21  2102.74  5021.34  
Period   4 7706.28  5803.77  3416  5698.08  7115.27  3906.58  
Period   5 3517.96  3773.3  2912.32  3185.85  2691.59  3444.31  
UNDS1
Period   0 -8006.66  -6471.18  -7062.18  -6423.48  -7045.94  -6645.12  
Period   1 -9995.48  -7037.89  -9953.42  -9552.82  -9109.63  -8318.73  
Period   2 -5651.5  -7529.61  -4837.62  -6700.08  -5801.97  -6830.91  
Period   3 -7505.4  -7464.44  -6346.35  -6356.71  -7103.69  -6558.06  
Period   4 -6923.15  -7175.99  -7208.36  -6386.43  -7062.56  -6552.98  
Period   5 -7790.32  -6745.42  -7054.13  -7219.1  -7693.38  -6419.49  
SCENARIO 50
UNDS0
Period   0 2885.07  2416.82  1736.95  3167.31  1295.05  2694.26  
Period   1 4932.53  4531.18  4073.27  457.884  2024.2  5411.03  
Period   2 6405.28  1351.37  840.647  858.33  2521.8  3278  
Period   3 5507.89  6538.57  5906.18  3411.94  4503.63  5033.94  
Period   4 2940.84  2655.91  5161.95  5942.32  4838.86  3945.06  
Period   5 6645.09  3915.49  4212.95  4173.46  2929.78  3613.97  
UNDS1
Period   0 -6236.11  -6161.17  -7287.16  -5960.45  -7032.05  -7361.54  
Period   1 -6630.8  -9544.79  -6603.28  -9041.52  -6992.51  -8678.86  
Period   2 -6984.03  -5908.28  -7167.84  -6559.9  -5059.56  -5784.15  
Period   3 -6480.7  -6977.54  -6869.26  -5940.48  -6819.73  -6793.1  
Period   4 -6580.88  -6002.3  -7409.57  -7204.79  -6558.84  -7539.16  
Period   5 -6162.71  -7895.65  -7041.78  -7732.32  -7339.62  -7121.39  
SCENARIO 51
UNDS0
Period   0 3635.05  1450.45  2872.13  1619.34  4038.03  3034.28  
Period   1 4298.07  508.937  2237.45  903.143  587.919  2962.47  
Period   2 4554.26  6497.12  2263.43  1447.34  4458.2  806.855  
Period   3 2191.12  5964.39  6224.52  6932.87  2724.82  5383.79  
Period   4 7060.6  3829.56  2204.47  7319.27  7328.72  2471.24  
Period   5 3435.25  5922.64  5989.95  2108.81  6964.91  2219.38  
UNDS1
Period   0 -7529.07  -8015.16  -6826.26  -6590.48  -7084.98  -6405.56  
Period   1 -6000.46  -8496.02  -10365.6  -9318.69  -10519.5  -6863.69  
Period   2 -4711.89  -5128.44  -5782.52  -7494.78  -5345.31  -5966.17  
Period   3 -6234.69  -6547.96  -6745.47  -7256.89  -6786.52  -6366.65  
Period   4 -6182.7  -6474.88  -6404.01  -6736.39  -6964.21  -7270.26  
Period   5 -6940.88  -6538.59  -7711.06  -6067.92  -6875.68  -6321.47  
SCENARIO 52
UNDS0
Period   0 2010.48  2389.94  1364.54  4083.95  1495.87  2355.01  
Period   1 2228.1  310.966  1211.17  3982.28  5647.3  894.86  
Period   2 2692.67  3746.75  2127.09  6502.75  3748.79  835.235  
Period   3 4791.86  7698.32  7244.04  3540.9  1950.64  7586.26  
Period   4 8243.79  5350.38  5782.72  3339.4  3149.89  5046.22  
Period   5 3434.4  4344.5  6546.62  3047.08  6849.83  5836.45  
UNDS1
Period   0 -6564.11  -8164.55  -6497.62  -7510.92  -7493.35  -6849.27  
Period   1 -7933.32  -10047.5  -5556.98  -5217.68  -8615.71  -10550.6  
Period   2 -6901.37  -5219.19  -6641.64  -7194.27  -5892.82  -5233.18  
Period   3 -7139.85  -6938.17  -7126.22  -6495.32  -6064.25  -6905.16  
Period   4 -6155.72  -7030.23  -6193.22  -7536.65  -6957.51  -6081.48  
Period   5 -7263.31  -6129.1  -6517.28  -6592.5  -7055.97  -7031.03  
SCENARIO 53
UNDS0
Period   0 2835.81  2310.67  1816.3  3078.24  2315.62  2180.17  
Period   1 5441.74  3908.19  5018.6  2097.37  1737.72  1641.05  
Period   2 4075.67  4533.87  6685.13  2877.31  843.738  1003.65  
Period   3 6551.88  2640.94  5498.36  7456.57  5560.59  2656.87  
Period   4 4868.5  7344.79  6683.06  8010  4069.38  5409.59  
Period   5 2867.49  6023.73  4151.94  5329.63  5661.34  1901.63  
UNDS1
Period   0 -6153.02  -7858.95  -6875.5  -6287.34  -7425.95  -7345.76  
Period   1 -6140.36  -5768.79  -5603.93  -6440.39  -5200.42  -9370.47  
Period   2 -6023.4  -4983.77  -7093.6  -6238.64  -6626.58  -4785.15  
Period   3 -7192.08  -7491.83  -5899.68  -5894.12  -5857.74  -6593.34  
Period   4 -7551.59  -6039.48  -6190.75  -7226.35  -7195.07  -7025.6  
Period   5 -7197.23  -7909.4  -6272.53  -6462.28  -7530.18  -7665.84  
SCENARIO 54
UNDS0
Period   0 3520.74  3759.18  3866.77  2900.11  2190.86  1157.55  
Period   1 3543.65  6213.31  1302.07  2004.18  141.525  3195.88  
Period   2 1305.57  1945.86  3384.33  4349.74  4734.38  956.021  
Period   3 4933  2546.05  4100.78  2890.17  4791.31  7520.45  
Period   4 2170.8  5826.39  4479.5  8090.25  6270.03  5520.05  
Period   5 2548.8  5440.32  3416.19  2134.37  6702.1  4793.31  
UNDS1
Period   0 -7950.91  -8051.89  -7497.42  -6938.79  -6690.75  -7225.14  
Period   1 -5480.58  -8938.53  -7908.79  -5870.21  -7185.71  -8737.11  
Period   2 -7180.28  -5910.75  -6123.35  -6313.96  -7061.3  -6358.82  
Period   3 -5903.04  -6892.56  -6032.13  -6539.44  -6826.3  -7152.33  
Period   4 -7262.55  -6416.79  -7431.51  -6616.18  -6032.39  -7062.44  
Period   5 -6681.8  -7446.19  -6911.61  -7472.41  -6665.13  -7185.12  
SCENARIO 55
UNDS0
Period   0 1604.95  3460.34  1265.11  1681.53  1831.22  1886.91  
Period   1 3116.33  2774.91  5342.4  4297.63  2160.73  1811.14  
Period   2 4510.05  2624.28  4885.9  6157.2  1010.27  851.214  
Period   3 6816.26  1788.63  2226.41  7026.46  4438.1  7680.16  
Period   4 6834.47  5211.96  8207.79  7793.24  7215.46  1900.17  
Period   5 7025.33  3392.67  5971.54  6215.35  6256.22  2623.52  
UNDS1
Period   0 -6401.61  -6762.57  -6169.1  -6482.29  -6487.86  -7070.96  
Period   1 -10657.5  -5167.35  -9777.1  -6967.52  -9673.83  -6369.92  
Period   2 -6347.37  -4731.14  -6474.07  -5957.01  -6420.43  -6889.61  
Period   3 -7092.66  -6365.4  -7232.85  -6737.34  -5886.84  -6174.5  
Period   4 -7441.51  -7437.26  -6030.13  -5986.4  -7503.41  -6052.35  
Period   5 -7071.18  -6827.77  -6491.33  -6912.27  -7008.79  -6342.95  
SCENARIO 56
UNDS0
Period   0 1273.18  3993.49  4138.68  3588.97  1133.55  2927.61  
Period   1 387.329  3075.53  2984.23  3702.36  192.248  1914.2  
Period   2 3868.61  5071.14  4185.68  4051.9  1351.25  1509.31  
Period   3 1662.8  5088.2  3711.52  2057.41  5960.17  4945.47  
Period   4 7158.68  8235.16  7049.59  2858.35  5859.68  6110.77  
Period   5 4809.92  6037.34  3497.25  6046.63  5138.59  5936.24  
UNDS1
Period   0 -6605.06  -6384.43  -7167.26  -7977.27  -7626.65  -8161.25  
Period   1 -9898.32  -5408.05  -10153.3  -8885.43  -5358.8  -7965.75  
Period   2 -5168.18  -6316.35  -6050.62  -5991.62  -5808.19  -7204.05  
Period   3 -7069.04  -5933.02  -6139.13  -7482.16  -6143.15  -7466.52  
Period   4 -7056.18  -6396.94  -6915.03  -7150.73  -6874.71  -7358.8  
Period   5 -6235.67  -6286.54  -7154.2  -7686.29  -7495.85  -6075.06  
SCENARIO 57
UNDS0
Period   0 3980.36  1405.58  3403.33  3358.15  1341.69  1527.05  
Period   1 565.43  699.024  3510.65  4364.46  2430.68  3760.81  
Period   2 6386.67  2086.39  2027.33  3633.72  3626.33  1536.02  
Period   3 3977.48  6587.14  6540.85  5069.1  7551.23  2536.65  
Period   4 7819.34  2971.64  4241.25  3794.38  4000.49  8064.94  
Period   5 6769.79  6164.87  3917.09  3905.31  5524.84  2812.45  
UNDS1
Period   0 -7905.4  -5967.55  -7459.7  -6868.59  -6037.46  -7050.91  
Period   1 -7676.32  -9082.11  -5508.37  -10568.8  -10024.3  -9574.14  
Period   2 -5354.14  -5077.82  -4741.03  -5752.8  -7573.54  -6996.79  
Period   3 -7210.75  -7379.07  -6046.81  -7416.98  -6225.01  -6947.29  
Period   4 -6745.33  -7372.16  -6199.16  -7383.82  -7146.83  -6556.23  
Period   5 -6573.83  -7801.34  -7474.3  -7123.29  -7815.56  -6561.57  
SCENARIO 58
UNDS0
Period   0 1768.46  3342.76  2807.45  4167.02  3852.29  1320.74  
Period   1 179.091  3152.7  3862.28  965.985  302.857  341.99  
Period   2 1976.96  4536.24  834.308  5530.82  4282.75  2757.67  
Period   3 7067.52  4554.39  2822.71  4876.98  5521.79  1940.66  
Period   4 2373.75  7452.35  2683.19  4180.96  7649.43  4458.4  
Period   5 3435.92  4509.66  4887.41  3874.27  6002.27  4140.95  
UNDS1
Period   0 -7059.01  -6205.65  -7215.07  -7919.92  -7265.56  -6498.74  
Period   1 -6438.96  -7330.96  -6354.71  -7469.38  -8335.16  -8121.25  
Period   2 -6339.02  -5473.17  -6905.94  -5527.54  -6770.35  -5923.42  
Period   3 -7031.86  -6102.88  -6865.71  -5899.75  -7478.56  -6789.16  
Period   4 -6683.43  -7562.16  -7467.98  -6728.62  -6006.57  -7397.04  
Period   5 -6974.58  -7743.27  -7478.5  -6179.06  -6418.08  -7283.47  
SCENARIO 59
UNDS0
Period   0 2106.88  2452.74  1127.37  1883.74  2883.49  3974.2  
Period   1 2465.92  223.703  4069.98  603.024  2325.51  1141.94  
Period   2 2468.67  2560.49  5451.11  5140.19  1734.05  1932.82  
Period   3 1505.47  5888.6  5914.48  6419.49  3537.27  6185.9  
Period   4 6109.45  2769.38  5136.86  3842.86  2918.88  7714.13  
Period   5 7000.6  2809.19  7061.98  1902.32  6495.46  2808.62  
UNDS1
Period   0 -7858.71  -7807.53  -7115.33  -6412.39  -8131.81  -8040.85  
Period   1 -8571.06  -7280.74  -7537.55  -7911.91  -10192.7  -9590.62  
Period   2 -6882.57  -5574.98  -5085.67  -4892.66  -7209.06  -6230.98  
Period   3 -7461.71  -6396.43  -6318.02  -6551.64  -6521.63  -7251.72  
Period   4 -6049.3  -6987.97  -6860.07  -6553.27  -7187  -7474.48  
Period   5 -6715.42  -7474.41  -6837.05  -6230.38  -6708.63  -6221.19  
SCENARIO 60
UNDS0
Period   0 1140  1367.33  3364.3  3801.63  2575.76  3362.06  
Period   1 1468.41  492.708  5013.17  5408.69  3710.05  5087.48  
Period   2 4259.28  2464.6  5951.07  2286.87  3932.84  1118.51  
Period   3 3881.44  5885.48  3675.37  4637.26  3118.86  7419.21  
Period   4 5327.02  4175.33  3466.09  7045.52  3538.56  6359.91  
Period   5 4341.88  6666.6  6994.95  2923.7  6873.72  2899.53  
UNDS1
Period   0 -7322.58  -7210.49  -7913.24  -7476.51  -7595.49  -6284.63  
Period   1 -9242.8  -5524.36  -5038.92  -8554.68  -6901.8  -8138.69  
Period   2 -6221.48  -7029.23  -7368.6  -6635.29  -6214.93  -4939.4  
Period   3 -6283.02  -6908.9  -6802.38  -7451.74  -6904.13  -6532.57  
Period   4 -7463.51  -5949.13  -7496.93  -6736.15  -7238.25  -7484.17  
Period   5 -7291.36  -7862.04  -6616.69  -6300.96  -6043.51  -7680.03  
SCENARIO 61
UNDS0
Period   0 3640.72  1299.33  1147.21  2907.45  3858.69  1953.98  
Period   1 2812.14  4703.01  363.038  3242.66  1423.26  3209.49  
Period   2 1684.97  4347.98  6614.95  3452.75  1587.65  2224.42  
Period   3 3023.39  3115.46  7154.8  2140.91  4680.14  5483.85  
Period   4 8220.45  2977.05  5919.18  4860.66  4687.52  3137.06  
Period   5 4365.75  4711.19  5502.57  6868.8  2789.54  2750.44  
UNDS1
Period   0 -7148.67  -7259.49  -7802.81  -7234.83  -6236.44  -6647.51  
Period   1 -5499.8  -7838.38  -7390.26  -8406.2  -8191.1  -9644.8  
Period   2 -5650.85  -6500.63  -5409.41  -6133.14  -6352.89  -7377.74  
Period   3 -6817.41  -5923.33  -6436.61  -7249.62  -5899.55  -6772.48  
Period   4 -7071.76  -6517.09  -6461.33  -5997.22  -6770.09  -6065.3  
Period   5 -6807.2  -7015.08  -6627.13  -7446.98  -7099.05  -6716.61  
SCENARIO 62
UNDS0
Period   0 1577.21  1940.17  3368.03  3765.18  2357.49  3494.04  
Period   1 3856.38  4565.68  2886.83  4539.84  722.796  6271.97  
Period   2 801.047  5226.84  2604.78  1825.07  1337.88  5478.67  
Period   3 4792.76  5626.37  2733.82  2839.71  7192.61  2410.65  
Period   4 4064.32  7686.48  6963.37  4264.88  3887.98  2904.92  
Period   5 6172.01  2523.87  6122.81  7002.02  2362.74  4797.66  
UNDS1
Period   0 -7788.41  -7583.99  -6318.33  -6714.79  -7411.86  -6148.42  
Period   1 -10407.4  -5771.68  -6628.91  -10657  -5399.45  -9705.04  
Period   2 -6640.61  -5062.58  -7329.08  -7276.96  -6477.23  -5902.91  
Period   3 -6847.45  -6805.35  -6185.21  -6971.03  -6514.86  -6594.45  
Period   4 -6555.16  -6411.23  -6978.04  -6864.5  -6363.04  -6238.24  
Period   5 -7639.28  -6416.08  -7232.38  -7692.58  -6952.98  -6611.52  
SCENARIO 63
UNDS0
Period   0 3565.9  3275.76  4124.71  1570.74  3623.64  1225.69  
Period   1 5153.71  1513.27  4245.08  4798.25  561.765  2377.63  
Period   2 5906.21  5097.81  1877.45  4192.7  918.449  1306.7  
Period   3 3933.43  7532.23  6822.66  4558.95  2161.64  5298.14  
Period   4 3028.82  2799.01  7018.06  5703.25  4214.69  5581.66  
Period   5 2784.17  3616.19  5117.47  6410.38  3626.08  6701.66  
UNDS1
Period   0 -6835.38  -8114.27  -6321.07  -6273.45  -7882.41  -6014.77  
Period   1 -8364.75  -7792  -7829  -9924.95  -8847.88  -9267.76  
Period   2 -6022.85  -6183.18  -6369.9  -6165.41  -7356.61  -6084.23  
Period   3 -6219.96  -7552.6  -6510.15  -6212.7  -6990.91  -5860.4  
Period   4 -7129.32  -7359.82  -7319.93  -7279.21  -6436.91  -6623.41  
Period   5 -6005.22  -7219.79  -6702.39  -6602.55  -6442.44  -7838.54  
SCENARIO 64
UNDS0
Period   0 2087.16  2086.5  2938.49  4135.95  3748.96  1212.49  
Period   1 2106.39  789.271  3441.23  3940.66  3269.12  3455.72  
Period   2 5553  6295.29  4510.46  1870.68  891.95  876.526  
Period   3 2330.82  3657.25  7495.54  5907.89  6507.23  4507.99  
Period   4 3469.04  3296.76  5740.61  2726.18  2541.68  5551.27  
Period   5 2246.93  1908.08  2820.19  2267.82  6797.77  6691.82  
UNDS1
Period   0 -7850.24  -6884.58  -7620.6  -7715.11  -6932.69  -7254.03  
Period   1 -6139.15  -9176.86  -8002.87  -5010.86  -9881.32  -5574.05  
Period   2 -5557.17  -4831.58  -5978.68  -7106.75  -6960.11  -6270.87  
Period   3 -6770.2  -6504.97  -7435.86  -6386.21  -5969.15  -7431.17  
Period   4 -6556.49  -7170.8  -5983.58  -7602.15  -6115.72  -6397.73  
Period   5 -6961.92  -6176.01  -7586.99  -6668.37  -6027.94  -6273.7  
SCENARIO 65
UNDS0
Period   0 2124.26  2692.56  2684.51  2060.38  1178.86  4131.42  
Period   1 1061.15  1656.58  5057.13  5618.36  2688.32  3116.87  
Period   2 6426.54  2055.35  5176.72  4467.18  996.927  812.823  
Period   3 5509.9  4678.35  3985  5465.88  7240.9  3497.16  
Period   4 1972.47  4040.56  8090.37  2594.73  4389.32  3345.05  
Period   5 4900.7  6386.14  6492.36  2524.55  6468.17  5650.01  
UNDS1
Period   0 -6144.87  -6786.99  -7435.94  -7688.58  -8055.87  -6850.35  
Period   1 -6356.57  -5992.87  -5695.9  -7603.37  -7254.51  -5160.31  
Period   2 -5511.79  -6297.38  -7526.11  -5627.4  -4955.49  -7553.84  
Period   3 -6189.47  -6813.06  -5852.47  -6427.91  -6818.34  -7384.89  
Period   4 -7428.6  -6239.26  -6527.6  -6294.15  -6763.5  -6420.11  
Period   5 -7900.47  -6797.8  -7655.98  -6592.59  -6223.49  -7662.8  
SCENARIO 66
UNDS0
Period   0 2664.16  2074.98  1877.19  3678.25  1106.37  3423.31  
Period   1 3327.09  5854.45  2731.16  3985.96  4519.09  4885.69  
Period   2 1352.87  1568.79  916.315  2892.75  4312.58  4970.71  
Period   3 5040.08  5631.02  6662.79  6447.93  3056.77  5069.44  
Period   4 2126.77  5724.26  2666.73  5104.53  6802.94  8078.01  
Period   5 6834.53  5772.08  6792.44  2622.39  3981.31  3358.47  
UNDS1
Period   0 -8019.9  -6529.97  -7390.56  -7348.36  -7510.34  -6361.26  
Period   1 -9361.35  -8054.81  -6928.87  -5962.91  -10044.2  -6182.64  
Period   2 -7493.74  -6479.6  -5260.42  -4834.89  -5125.94  -6584.09  
Period   3 -6433.19  -7126.97  -6325.55  -6415.69  -7142.37  -7207.71  
Period   4 -6403.56  -5948.89  -7560.02  -7343.46  -7174.08  -6643.54  
Period   5 -6074.99  -7420.61  -7707.68  -7204.71  -7027.98  -7510.73  
SCENARIO 67
UNDS0
Period   0 4121.79  4077.52  1256.02  3603.05  1465.86  1754.1  
Period   1 4182.68  5382.78  848.953  1797.11  597.975  1951.5  
Period   2 6055.76  4156.2  4962.25  2237.8  1383.4  1158.74  
Period   3 2554.86  2395.53  4758.98  2146.43  5624.05  6526.94  
Period   4 3109.61  4639.08  5740.9  2581.55  2249.79  2979.3  
Period   5 6188.28  4468.32  2921.78  3051.97  6494.61  4357.03  
UNDS1
Period   0 -6074.55  -7145.82  -7285.46  -6825.03  -7951.16  -6949.61  
Period   1 -8578.41  -9402.74  -6248.13  -6850.98  -10023.4  -7832.16  
Period   2 -7233.78  -6692.75  -6466.67  -6275.33  -4767.25  -5105.13  
Period   3 -6464.75  -6515.19  -6008.06  -6795.77  -7205.52  -6785.17  
Period   4 -7445.32  -7508.87  -6341.45  -7278.13  -6319.69  -7129.16  
Period   5 -6125.01  -6341.13  -6923.61  -6152.68  -7107.07  -7023.97  
SCENARIO 68
UNDS0
Period   0 1391.84  3149.62  3476.07  3021.99  4033.77  1255.74  
Period   1 4730.11  5564.91  4862.18  3579.67  4354.85  3341.13  
Period   2 6554.45  3674.11  2947.67  1882.49  3459.32  1331.33  
Period   3 6217.75  4044.6  7067.74  2903.51  4423.67  6484.88  
Period   4 2873.95  7428.49  5483.2  6860.62  7857.01  4978.73  
Period   5 3126.19  2508.22  6257.43  4618.32  6878.92  5985.56  
UNDS1
Period   0 -6733.36  -6078.18  -7028.64  -6587.61  -6465.25  -7362.68  
Period   1 -8604.71  -7736.84  -10058.3  -9088.83  -6376.22  -9502  
Period   2 -7302.97  -7234.8  -6263.88  -7137.26  -5661.39  -7134.5  
Period   3 -6745.72  -5953.46  -6788.49  -7353.04  -7518.08  -6154.59  
Period   4 -6900.87  -7430.5  -6476.77  -7407.15  -6111.5  -7496.13  
Period   5 -6268.47  -6017.48  -6466.81  -7733.09  -6971.83  -7551.91  
SCENARIO 69
UNDS0
Period   0 2541.7  2110.4  2336.53  2624.92  2162.96  3486.81  
Period   1 2984.72  2262.03  59.5801  2410.8  3012.53  2314.42  
Period   2 6428.95  3162.86  1368.59  2944.04  3587.23  1553.87  
Period   3 7287.36  7690.35  4519.52  2389.44  4013.84  4106.95  
Period   4 2269.77  3550.12  7804.32  2106.37  3408.07  2412.68  
Period   5 6458.32  2749.86  1979.91  6539.99  1923.36  6793.11  
UNDS1
Period   0 -6986.09  -7095.69  -6050.77  -7946.87  -7479.66  -6832.59  
Period   1 -9994.56  -6805.77  -4935.94  -8481.61  -5304.15  -8088.51  
Period   2 -5998.29  -7579.05  -6340.03  -7082.07  -5015.28  -5887.24  
Period   3 -5934.95  -7230.88  -6854.38  -5884.44  -7307.25  -7497.85  
Period   4 -6188.07  -6701  -7492.22  -6475.69  -7125.25  -7257.49  
Period   5 -7685.37  -6838.21  -6172.85  -6301.36  -6772.09  -6953.01  
SCENARIO 70
UNDS0
Period   0 2744.05  2951.36  1623.09  1630.2  1573.17  3240.45  
Period   1 3572.08  320.124  5030.41  2644.63  3785.91  2602.95  
Period   2 4587.26  5645.59  4921.09  2572.94  1122.54  1135.1  
Period   3 5112.71  4840.21  3923.37  6410.24  3601.9  1786.36  
Period   4 6779.86  5085.08  6527.47  4871.12  7433.31  2018.48  
Period   5 3681.97  6417.57  3368.15  2148.38  2423.95  6714.52  
UNDS1
Period   0 -7415.89  -7102.56  -7596.61  -7572.65  -7481.53  -6081.91  
Period   1 -8241.44  -4872.41  -6172.22  -9346.68  -4962.58  -9931.21  
Period   2 -6999.1  -7042.16  -6425.85  -5080.5  -5702.75  -4953.85  
Period   3 -6419.43  -7433.6  -7033.38  -7500.91  -6031.87  -6486.17  
Period   4 -7333.44  -7527.07  -6428.6  -6033.94  -6721.48  -7005.13  
Period   5 -7692.83  -7127.73  -7416.04  -6617.64  -6589.89  -7570.94  
SCENARIO 71
UNDS0
Period   0 2104.8  3724.89  2382.83  2157.67  1559.85  2446.19  
Period   1 827.731  4704.59  4304.48  6340.28  5564.25  3486.91  
Period   2 5672.76  6015.8  3723.08  1935.54  853.379  1666.98  
Period   3 2282.03  4881.11  7670.04  6285.5  6858.48  3445.09  
Period   4 3026.89  4239.7  8224.31  7229.34  8207.78  5940.04  
Period   5 6440.73  5972.99  6393.81  5572.46  4109.56  3386.13  
UNDS1
Period   0 -7410.09  -7392.27  -6105.85  -6374.65  -8137.36  -6637.64  
Period   1 -6254.58  -6267.04  -7540.19  -9876.75  -8034.22  -7497.47  
Period   2 -4816.39  -7196.69  -6936.59  -4839.72  -6864.33  -6641.22  
Period   3 -6228.82  -5874.39  -6084.94  -6417.51  -7319.84  -6222.94  
Period   4 -6334.77  -6067.38  -6823.17  -6463.48  -6468.08  -7497.65  
Period   5 -7008.24  -6719.73  -7386.87  -7279.12  -6379.81  -5990.26  
SCENARIO 72
UNDS0
Period   0 4136.72  3652.11  1330.23  3764.68  3009.37  1355.72  
Period   1 5378.31  2684.25  5423.98  1130.89  5482.99  4886.62  
Period   2 2603.63  2889.25  5105.55  5167.62  1826.74  1841.01  
Period   3 3234.75  5476.49  4269.72  6945.8  2241.48  3172.53  
Period   4 2347.33  6529  5563.46  6529.34  7735.26  5111.79  
Period   5 5769.14  5780.32  6028.65  3369.81  4114.99  5460.43  
UNDS1
Period   0 -6962.05  -7162.73  -6927.71  -6835.78  -7974.67  -7770.69  
Period   1 -9988.37  -10124.4  -10704.8  -8341.57  -7675.06  -6357.21  
Period   2 -5641.69  -5128.45  -5635.74  -6174.59  -5319.63  -5855.88  
Period   3 -6110.19  -7405.4  -5912.49  -6930.72  -7312.14  -6159.39  
Period   4 -6616.52  -6017.03  -6467.84  -6124.8  -7627.32  -7274.38  
Period   5 -7080.95  -6832.06  -6598.48  -7461.62  -7717.61  -7476.95  
SCENARIO 73
UNDS0
Period   0 1349.28  4110.78  2744.36  2945.16  1694.8  1990.95  
Period   1 385.936  1862.23  5909.47  3744.16  1041.13  5699.07  
Period   2 3337.4  2829.16  1291.35  1158.85  3712.32  3059.68  
Period   3 5302.4  3531.63  3474.5  2924.76  7570.24  4684.1  
Period   4 4170.5  4995.6  5949.16  6439.04  6803.02  2069.04  
Period   5 2237.3  3281.75  7017.74  4798.69  2214.62  5935.63  
UNDS1
Period   0 -5985.04  -6992.28  -7467.24  -7271.31  -6357.61  -6636.63  
Period   1 -5043.76  -7569.85  -6035.08  -5886.43  -7447.13  -10394.9  
Period   2 -6271.01  -6645.93  -5097.39  -7130.86  -7201.87  -4941.14  
Period   3 -6159.59  -6875.57  -5855.43  -7425.78  -6252.68  -7292.67  
Period   4 -6254.63  -6436.54  -7045.44  -6019.18  -6002.15  -7459.97  
Period   5 -6932.25  -7407.94  -6409.63  -7920.5  -7721.72  -7381.77  
SCENARIO 74
UNDS0
Period   0 2215.81  1912.24  2487.17  2137.02  2573.69  3933.95  
Period   1 2165.53  1286.58  340.389  4353.22  4263.77  3871.82  
Period   2 3219.71  5906.29  5569.04  1461.29  1176.49  1620.39  
Period   3 4872.13  6086.99  1804.98  6032.97  4104.31  4953.56  
Period   4 6160.91  3463.09  6915.1  3170.18  6108.58  4297.99  
Period   5 5231.43  2280.3  4696.88  2650.92  5956.29  6098.21  
UNDS1
Period   0 -6480.07  -7596.81  -6523.43  -6360.84  -6984.15  -7164.8  
Period   1 -6930.48  -8399.76  -5437.17  -7587.1  -5191.6  -6969.59  
Period   2 -7412.81  -6395.75  -5493.59  -6933.91  -5871.66  -4839.11  
Period   3 -7135.38  -6899.51  -7079.29  -6462.88  -6508.64  -6824.51  
Period   4 -6295.76  -7575.9  -6778.34  -7207.69  -6903.64  -6782.65  
Period   5 -6691.85  -6835.81  -6427.01  -6158.68  -6538.2  -7714.37  
SCENARIO 75
UNDS0
Period   0 2221.05  3738.44  2988.44  3896.15  2334.08  1904.55  
Period   1 2550.16  1531.94  1481.47  3661.87  3776.93  4063.64  
Period   2 2546.04  1371.82  3464.46  1461.63  3325.95  3342.26  
Period   3 4396.83  7612.98  5704.78  6526.97  7436.04  1600.06  
Period   4 5499.76  7411.8  8023.02  1937.47  3046.83  6597.38  
Period   5 6939.74  3824.91  5464.12  5792.24  5285.57  2886.45  
UNDS1
Period   0 -7934.49  -7596.06  -8066.23  -7857.57  -6370.46  -7310.91  
Period   1 -9951.56  -7230.95  -8455.79  -5512.4  -10703.4  -6965.14  
Period   2 -6175.14  -5921.16  -5578.65  -5192.62  -7580.27  -7004.52  
Period   3 -6253.47  -6299.26  -5941.28  -6099.27  -6309.15  -7166.41  
Period   4 -7113.2  -7293.84  -6549.19  -6862.61  -7424.7  -6511.2  
Period   5 -6157.26  -6853.31  -6526.12  -7422.83  -6109.65  -7861.73  
SCENARIO 76
UNDS0
Period   0 1929.24  3643.77  2297.79  1910.57  1990.17  2315.22  
Period   1 1832.73  6218.75  2561.91  3441.24  6350.9  551.944  
Period   2 4280.77  3257.68  2311.36  5342.95  3188.83  1223.71  
Period   3 6143.15  3857.13  6476.23  6521.78  4833.33  4766.94  
Period   4 4411.74  7889.77  6872.3  2475.28  4203.63  3647.05  
Period   5 2106.13  2371.87  7006.64  3619.78  2629.66  2045.16  
UNDS1
Period   0 -7071.87  -6910.44  -7460.65  -7770.71  -6160.48  -7759.12  
Period   1 -10599.1  -10116.3  -5532.22  -5073.75  -7423.57  -9076.24  
Period   2 -5245.3  -6354.42  -5350.99  -7000.45  -5310.84  -5343  
Period   3 -6317.56  -6823.21  -7410.11  -7142.96  -7264.62  -6134.87  
Period   4 -7001.73  -6085.97  -6124.52  -7356.87  -6355.67  -7601.07  
Period   5 -6893.96  -7457.02  -7565.84  -6242.2  -6262.13  -6565.01  
SCENARIO 77
UNDS0
Period   0 2668.6  1451.83  1134.52  2949.77  1428.32  1529.56  
Period   1 1063.25  5028.27  5346.87  4758.89  1816.15  432.727  
Period   2 3142.76  1363.78  5931.36  895.449  3567.97  2062.63  
Period   3 4037.93  6264.17  3742.28  2188.19  3144.93  5880.08  
Period   4 6986.24  2097.45  5332.13  7766.18  1984.17  4847.4  
Period   5 5930.46  5150.68  3592.53  6426.06  1936.42  3512.69  
UNDS1
Period   0 -6750.53  -7004.49  -6105.04  -6478.15  -7989.43  -7140.77  
Period   1 -8836.05  -7112.4  -5001.81  -5145.08  -5789.71  -10709.7  
Period   2 -5369.05  -7072.68  -5038.98  -5903.77  -4871.11  -7363.32  
Period   3 -7339.93  -7235.18  -5978.07  -7467.61  -6934.8  -7423.02  
Period   4 -6602.06  -7193.32  -6913.95  -7077.04  -6842.55  -6453.6  
Period   5 -7004.43  -7605.23  -6110.15  -7423.4  -7118.95  -7269.04  
SCENARIO 78
UNDS0
Period   0 4110.76  2123.7  3651.67  2748.63  1876.91  1470.47  
Period   1 3237.47  3390.33  1857.25  2217.37  1506.55  1844.14  
Period   2 5498.54  1535.13  2921.34  2269.92  2929.35  2443.16  
Period   3 4807.98  3728.4  3256.47  5882.03  7686.46  3502.87  
Period   4 6914.94  6498.85  3387.37  7550.62  7098.82  2977.12  
Period   5 2109.86  3380.4  2651.93  4874.55  5275.03  6783.33  
UNDS1
Period   0 -6623.56  -6194.75  -6291.51  -6980.48  -7744.49  -7015.12  
Period   1 -7997.63  -9518.92  -8584.34  -10067.1  -6560.68  -9450.69  
Period   2 -6260.17  -4811.24  -7295.31  -5581.87  -5758.42  -5370.91  
Period   3 -6435.78  -7543.52  -7438.5  -5920  -7204.67  -6769.87  
Period   4 -7065.97  -6388.08  -6888.79  -6231.63  -6534.33  -7205.3  
Period   5 -6244.05  -6304.86  -6455.76  -6146.85  -6646.57  -7862.72  
SCENARIO 79
UNDS0
Period   0 1448.51  1908.72  3915.7  3916.09  2340.06  3146.64  
Period   1 4231.47  3890.33  6131.24  1263.79  1111.38  1910.95  
Period   2 5596.48  1188.74  4126.39  6569.13  1698.65  890.819  
Period   3 5225.49  4842.06  5157  5867.79  1556.13  3777.13  
Period   4 5920.87  8092.05  3537.4  2123.93  5525.22  2684.14  
Period   5 3091.22  1994.89  2494.21  7002.5  4179.15  2706.24  
UNDS1
Period   0 -6730.01  -5988.23  -6917.39  -7176.5  -7427.2  -7416.81  
Period   1 -6750.73  -8539.78  -10529.3  -8014.84  -6236.2  -6290.2  
Period   2 -7361.36  -7361.58  -7152.32  -6262.19  -7173.58  -5502.93  
Period   3 -6983.07  -6962.74  -7559.29  -7351.01  -6464.49  -6685.61  
Period   4 -6770.35  -6805.92  -5971.6  -6845.29  -7360.59  -7612.48  
Period   5 -6289.36  -6031.53  -7298.95  -6398.17  -7590.84  -6431.78  
SCENARIO 80
UNDS0
Period   0 2513.32  3180.41  4167.82  2331.4  3207.4  1923.21  
Period   1 1639.09  484.972  5499.2  1275.93  4564.74  3867.27  
Period   2 1673.08  6088.58  4552.96  1619.16  3977.03  1499.75  
Period   3 3091.88  6674.13  3564.5  2378.48  6842.67  2572.59  
Period   4 7434.86  2204.69  5787.49  6205.87  2659.45  2445.48  
Period   5 4400.1  3248.3  4061.72  6037.15  2992.62  6707.72  
UNDS1
Period   0 -8093.44  -6189.46  -6788.13  -7517.65  -8159.49  -8064.96  
Period   1 -6348.09  -8910.93  -6095.01  -9206.4  -5206.8  -10443.5  
Period   2 -4761.96  -5908.62  -5314.27  -5009.76  -5671.05  -6548.47  
Period   3 -6474.62  -7141.05  -6700.05  -6892.26  -6351.31  -7444.7  
Period   4 -6188.95  -6554.66  -7137.7  -6047.7  -7286.98  -6275.29  
Period   5 -7545.92  -6768.49  -6972.62  -7327.69  -7552.73  -6747.17  
SCENARIO 81
UNDS0
Period   0 2004.2  1783.83  2536.43  1618.54  2716.12  1643.16  
Period   1 6124.65  4776.25  4638.01  5182.73  1809.95  150.146  
Period   2 2057.93  3353.86  4761.02  6529.83  915.665  2480.21  
Period   3 4675.5  2685.61  3851.7  4318.58  6574.5  2589.99  
Period   4 2338.44  2827.41  8249.17  7219.81  6239.07  5007.9  
Period   5 3662.02  3384.32  3508.18  6934.39  2746.31  1946.75  
UNDS1
Period   0 -6299.55  -6833.67  -5981.65  -6558.3  -6620.48  -6757.59  
Period   1 -8296.94  -6717.42  -5689.23  -8687.73  -5433.1  -7184.37  
Period   2 -7297.15  -6850.02  -6868.98  -5730.65  -6328.4  -7153  
Period   3 -6884.41  -6057.3  -7531.41  -6486.83  -6404.14  -6378.03  
Period   4 -6462.11  -6910.34  -6971.61  -7416.54  -6529.37  -6398.95  
Period   5 -6088.64  -6608.23  -7361.98  -6228.33  -7381.45  -6972.99  
SCENARIO 82
UNDS0
Period   0 1731.25  2749.81  3071.82  2619.99  1325.36  3681.95  
Period   1 5605.74  5761.2  1533.06  732.168  5124.93  4695.43  
Period   2 6409.56  5233.51  4851.58  989.065  1616.83  803.039  
Period   3 4017.24  3160.89  3739.67  6614.04  2945.57  2556.38  
Period   4 8294.59  4235.72  6748.21  7649.71  5439.96  3248.65  
Period   5 3620.61  5093.64  4715.81  5137.93  6845.47  6803.31  
UNDS1
Period   0 -7710.76  -7629.17  -8121.07  -6935.69  -6007.72  -8163.9  
Period   1 -9920.27  -10728.9  -8810.4  -6521.78  -8399.04  -6788.55  
Period   2 -5177.77  -5018.41  -5792.24  -5484.67  -5336.52  -7348.95  
Period   3 -6187.81  -6782.59  -6312.9  -6619.22  -6912.97  -6942.79  
Period   4 -7441.22  -6076.35  -7141.03  -7317.14  -6211.96  -7398.17  
Period   5 -6776.66  -6337.66  -7319.19  -6182.21  -6836.41  -7222.7  
SCENARIO 83
UNDS0
Period   0 3377.54  2588.95  3382.7  2775.47  1239.79  2157.56  
Period   1 2727.08  2367.25  3350.59  1340.19  5478.66  5905.76  
Period   2 4544.92  1846.86  3575.74  6376.16  1764.81  1467.63  
Period   3 6489.57  7537.17  2730.98  5215.19  3907.32  7049.44  
Period   4 4571.17  5470.58  7372.7  8010.4  7501.52  2202.09  
Period   5 3944.2  6552.84  6994.87  3913.58  6362.96  2120.39  
UNDS1
Period   0 -8136.94  -7618.39  -7907.01  -8013.16  -7615.78  -6136.31  
Period   1 -5987.19  -5362.59  -10487.1  -10114.3  -9380.03  -6382.77  
Period   2 -7326.54  -6317.81  -6932.69  -7024.95  -7459.17  -5659.57  
Period   3 -6688.8  -7277.64  -6500.03  -6537.42  -6698.88  -6567.19  
Period   4 -6238.99  -6065.43  -7384.67  -6595.45  -6478.35  -6639.23  
Period   5 -6329.96  -6931.52  -7245.53  -7279.76  -7134.64  -7087.06  
SCENARIO 84
UNDS0
Period   0 1128.69  2099.58  3548.32  1155.2  3900.28  1744.46  
Period   1 923.281  2754.2  2920.03  6369.48  2799.5  2373.01  
Period   2 1814.04  1341.8  4948.4  2739.5  4576.75  2356.78  
Period   3 5399.82  2433.04  2350.2  2598.64  5929.38  2558.42  
Period   4 2735.47  5122.37  4053.89  4228.23  6730.92  2586.59  
Period   5 4010.26  6631.91  4971.64  5723.3  2834.75  5031.68  
UNDS1
Period   0 -6729.33  -7140.48  -6940.29  -7991.36  -7403.69  -7097.95  
Period   1 -8790.74  -6173.93  -9934.16  -8044.67  -9937.35  -5911.42  
Period   2 -5656.54  -5148.73  -5890.2  -7017.18  -5260.32  -7433.57  
Period   3 -6404.14  -6408.11  -7120.38  -7472.8  -6281.18  -6932.14  
Period   4 -6536.45  -7529.93  -6331.39  -6422.38  -7384.78  -6557.95  
Period   5 -6215.8  -6184.23  -6047.18  -6467.57  -6984.99  -7940.62  
SCENARIO 85
UNDS0
Period   0 2001.65  1163.29  2224.63  1990.43  3127.31  2731.14  
Period   1 2099.64  1232.74  676.056  1575.23  155.445  1554.65  
Period   2 5462.96  3039.37  1588.18  1540.62  4782  1768.51  
Period   3 6234.27  7402.61  2147.68  4149.44  3819.63  2003.22  
Period   4 2056.63  4908.34  6953.97  3303.38  5993.14  5933.29  
Period   5 2745.9  6476.46  5202.48  5310.28  2640.22  2830.83  
UNDS1
Period   0 -7882.04  -6842.97  -7382.97  -6136.33  -7909.32  -7696.79  
Period   1 -5086.82  -8593.84  -7354.82  -5324.93  -9484.58  -9738.3  
Period   2 -7467.12  -6719.01  -6801.94  -4922.24  -7226.09  -6693.91  
Period   3 -7015.83  -6359.54  -7218.7  -6824.94  -7534.75  -7483.85  
Period   4 -7453.95  -7162.52  -7543.49  -6086.66  -6635.57  -7189  
Period   5 -6123.55  -7275.54  -6660.44  -6450.67  -7770.15  -6383.59  
SCENARIO 86
UNDS0
Period   0 4129.3  2642.53  1244.59  3613.24  2383.6  1644.52  
Period   1 5951.32  6152.6  6212.57  4765.16  2827.54  2343.97  
Period   2 6088.27  2409.58  812.166  4499.41  2928.13  2155.33  
Period   3 1779.31  7575.68  2653.33  3810.61  3070.22  6888.01  
Period   4 7949.86  6800.88  7297.9  5015.97  3942.64  4018.63  
Period   5 6556.49  5061.6  3790.87  4014.69  2150.65  4782.09  
UNDS1
Period   0 -6013.51  -6107.22  -7411.49  -6190.83  -6328.78  -7521.46  
Period   1 -9806.53  -9855.34  -9412.34  -6675.93  -6334.43  -10234.5  
Period   2 -4871.67  -5401.71  -7003.63  -5546.99  -6396.27  -4768.8  
Period   3 -7414.05  -7111.08  -6424.97  -7278.01  -6023.89  -6315.9  
Period   4 -6086.61  -7504.29  -6782.46  -6264.21  -7531.57  -6500.72  
Period   5 -7782.73  -6857.21  -6618.46  -7367.76  -7336.62  -7217.66  
SCENARIO 87
UNDS0
Period   0 1527.04  4167.14  1929.07  3920.61  3096.47  2056.81  
Period   1 372.163  1304.49  689.567  3655.08  1995.47  2809.03  
Period   2 1917.13  4270.49  6575.65  1946.8  3865.69  1517.07  
Period   3 2660.23  5685.21  3635.14  3960.9  7355.05  5129.23  
Period   4 6106.65  5395.32  7561.81  7962.16  3124.16  5745.12  
Period   5 6986.27  4133.09  3378.84  4115.89  5140.21  4718.25  
UNDS1
Period   0 -6892.3  -6008.58  -6713.44  -7238.63  -6302.48  -8060.14  
Period   1 -5159  -6089.59  -10748.6  -7757.49  -8154.51  -9657.31  
Period   2 -6900.59  -7529.58  -5958.1  -5251.1  -6062.36  -6667.26  
Period   3 -6173.96  -6527.56  -6418.46  -6557.13  -6729.6  -6030.74  
Period   4 -6679.98  -7535.51  -6217.25  -7060.89  -6444.83  -7423.58  
Period   5 -7901.41  -6596.86  -7523.57  -7166.21  -7708.61  -7173.14  
SCENARIO 88
UNDS0
Period   0 1689.74  2469.51  3701.94  1895.74  2177.67  2100.23  
Period   1 2095.84  1800.28  4112.47  542.893  2790.46  3887.12  
Period   2 4908.68  3290.42  1092.97  4997.94  2112.55  3003.62  
Period   3 5942.15  4394.31  3625.35  1982.03  4237.62  3235.68  
Period   4 5320.52  4090.15  5534.69  5669.5  4015.14  6498.36  
Period   5 5656.95  2541.48  2520.92  4193.64  6012.9  4142.58  
UNDS1
Period   0 -7213.77  -7585.9  -6979.97  -6236.05  -8076  -6073.94  
Period   1 -6667.23  -9632.77  -6432.76  -9507.54  -5707.71  -5122.28  
Period   2 -6032.74  -4867.09  -5076.65  -5210.6  -6032.95  -6487.67  
Period   3 -7487.34  -6821.37  -6222.65  -7127.77  -6842.18  -7560.67  
Period   4 -7545.07  -6915.36  -6863.5  -6335.88  -7576.8  -6198.07  
Period   5 -6424.41  -7510.86  -7609.86  -6822.48  -7760.38  -6599.29  
SCENARIO 89
UNDS0
Period   0 1896.38  3059.37  1945.85  2939.75  4158.64  2231.19  
Period   1 6325.53  4954.01  4214.22  1549.13  1445.83  5515.45  
Period   2 1632.18  2448.97  872.942  6150.32  4000.19  4571.57  
Period   3 7140.84  6199.41  7041.09  2379.14  5969.27  7699.57  
Period   4 5820.48  3166.07  1947.54  3889.55  5584.44  6951  
Period   5 3592.01  2118.29  5941.88  5866.24  4400.29  5205.28  
UNDS1
Period   0 -7815.47  -7448.24  -8072.31  -8052.85  -6349.63  -6581.33  
Period   1 -9655.47  -5267.15  -5238.01  -10539.2  -10434.2  -9599.32  
Period   2 -5096.57  -5644.91  -7108.73  -7254.12  -7490.34  -5570.72  
Period   3 -7389.5  -6467.9  -7027.08  -7385.1  -6157.37  -7472.46  
Period   4 -7169.88  -7443.97  -6903.39  -7255.73  -7054.48  -6333.68  
Period   5 -6618.68  -7679  -7821.98  -7856.07  -6904.34  -6285.38  
SCENARIO 90
UNDS0
Period   0 1650.13  2680.09  2390.71  3751.21  1170.8  1861.88  
Period   1 2248.4  988.061  3969.24  2350.36  5515.52  5534.42  
Period   2 4263.52  4866.74  5164.82  2671.75  1828.79  1206.17  
Period   3 1902.52  6865.19  2148.68  2790.19  5429.65  3802.54  
Period   4 2445.95  8251.47  6072.75  2485.21  4263.25  7156.99  
Period   5 6298.9  3914.55  2852.37  3538.19  5490.2  4480.23  
UNDS1
Period   0 -5998.16  -6332.44  -7585.58  -7788.64  -7199.56  -7498.34  
Period   1 -5453.39  -10295.7  -9985.83  -8523.44  -8484.08  -9967.24  
Period   2 -7136.24  -6651.07  -5264.5  -6939.45  -6241.88  -6594.97  
Period   3 -6443.68  -7198.7  -6428.08  -6698.81  -6889.71  -7050.19  
Period   4 -6135.55  -6421.67  -6359.91  -7010.99  -7606.56  -7242.72  
Period   5 -7876.34  -7537.68  -7930.3  -6961.11  -6103.11  -6461.58  
SCENARIO 91
UNDS0
Period   0 2238.06  2828.53  1775.25  3057.76  2954.13  3863.13  
Period   1 2877.32  2744.64  104.2  2364.51  6002.57  1936.73  
Period   2 4706.94  5410.3  4820.4  919.819  2053.76  1675.1  
Period   3 2769.95  6974.7  4318.25  1920.85  2873.33  6731.97  
Period   4 2372.53  5717.35  3495.02  5968.05  4935.53  3995.72  
Period   5 7017.63  5429.73  2706.13  3499.38  4587.75  4194.76  
UNDS1
Period   0 -7496.56  -7684.28  -7677.75  -6490.77  -6109.49  -6977.16  
Period   1 -5725.94  -8928.52  -4902.45  -5655.79  -4921.11  -10377.9  
Period   2 -6592.8  -6717.44  -5953.3  -5063.59  -5748.28  -6248.93  
Period   3 -7228.82  -7355.81  -7447.3  -7054.18  -6804.93  -6098.3  
Period   4 -7510.28  -7113.48  -5999.02  -6569.94  -6497.94  -6545.74  
Period   5 -7029.2  -6010.53  -7946.58  -7142.73  -7875.57  -6995.09  
SCENARIO 92
UNDS0
Period   0 3117.55  3396.32  1650.07  1399.25  3860.08  3357.63  
Period   1 4849.71  2118.4  1444.42  889.268  1251  3554.03  
Period   2 4129.13  6399.24  2493.55  2166.17  2342.9  2416.17  
Period   3 3505.95  5964.29  6503.66  7272.89  3311.17  2990.81  
Period   4 5982.31  3321.06  5003.55  5772.81  7773.22  7984.02  
Period   5 3999.79  3701.33  2712.58  3862.19  5807.83  5494.53  
UNDS1
Period   0 -7271.27  -6881.84  -8038.28  -6653.81  -7100.1  -7444.87  
Period   1 -8258.2  -10332.4  -10351.5  -9469.93  -9902.56  -6337.38  
Period   2 -5143.1  -6628.71  -4838.29  -7240.7  -7123.82  -5100.25  
Period   3 -6184.82  -6866.65  -6987.63  -7303.79  -6450.3  -6930.87  
Period   4 -6270.43  -6673.86  -7072.97  -6198.92  -6054.79  -6717.31  
Period   5 -6651.61  -7529.61  -7489.18  -7436.52  -6694.24  -6935.85  
SCENARIO 93
UNDS0
Period   0 2442.53  2991.17  2317.18  1382.05  3291.49  2072.21  
Period   1 4986.88  3843.56  2249.23  911.075  4445.79  857.855  
Period   2 4871.31  4160.15  3586.26  2961.7  2311.2  1476.7  
Period   3 6754.3  5265.59  6208.17  4982.41  3812.51  4084.35  
Period   4 2271.48  2489.28  5990.87  2798.65  5614.4  8108.28  
Period   5 5856.54  4119.66  2300  3706.98  2841.11  2641.34  
UNDS1
Period   0 -7674.47  -6768.57  -7362.2  -6391.91  -8079.98  -7222.74  
Period   1 -9046.71  -9293  -5360.03  -5901.79  -10455.4  -9542.77  
Period   2 -7612.36  -7134.76  -7166.51  -6129.35  -7211.41  -5389.22  
Period   3 -6990.88  -6809.59  -6988.34  -6429.45  -6014.39  -7239.36  
Period   4 -6570.63  -6145.7  -7228.17  -7311.97  -7030.74  -6358.25  
Period   5 -7937.56  -7214.63  -7260.96  -6591.35  -7507.58  -6742.15  
SCENARIO 94
UNDS0
Period   0 4063.86  3203.83  2421.54  2537.42  2728.15  1710.4  
Period   1 40.077  6179.56  582.399  2142.69  3788.76  1780.87  
Period   2 958.304  3509.77  1672.3  2261.4  3398.65  4877.72  
Period   3 4481.56  5671.89  1968.67  4541.11  3765.42  6043.49  
Period   4 3465.44  7647.06  4744.66  5599.29  4141.55  6830.03  
Period   5 5177.29  6928.16  3248.01  6083.53  4291.56  3296.72  
UNDS1
Period   0 -6431.95  -7368.75  -6433.55  -5994.03  -7404.22  -7978.58  
Period   1 -10657.1  -8511.24  -5337.31  -6345.19  -10002.1  -9491.87  
Period   2 -6730.22  -7311.84  -6319.43  -7613.78  -7530.67  -5630.82  
Period   3 -6247.49  -5950.52  -7533.63  -6988.4  -6616.76  -6172.25  
Period   4 -6893.23  -7350.44  -6842.09  -6935.13  -6463.87  -6258.29  
Period   5 -7910.47  -6184.1  -6604.4  -6506.9  -7038.27  -6917.07  
SCENARIO 95
UNDS0
Period   0 4173.49  2544.23  3167.22  3607.22  1397.24  1862.4  
Period   1 4098.48  1509.89  1176.73  1845.12  4300.36  4968.76  
Period   2 1818.08  4872.65  1720.45  2329.98  1619.19  5196.66  
Period   3 5170.66  3573.24  5372.46  6530.72  3015  2820.21  
Period   4 5757.4  4943.64  6104.62  4037.11  4558.12  2023.56  
Period   5 3432.91  4880.55  4865.67  5668.06  4928.04  6182.17  
UNDS1
Period   0 -7924.02  -7766.42  -6504.47  -6992.36  -6183.89  -7555.11  
Period   1 -5669.92  -6196.17  -10234.2  -7119.25  -5802.49  -10743.9  
Period   2 -7477.39  -6242.66  -6397.1  -5578.03  -6508.12  -7488.25  
Period   3 -6021.33  -6090.02  -5994.62  -7426.07  -6379.39  -6523.62  
Period   4 -6017.08  -6462.73  -6116.82  -6116.14  -6912.72  -7557.86  
Period   5 -6750.26  -6958.09  -6885.21  -7570.23  -7746.37  -7293.04  
SCENARIO 96
UNDS0
Period   0 3222.9  3319.52  1642.91  2069.02  1605.12  3232.41  
Period   1 123.64  6138.67  631.862  29.6611  2942.09  1565.48  
Period   2 1143.69  4126.89  3213.36  6313.23  3709.41  1587.21  
Period   3 5873.91  5227.65  5109.15  7011.37  7030.47  1539.33  
Period   4 2330.28  7638.34  4106.11  3961.88  6366.94  3226.17  
Period   5 3290.61  5426.92  3779.48  5728.25  6251.96  5295.23  
UNDS1
Period   0 -7791.42  -6649.21  -6240.64  -7050.5  -7061.75  -6143.4  
Period   1 -7837.23  -8737.29  -10430.7  -9500.49  -7355.41  -9176.54  
Period   2 -6352.72  -4992.31  -6317.08  -6505.1  -4798.5  -6021.09  
Period   3 -7061.81  -6025.41  -6154.27  -7147.68  -7152.8  -7412.11  
Period   4 -6462.57  -7033.18  -7449.87  -7023.63  -6271.57  -6048.26  
Period   5 -7594.72  -6901.59  -7678.38  -7483.74  -6330.18  -7710.45  
SCENARIO 97
UNDS0
Period   0 2548.94  4198.6  1806.83  3599.13  3502.71  1606.72  
Period   1 4507.44  3005.93  4338.13  3415.76  2320.29  27.154  
Period   2 3373.47  1069.12  3206.3  4456.64  2466.41  910.393  
Period   3 2641.34  4510.01  6600.37  1613.88  3863.65  7395.69  
Period   4 7781.19  7268.23  7191.38  6216.71  6647.29  1904.09  
Period   5 4567.73  3229.78  6218.92  3328.58  3397.51  6425.87  
UNDS1
Period   0 -7443.3  -6584.55  -7256.08  -6868.08  -6344.21  -6842.52  
Period   1 -10044.1  -7392.17  -10623.6  -6663.22  -8488.77  -6736.22  
Period   2 -5684.11  -4898.55  -5485.75  -6910.21  -4744.71  -6846.71  
Period   3 -6441.94  -7571.15  -6032.3  -5885  -6190.59  -5917.21  
Period   4 -7336.37  -6035.5  -7560.2  -6236.49  -6488.1  -7101.87  
Period   5 -7641.37  -6753.46  -6192.8  -7903.16  -6326.39  -6200.68  
SCENARIO 98
UNDS0
Period   0 2090.09  3592.16  1241.87  1994.78  3926.38  1654.89  
Period   1 837.648  3609.94  5530.73  2906.32  6001.96  3410.03  
Period   2 2707.3  4648.73  6493.01  4011.5  1380.64  831.683  
Period   3 3481.24  3573.78  2299.62  2718.33  1733.75  2199.52  
Period   4 4377.87  5070.51  7093.17  4099.08  3122.98  3221.94  
Period   5 3792.03  6475.89  2555.19  3695.3  4514.63  6177.71  
UNDS1
Period   0 -7388.81  -7704.61  -6174.29  -7350.21  -7482.31  -6191.81  
Period   1 -5544.79  -7924.6  -6633.76  -10701.7  -8487.85  -6636.39  
Period   2 -7252.92  -6007.04  -6680.01  -5203.36  -5397.51  -6941.7  
Period   3 -6668.8  -7492.61  -7365.44  -7114.03  -7282.06  -5969.28  
Period   4 -6256.06  -7564.71  -6483.16  -6550.4  -6284.45  -6103.88  
Period   5 -6411.17  -6689.18  -6791.67  -6756.1  -7083.53  -6432.71  
SCENARIO 99
UNDS0
Period   0 3397.78  2056.23  3910.33  2317.5  1964.33  2315.84  
Period   1 3145.66  3332.63  822.477  5447.88  1999.02  4543.03  
Period   2 5288.37  1854.34  4768.57  4493.92  2129.22  979.215  
Period   3 5514.7  4140.38  4087.89  5387.82  7104.05  4598.78  
Period   4 3484.11  7926.8  5300.2  5701.41  2193.67  5408.7  
Period   5 5337.33  5136.86  6514.58  3187.45  4239.81  2440.82  
UNDS1
Period   0 -7491.76  -7919.85  -6808.14  -6758.72  -7661.02  -6079.01  
Period   1 -5296.87  -9321.77  -7847.96  -6276.68  -6517.72  -10363  
Period   2 -6004.86  -4942.41  -6747.4  -5362.94  -5918.54  -5102.39  
Period   3 -6448.78  -7029.48  -5998.34  -6403.37  -6980.02  -6450.64  
Period   4 -6102.82  -7058.71  -6433.89  -7480.98  -6117.58  -6858.37  
Period   5 -6992.81  -7936.16  -7184.33  -7025.58  -7752.55  -6911.53  
