NBScenarios 50
SCENARIO 0
UNDS0
Period   0 3625.64  1519.98  3907.95  3688.53  1412.12  3178.97  
Period   1 5845.61  1414.62  4047.1  1972.27  624.259  3502.21  
Period   2 2443.14  1911.45  4026.6  6658  4113.75  946.54  
Period   3 7482.31  7499.71  2477.2  6000.2  7517.68  5643.13  
Period   4 8025.87  2603.12  5006.4  7007.88  7021.8  3603.45  
Period   5 2637.81  1924.87  4093.16  2484.82  6661.82  5226.77  
UNDS1
Period   0 -3204.49  -3108.73  -3018.7  -3524.95  -3356.05  -3426.88  
Period   1 -5270.45  -4312.79  -2877.87  -4752.14  -2628.26  -3371.35  
Period   2 -2820.49  -3228.26  -2705.43  -2730.32  -2726.71  -3117.55  
Period   3 -3448.96  -3423.13  -3221.22  -3637.87  -3640.19  -3527.09  
Period   4 -3221.14  -3144.51  -3787.45  -3548.3  -3581.59  -3081.39  
Period   5 -3932.27  -3831.12  -3882.2  -3000.91  -3168.55  -3170.07  
SCENARIO 1
UNDS0
Period   0 3253.97  1488.07  2083.01  3467.63  4045.69  2062.36  
Period   1 220.455  4247.08  2807.96  805.738  2441.97  1345.34  
Period   2 5316.55  1102.18  5491.68  1010.98  1842.49  2654.06  
Period   3 4536.54  4339.53  4262.63  4522.93  5507.14  6422.64  
Period   4 6439.93  7793.6  6729.99  7068.2  3409.38  4694.08  
Period   5 5434.45  1914.66  5306.51  5595.66  2745.58  5248.6  
UNDS1
Period   0 -3952.16  -3577.85  -3530.84  -3224.81  -3018.43  -3447.11  
Period   1 -4374.29  -2796.61  -3653.99  -2998.33  -4717.17  -5323.21  
Period   2 -2714.86  -2612.95  -3437.45  -2613.54  -3072.11  -2439.89  
Period   3 -3183.5  -3431.28  -3017.55  -3422.2  -2958.39  -3285.69  
Period   4 -3354.55  -3681.43  -3697.75  -3174.37  -3688.79  -3620.87  
Period   5 -3724.62  -3182.03  -3151.59  -3006.36  -3727.79  -3650.99  
SCENARIO 2
UNDS0
Period   0 3624.28  2029.48  1854.93  1141.97  3980.72  1773.44  
Period   1 2239.9  5807.13  1258.21  5430.19  1606.94  6112.11  
Period   2 4434.66  5395.5  3592.4  5023.8  818.863  802.351  
Period   3 6651.14  6420.31  5128.64  5185.92  4908.29  6043.35  
Period   4 7770.04  6349.49  3729.37  6250.85  6746.08  3686.69  
Period   5 5819.39  4820.1  3878.32  2981.95  4852.67  4642.33  
UNDS1
Period   0 -4000.08  -3635.41  -4024.4  -3692.54  -3494.82  -3374.45  
Period   1 -3083.66  -4327.34  -2628.2  -2537.15  -4993.39  -4921.23  
Period   2 -2980.56  -3233.83  -3125.36  -3244.92  -3791.62  -2750.27  
Period   3 -3496.63  -3452.13  -3647.98  -2985.9  -3101.14  -3410.99  
Period   4 -3552.78  -3089.58  -3370.25  -3293.12  -3675.05  -3713.77  
Period   5 -3386.16  -3513.91  -3719.25  -3643.35  -3334.97  -3457.04  
SCENARIO 3
UNDS0
Period   0 3236.56  3319.91  3419.27  4163.98  1577.7  1519.74  
Period   1 536.457  5840.5  1465.45  3235.19  5845.36  3572.92  
Period   2 1699.03  3768.82  5672.32  3528.6  2862.51  1766.77  
Period   3 7676.04  4275.02  1984.69  6797.6  4244.61  5246.24  
Period   4 2582.58  5090.68  8056.15  8171.52  1929.66  2119.63  
Period   5 5929.53  6980.41  6149.98  3788.57  6417.21  3622.1  
UNDS1
Period   0 -3990.55  -3699.79  -3640.32  -3133.78  -3795.71  -4034.28  
Period   1 -3022.18  -3433.82  -4106.54  -3169.62  -2696.92  -4991.25  
Period   2 -3544.12  -2378.31  -3424.77  -3670.08  -3597  -3397.28  
Period   3 -3670.57  -3094.37  -3036.25  -3721.19  -3286.77  -3245.52  
Period   4 -3352.33  -3807.39  -3692.43  -3242.78  -3097.68  -3365.71  
Period   5 -3366.43  -3546.62  -3632.8  -3781.56  -3473.34  -3842.04  
SCENARIO 4
UNDS0
Period   0 2345.6  2285.23  1335.5  3463.51  1843.74  1225.46  
Period   1 789.241  1618.92  1177.01  3230.53  1535.7  5264.67  
Period   2 3261.88  6592.17  1092.96  5658.39  2510.29  855.631  
Period   3 7357.68  1797.25  4543.36  3036.66  4533.37  4873.15  
Period   4 4061.4  7581.45  7660.34  4100.57  4263.18  2112.92  
Period   5 2478.25  2746.94  5957.31  6462.29  3926.64  2993.57  
UNDS1
Period   0 -3815.9  -3781.4  -3635.73  -3537.41  -3977.2  -3815.36  
Period   1 -4987.31  -3933.33  -2604.56  -2566.63  -2563.13  -3457.8  
Period   2 -2971.26  -2705.78  -3721.89  -3175.09  -3467.03  -3003.77  
Period   3 -3482.76  -3742.3  -3077.86  -3509.27  -3774.96  -3437.93  
Period   4 -3778.05  -3051.15  -3672.24  -3134.55  -3268.96  -3597.23  
Period   5 -3258.68  -3850.05  -3341.19  -3492.91  -3534.58  -3605.74  
SCENARIO 5
UNDS0
Period   0 2795.73  3327.26  2018.59  1992.2  3408.55  2819.23  
Period   1 1209.31  5195.99  4395.36  2000.05  1174.47  2468.55  
Period   2 2974.06  2829.19  4491.15  5613.04  2822.79  1181.34  
Period   3 2002.98  3852.4  7262.19  4342.68  6309.42  3382.41  
Period   4 5015.47  7727.62  4689.49  5027.15  4759.42  6737.06  
Period   5 3493.02  2461.92  4544.25  3946.67  4556.01  6424.97  
UNDS1
Period   0 -3176.26  -3683.55  -3201.58  -3065.77  -3368.74  -3482.39  
Period   1 -4261.86  -4963.28  -2988.32  -4787.59  -3808.25  -2584.34  
Period   2 -3298.18  -2367.03  -2441.46  -3459.32  -2533.29  -3786.02  
Period   3 -3312.33  -3452.09  -3249.77  -3113.76  -3280.42  -3375.94  
Period   4 -3639.69  -3360.5  -3561.15  -3798.69  -3418.64  -3058.08  
Period   5 -3751.17  -3786.53  -3148.06  -3107.1  -3786.27  -3544.11  
SCENARIO 6
UNDS0
Period   0 1800.36  1558.27  1629.19  1842.46  1805.76  3578.92  
Period   1 2788.47  3027.3  1991.05  574.868  5909.63  4125.12  
Period   2 3338.22  4535.08  1890.42  4247.86  4861.49  1110.23  
Period   3 7574.44  3698.76  4220.99  5718.52  2188.94  5885.39  
Period   4 3551.61  2938.9  4515.81  2755.91  5707.33  4777.16  
Period   5 3263.5  2118.68  5034.78  6046.29  5598.32  2771.29  
UNDS1
Period   0 -3838.05  -3161.17  -3953.92  -3723.42  -3754.83  -3356.01  
Period   1 -4437.84  -4139.55  -4127.85  -3075.59  -3881.68  -5042.55  
Period   2 -3684.41  -2362.04  -3426.69  -3544.52  -2642.41  -2697.87  
Period   3 -3763  -3558.23  -2984.72  -3577.07  -3156.46  -3701.13  
Period   4 -3403.78  -3524.97  -3328.26  -3577.63  -3614.88  -3000.58  
Period   5 -3526.79  -3767.59  -3031.35  -3382.28  -3440.37  -3755.03  
SCENARIO 7
UNDS0
Period   0 2715.52  1688.71  1817.94  2344.87  2615.58  2381.2  
Period   1 3993.98  1088.97  4346.47  1913.93  2531.3  4073.4  
Period   2 2967.88  1694.29  6629.09  5338.53  870.58  2390.81  
Period   3 6988.04  7447.17  7162.38  1612.01  6436.34  4737.16  
Period   4 2531.76  6807.87  3575.98  3997.91  4046.28  2726.02  
Period   5 5434.59  3418.2  2610.08  6304.97  5650.38  3099.97  
UNDS1
Period   0 -3965.75  -3526.83  -3358.26  -4082.55  -3535.49  -4070.4  
Period   1 -3084  -4532.53  -3272.29  -5085.18  -2717.3  -4243.78  
Period   2 -2511.47  -3291.45  -3322.3  -2760.44  -2791.35  -3713.64  
Period   3 -3617.15  -3343.74  -3761.86  -3421.49  -3144.57  -3191.53  
Period   4 -3394.19  -3600.89  -3411.08  -3476.93  -3054.27  -3592.04  
Period   5 -3378.41  -3059.69  -3370.75  -3513.35  -3133.19  -3579.38  
SCENARIO 8
UNDS0
Period   0 3597.02  2614.05  2887.84  2695.01  1667.06  1795.62  
Period   1 1535.56  2131.23  5673.68  3215.12  183.515  3814.77  
Period   2 3690.42  2629.92  1790.77  6481.69  4623.91  819.359  
Period   3 5918.71  6130.81  4602.92  3499.7  4420.75  3473.04  
Period   4 2281.56  7995.82  6264.62  5322.21  2171.56  7479.55  
Period   5 2271.52  6759.93  4612.58  5368.99  2403  3406.38  
UNDS1
Period   0 -3175.68  -4011.55  -3176.35  -3826.78  -3281.98  -3301.65  
Period   1 -4934.68  -4801.61  -3435.34  -4133.58  -3850.1  -2622.19  
Period   2 -2391.98  -3601.83  -2863.81  -2872.27  -2643.41  -3120.5  
Period   3 -3395.7  -3410.29  -3414.21  -3576.92  -3074.29  -3350.6  
Period   4 -3744.08  -3052.4  -3702.33  -3749.93  -3668.55  -3214.54  
Period   5 -3593.52  -3371.2  -3160.76  -3791.85  -3188.29  -3587.58  
SCENARIO 9
UNDS0
Period   0 1287.46  1960.76  2337.7  3760.11  2733.32  3917.7  
Period   1 2667.52  3950.59  4203.9  1157.24  4019.03  3296.15  
Period   2 2522.71  5665.33  3346.74  2920.01  862.649  4050.24  
Period   3 7601.2  3319.01  2536.44  2567.13  2158.54  4555.3  
Period   4 4283.42  3150.08  3167.96  7431.57  5034  3206.86  
Period   5 3665.37  5104.62  6848.48  6465.86  6685.73  3089.16  
UNDS1
Period   0 -4025.82  -3033.05  -3264.85  -3899.19  -3785.44  -3004.95  
Period   1 -4131.77  -3716.65  -3763.99  -3615.46  -2602.54  -4989.52  
Period   2 -3200.58  -2983.54  -2377.3  -3001.59  -3369.93  -3356.77  
Period   3 -3181.75  -3683.91  -3211.82  -3150.01  -3321.88  -3578.3  
Period   4 -3227.81  -3123.03  -3254.34  -3658.4  -3664.56  -3551.55  
Period   5 -3851.85  -3111.29  -2995.99  -3315.19  -3809.5  -3251.24  
SCENARIO 10
UNDS0
Period   0 1201.06  1293.88  2839.72  1507.84  3833.79  1378.85  
Period   1 4282.72  53.2124  1218.77  2921.67  2361.07  4059.54  
Period   2 3518.28  3925.6  6591.66  2624.42  1087.79  1321.24  
Period   3 6804.24  3067.5  5497.54  2948.79  3832.89  2573.61  
Period   4 3121.91  5714.28  4640.82  6552.12  4984.94  7516.47  
Period   5 2527.18  5577.23  4965.44  3120.78  3076.18  4385.58  
UNDS1
Period   0 -3657.16  -4064.09  -3436.85  -3254.33  -3804.66  -3357.18  
Period   1 -4521.19  -5145.87  -3560.39  -3984.9  -4595.2  -2444.47  
Period   2 -2608.39  -3034.04  -2377.87  -2499.08  -2745.47  -3381.37  
Period   3 -3490.79  -3612.01  -3283  -3003.53  -3695.05  -3464.03  
Period   4 -3052.93  -3101.84  -3075.32  -3539.78  -3127.31  -3707.92  
Period   5 -3721.45  -3329.93  -3393.65  -3401.11  -3955.51  -3929.5  
SCENARIO 11
UNDS0
Period   0 2418.3  3486.89  2069.43  2624.43  1600.6  2613.37  
Period   1 1144.1  2746.41  2706.47  2526.26  603.068  4969.3  
Period   2 4331.29  6551.05  3578.45  3224.56  1366.95  957.162  
Period   3 5839.3  1947.52  5458.89  5426.85  1708.34  4779.31  
Period   4 2340.36  3795.47  3945.44  3982.1  5297.53  5939.17  
Period   5 5303.12  7071.43  4019.62  4583.45  6163.9  5274.86  
UNDS1
Period   0 -3286.51  -3811.58  -3008.54  -3715.22  -3494.22  -3252.91  
Period   1 -4419.11  -3366.62  -5064.8  -3371.61  -3578.43  -5143.59  
Period   2 -2674.76  -3140.59  -3192.26  -2792.22  -3676.68  -3710.09  
Period   3 -3557.75  -3728.47  -3655.35  -3332.33  -3545.18  -3499.41  
Period   4 -3444.54  -3408.18  -3371.41  -3704.32  -3429.97  -3734.86  
Period   5 -3117.54  -3859.35  -3468.62  -3024.72  -3050.48  -3435.21  
SCENARIO 12
UNDS0
Period   0 3076.9  1931.35  4068.85  3347.21  1768.13  1976.25  
Period   1 4327.18  3038.2  1850.01  354.825  4299.57  3927.96  
Period   2 4901.33  3694.65  1201.16  6136.4  1453.91  2588.64  
Period   3 2889.05  7193.32  5640.56  3383.72  6735.23  6398.63  
Period   4 4104.56  3347.86  6895.33  4773.29  6222.13  5164.7  
Period   5 1934.92  3099.29  5031.29  5601.78  3911.21  7019.15  
UNDS1
Period   0 -3067.02  -3356.64  -4083.04  -3781.5  -3570.72  -3563.43  
Period   1 -4127.32  -5366.66  -4019.76  -4062.39  -3110.15  -2519.57  
Period   2 -3339.32  -3365.26  -2666.11  -3495.68  -3122.5  -3448.38  
Period   3 -3757.34  -3090.61  -3636.13  -3367.52  -3163.88  -3435.75  
Period   4 -3416.48  -3633.07  -3685.91  -3360.4  -3527.66  -3206.88  
Period   5 -3380.84  -3698.89  -3789.23  -3444.24  -3252.09  -3234.9  
SCENARIO 13
UNDS0
Period   0 1852.83  2129.13  3944.02  3585.47  1934.09  3546.48  
Period   1 4899.2  95.3069  1207.44  5663.63  1839.99  3795.76  
Period   2 1337.57  1308.68  4199.64  6256.77  4488.35  2361.54  
Period   3 4888.88  7580.69  4139.52  7080.14  5495.55  7212.75  
Period   4 6044.75  7880.94  6245.71  1953.28  5969.03  6877.88  
Period   5 6814.91  2034.99  2986.46  4956.96  5588.26  5278.86  
UNDS1
Period   0 -3821.96  -3719.78  -3951.72  -3960.96  -3409.85  -3820.68  
Period   1 -4051.46  -2510.83  -4026.2  -3807.06  -3428.46  -3427.41  
Period   2 -2687.16  -2777.49  -3298.92  -3708.84  -2844.85  -3509.01  
Period   3 -3428.26  -3413.32  -3059.92  -3778.6  -3067.72  -3728.36  
Period   4 -3598.79  -3526.03  -3298.91  -3551.93  -3325.13  -2980.33  
Period   5 -3446.33  -3713.26  -3122.87  -3135.52  -3717.47  -3628.23  
SCENARIO 14
UNDS0
Period   0 2086.03  3414.98  1469.57  3719.05  4013.47  1446.75  
Period   1 4131.53  6175.69  3068.56  4558.03  4091.63  6289.07  
Period   2 4013.83  5283.4  4619.14  1531.23  2460.16  1290.89  
Period   3 5970.49  2717.06  4739.47  6658.82  7660.97  7406.09  
Period   4 3299.53  6811.17  2577.11  7416.6  2602.06  4816.25  
Period   5 2230.68  3629.96  4003.82  6258.95  4231.54  4782.41  
UNDS1
Period   0 -3678.04  -3950.09  -3236.37  -3848.67  -3386.98  -3538.75  
Period   1 -3104.8  -4170.54  -2631.61  -3141.47  -2514.28  -4653.26  
Period   2 -3529.29  -2684.98  -3606.7  -2379.51  -2794.96  -2576.66  
Period   3 -3707.12  -3066.24  -3333.75  -3470.62  -3329.47  -3744.48  
Period   4 -3090.87  -2994.77  -3406.93  -3106.46  -3483.7  -3370.08  
Period   5 -3317.92  -3903.45  -3249.31  -3945.82  -3466.66  -3374.41  
SCENARIO 15
UNDS0
Period   0 2177.91  3380.61  1564.99  3008.14  2916.89  3154.15  
Period   1 1677.73  6088.09  284.506  1701.68  4831.57  5884.07  
Period   2 2232.43  1498.54  3410.17  2647.09  4858  4858.62  
Period   3 3727.21  2948.59  6065.31  6509.96  3947.19  4950.5  
Period   4 6273.86  7938.99  6405.9  5123.7  4730.75  5183.29  
Period   5 2001.8  2695.42  3620.46  6960.79  4106.41  5195.59  
UNDS1
Period   0 -3784.16  -3885.91  -3865.47  -4001.98  -3171.71  -3534.6  
Period   1 -4110.93  -3063.62  -2764.21  -4008.69  -4224.87  -2778.15  
Period   2 -2688.87  -2866.17  -3231.09  -2493.54  -2631.49  -3801.78  
Period   3 -3135.06  -3188.27  -3461.79  -3282.11  -3601.4  -3697.13  
Period   4 -3150.29  -2982.37  -3016.82  -3621  -3539.05  -3568.64  
Period   5 -3318.08  -3300.28  -3546.64  -3032.99  -3158.68  -3852.28  
SCENARIO 16
UNDS0
Period   0 3483.45  3965.15  1618.49  3816.36  3096.82  1238.04  
Period   1 6335.18  3013.68  3292.31  3597.46  5659.4  5360.74  
Period   2 4269.35  1675.02  1713.04  4571.74  1979.19  5869.22  
Period   3 4023.12  5464.24  6141.98  4225.01  6618.62  1676.01  
Period   4 6955.76  2432.17  3938.56  5294.35  5318.01  6904.81  
Period   5 2367.74  5730.56  2480.87  2888.84  2608.72  3261.5  
UNDS1
Period   0 -3330.61  -3582.06  -3534.38  -3573.41  -3873.63  -3336.18  
Period   1 -3919.49  -4855  -4941.32  -4823.01  -5213.79  -3837.21  
Period   2 -2570.03  -3337.28  -2992.59  -3560.9  -2455.13  -3772.93  
Period   3 -3185.59  -3069.68  -3284.1  -3576.48  -3082.87  -3665.41  
Period   4 -3075.86  -3683.62  -2983.55  -3559.67  -3813.75  -3785.99  
Period   5 -3127.3  -3575.49  -3375.76  -3208.18  -3004.96  -3761.18  
SCENARIO 17
UNDS0
Period   0 2735.81  1154.21  2586.52  1985.93  3584.18  4049.33  
Period   1 1458.19  1096.42  3187.8  602.559  5765.46  1753.04  
Period   2 4190.5  1988.05  5786.55  5119.05  1845.81  1096.36  
Period   3 5133.12  5133.72  3029.75  4581.37  5631.78  5164.03  
Period   4 2434.29  5540.27  5906.14  3084.63  6130.05  7670.6  
Period   5 5694.71  2027.2  6531.91  3274.76  7007.98  5969.08  
UNDS1
Period   0 -3230.23  -3418.29  -3438.56  -3466.59  -3053.33  -3977.11  
Period   1 -3669.22  -2649.45  -5325.54  -4203.67  -5020  -5258.12  
Period   2 -2552.56  -2956.83  -3103.66  -3207.17  -2578.56  -3620.31  
Period   3 -3607.12  -3261.48  -3310.49  -3740.35  -3243.36  -3054.41  
Period   4 -3787.32  -3434.48  -3297.86  -3406.8  -3509.78  -3757.53  
Period   5 -3928.96  -3760.48  -3496.61  -3344.51  -3788.48  -3018.83  
SCENARIO 18
UNDS0
Period   0 1481.56  4042.96  1737.03  3383.06  1554.2  2404.65  
Period   1 1210.06  4388.7  272.975  4391.78  4065.27  1480.1  
Period   2 2463.01  6669.17  3977.72  2799.41  2600.95  1387.4  
Period   3 4594.52  3595.91  4821.97  3750.08  4260.14  7637.28  
Period   4 2693.17  6540.5  5038.29  7260.04  7359.19  4447.43  
Period   5 6444.42  6328.82  3305.53  2792.34  2984  6826.45  
UNDS1
Period   0 -3456.85  -3694.61  -3373.19  -3656.87  -3621.17  -3640.38  
Period   1 -4769.64  -3262.5  -2587.25  -2916.73  -5134.09  -2578.6  
Period   2 -3655  -3715.77  -3602.09  -2841.18  -3566.53  -3305.11  
Period   3 -3251.08  -3467.36  -3291.96  -3642.6  -3743.23  -3690.35  
Period   4 -3032.03  -3686.03  -3202.15  -3481.97  -3194.44  -3481.17  
Period   5 -3915.33  -3950.16  -3132.21  -3535.45  -3059.53  -3880.81  
SCENARIO 19
UNDS0
Period   0 4151.63  3939.66  3762.71  2147.35  2041.61  1292.56  
Period   1 3285.62  4667.71  1136.66  4712.36  2550.97  4201.91  
Period   2 1590.19  2073.24  982.248  1103.81  6340.94  1146.32  
Period   3 3368.1  4112.72  3332.31  6524.54  3564.2  3464.28  
Period   4 4889.24  7558.19  6048.47  4518.29  2061.46  3190.03  
Period   5 6279.47  2032.6  4806.97  2245.49  6341.32  5417.26  
UNDS1
Period   0 -3697.96  -3994.28  -3588.96  -3718.48  -4024.08  -3482.88  
Period   1 -4854.55  -3031.63  -3425.92  -4856.38  -4402.4  -5102.8  
Period   2 -2500.46  -3722.13  -3636.88  -3391.12  -2369.49  -2766.24  
Period   3 -3321.14  -3361.31  -3176.72  -3005.25  -2923.61  -3525.92  
Period   4 -3572.41  -3757.59  -3466.01  -3499.19  -3423.74  -3101.42  
Period   5 -3227.01  -3619.29  -3173.71  -3837.51  -3879.16  -3563.29  
SCENARIO 20
UNDS0
Period   0 1652.16  3793.78  2214.87  4190.83  1275.78  2754.45  
Period   1 3340.07  2525.22  2149.43  2126.5  1124.28  275.403  
Period   2 2032.79  5853.44  6140.41  1463.75  2832.67  1125.63  
Period   3 4404.5  4174.46  7155.22  3530.26  2144.87  3066.06  
Period   4 6671.49  2742.02  6612.11  2479.34  5495.91  7993.72  
Period   5 2857.81  3353.63  5005.5  4906.43  3459.67  3735.65  
UNDS1
Period   0 -3935.36  -3732.3  -3848.2  -3221.67  -3090.4  -3673.2  
Period   1 -5165.32  -4812.26  -4662.25  -5343.06  -5167.39  -2528.47  
Period   2 -3165.66  -2488.54  -3789.6  -2371.14  -2502.35  -2776.53  
Period   3 -3618.15  -3236.38  -3707.51  -3251  -3522.37  -2987.97  
Period   4 -3431.12  -3074.4  -3728.79  -3797.85  -2978.11  -3209.08  
Period   5 -3651.34  -3396.87  -3685.47  -3922.11  -3916.67  -3350  
SCENARIO 21
UNDS0
Period   0 2024.56  2019.06  1243.69  2540.14  2666.83  4038.59  
Period   1 4873.13  3532.37  4038.85  3221.83  575.307  853.353  
Period   2 1277.09  5007.44  5385.72  6258.09  1317.43  849  
Period   3 4809.39  5445.01  2176.76  3620.21  6620.01  5614.65  
Period   4 4063.83  6121.51  3781.43  3630.8  6676.41  6010.59  
Period   5 1953.75  4132.12  2151.93  6071.51  5373.16  3627.35  
UNDS1
Period   0 -3414.11  -3295.23  -3500.03  -3357.68  -3273.9  -3817.05  
Period   1 -3295.19  -2672.01  -3077.16  -3599.37  -4528.44  -4248.22  
Period   2 -2800.4  -2672.83  -2998.26  -3088.06  -3231.49  -2520.01  
Period   3 -3735  -3443.98  -3113.34  -3547.83  -3496.23  -3578.47  
Period   4 -3303.61  -3812.93  -3191.57  -3482.42  -3726.15  -3644.52  
Period   5 -3851.98  -3219.03  -3437.68  -3379.79  -3500.87  -3212.17  
SCENARIO 22
UNDS0
Period   0 3860.47  2648.12  3576.78  2291.98  3172.79  1722.93  
Period   1 328.524  818.926  466.466  1597.86  566.576  3220.18  
Period   2 5510.27  1556.45  6363.75  4978.54  862.217  820.92  
Period   3 2318.91  2885.07  5980.89  5731.98  2184.19  4281.99  
Period   4 2651.95  6201.18  6000.59  7719.94  4004.41  7268.08  
Period   5 5299.82  3001.82  5795.48  6845.56  4932.57  6465.04  
UNDS1
Period   0 -3262.44  -3296.82  -3823.52  -3006.24  -3268.07  -3614.64  
Period   1 -2520.59  -2912.74  -2825.51  -5101  -5121.84  -3394.68  
Period   2 -3275.3  -3665.69  -3271.28  -2793.17  -2811.32  -3494.45  
Period   3 -3271  -3115.37  -3105.39  -3718.44  -3470.22  -3437.65  
Period   4 -3641.13  -3639.9  -3741.39  -3742.76  -3165.8  -3378.1  
Period   5 -3775.55  -3016.22  -3596.14  -3814.44  -3435.48  -3075.19  
SCENARIO 23
UNDS0
Period   0 1809.76  2044.73  3090.02  2900.76  2601.89  3716.02  
Period   1 971.811  2483.66  5004.36  38.4867  643.88  63.4868  
Period   2 2534.99  1970.4  2200.5  3120.95  3932.15  1888.92  
Period   3 2067.29  6678.6  4012.96  6334.38  2150.05  1978.66  
Period   4 2618.62  3765.09  6920.34  3663.07  3766.05  5878.92  
Period   5 5038.37  6690.09  6915  3072.18  4148.92  3380.94  
UNDS1
Period   0 -3312.73  -3990.33  -3242.37  -3720.27  -3603.83  -4026.46  
Period   1 -3447.42  -3578.64  -5052.66  -3773.69  -2628.94  -4352.17  
Period   2 -3535.95  -3041.51  -3421.31  -2352.82  -2647.05  -2563.43  
Period   3 -3366.45  -3007.12  -3123.05  -3676.85  -3445.69  -3255.53  
Period   4 -3584.93  -3116.74  -3782.91  -2984.46  -3248.65  -3271.9  
Period   5 -3555.56  -3240.39  -3533.78  -3233.48  -3378.42  -3322.62  
SCENARIO 24
UNDS0
Period   0 1284.15  2774.09  2079.02  3363.79  3495.44  3517.2  
Period   1 4457.17  3127.34  802.126  3800.06  832.969  6189.91  
Period   2 1344.88  1262.43  846.14  1007.5  3296.35  2996.05  
Period   3 5564.55  1983.06  5982.12  6361.96  4793.5  4458.14  
Period   4 2596.43  4720.18  5943.3  3703.48  2709.6  5207.55  
Period   5 2598.38  3812.88  2412.69  2513.04  2638.54  5012.85  
UNDS1
Period   0 -3897.46  -4065.9  -3866.37  -3564.81  -3731.73  -3603.77  
Period   1 -4444.75  -4379.16  -4735.55  -5119.91  -4637.08  -4015.12  
Period   2 -2508.56  -3054.89  -2784.83  -3114.6  -2999.61  -3757.7  
Period   3 -3628.73  -3050.22  -3604.85  -2965.89  -3721.37  -3050.4  
Period   4 -3046.64  -2990.79  -3220.58  -3089.89  -3485.01  -3599.85  
Period   5 -3669.67  -3075.04  -3814.33  -3389.84  -3366  -3165.29  
SCENARIO 25
UNDS0
Period   0 4162.6  2766.58  1628.34  3930.73  1799.07  1437.69  
Period   1 2539.52  120.887  473.567  5481.6  4378.21  5384.81  
Period   2 3174.09  5450.3  6598.73  2606.93  1069.44  1094.19  
Period   3 5348.17  5136.07  2457.09  4992.03  3864.34  7230.24  
Period   4 2931.26  5773.52  6751.92  2548.46  7475.11  5861.69  
Period   5 3724.04  5715.86  5464.79  3413.01  3429.57  3556.85  
UNDS1
Period   0 -3495  -3446.95  -3159.83  -3372.13  -3420.75  -4022.77  
Period   1 -4389.21  -2493.18  -4495.36  -3044.39  -4044.24  -3495.42  
Period   2 -3193.44  -3336.62  -3285.24  -2392.41  -2995.85  -3073.16  
Period   3 -3145.9  -2991.13  -3421.18  -3295.5  -3416.84  -3402.14  
Period   4 -3709.3  -3004.09  -3793.66  -3713.23  -3570.45  -2986.9  
Period   5 -3665.65  -3751.68  -3335.35  -3391.06  -3037.4  -3417.24  
SCENARIO 26
UNDS0
Period   0 4000.77  3470.4  2519.45  2377.77  1780.94  1220.19  
Period   1 4888.95  3238.41  4859.7  1101.06  4740.15  3385.77  
Period   2 5187.76  3953.65  1424.93  4827.84  2916.8  1267.24  
Period   3 4372.22  3551.05  2815.41  3821.99  2110.82  2355.14  
Period   4 7170.88  6568.09  3020.06  4007.52  2946.85  6127.24  
Period   5 5363.13  2231.47  6550.82  6618.41  4586.1  2444.22  
UNDS1
Period   0 -3303.9  -3974.09  -3913.74  -3648.39  -3025.41  -3345.03  
Period   1 -3784.54  -3917.75  -3376.13  -4015.42  -5267.95  -4754.02  
Period   2 -2630.48  -3212.58  -2718.72  -3652.07  -3633.92  -3096.34  
Period   3 -3334.06  -3691.54  -3506.4  -3478.05  -3315.54  -3536.83  
Period   4 -3479.15  -3538.85  -3465.53  -3596.62  -3662.38  -3356.24  
Period   5 -3726.7  -3909.22  -3957.45  -3960.59  -3070.08  -3845.07  
SCENARIO 27
UNDS0
Period   0 3126.47  3879.27  3991.1  3401.2  1231.13  1504.95  
Period   1 5895.02  6098.47  5085.81  5850.64  3695.32  963.283  
Period   2 3396.21  6122.2  2319.92  3397.5  3254.48  1255.6  
Period   3 2917.75  3677.05  1897.96  1727.4  6257.44  4995.46  
Period   4 6195.69  4122.01  6477.36  6839.02  6009.19  5527.83  
Period   5 4079.05  6541.57  3931.96  6382.37  6143.93  3493.91  
UNDS1
Period   0 -3731.78  -3347.12  -3179.69  -3324.27  -3207.97  -3639.99  
Period   1 -2868.65  -5321.39  -3888.22  -5363.47  -3505.77  -4227.47  
Period   2 -2424.14  -2352.71  -3162.39  -3517.59  -3721.54  -2894.31  
Period   3 -3038.45  -2992.83  -3242.23  -3050.53  -3481.1  -3237.25  
Period   4 -2976.76  -3038.4  -3625.89  -3582.47  -3266.16  -3272.41  
Period   5 -3383.2  -3566.74  -3597.15  -3002.9  -3837.93  -3515.1  
SCENARIO 28
UNDS0
Period   0 1177.92  3193.54  2405.45  3993.32  1670.71  2870.42  
Period   1 4644.96  2805.39  2370.32  2048.3  5385.98  5858.97  
Period   2 5131.96  6594.44  3754.26  1420.76  1082.72  826.024  
Period   3 7435.78  3585.05  3145  6994.11  7232.4  2189.84  
Period   4 3332.13  3897.3  4290.81  5258.88  2460  2664  
Period   5 5228.61  5856.56  2839.21  3525.8  2134.27  3402.73  
UNDS1
Period   0 -3281.16  -3722.47  -3698.46  -3627.13  -3350.64  -3791.84  
Period   1 -4246.39  -3944.75  -3530.22  -4708.65  -5311.81  -2636.18  
Period   2 -2482.86  -3744.07  -2643.07  -2386.88  -2722.75  -2816.1  
Period   3 -3084.85  -3398.53  -3456.68  -3603.18  -3254.27  -3699.09  
Period   4 -3330.8  -3356.42  -3368.97  -3363.9  -3583.14  -3253.16  
Period   5 -3733.34  -3898.21  -3533.88  -3342.14  -3753.89  -3834.43  
SCENARIO 29
UNDS0
Period   0 3593.79  2349.59  4156.92  3947.16  1134.57  1573.4  
Period   1 3428.25  4110.82  557.294  3940.19  5133.39  5117.74  
Period   2 6635.95  3412.19  1194.98  4931.46  2984.49  915.426  
Period   3 1612.7  3145.24  5739.8  1845.37  6359.17  5886.42  
Period   4 5318.48  7024.26  7566.3  8090.75  6844.71  2451.08  
Period   5 5154.88  2119.64  2616.92  6700.97  3032.57  2226.67  
UNDS1
Period   0 -3882.03  -3660.64  -4037.88  -3942.48  -3965.55  -3166  
Period   1 -3562.29  -5350.19  -2611.58  -2804.71  -4332.9  -2766.44  
Period   2 -3210.94  -3053.85  -2375.41  -3363.64  -2431.88  -3231.67  
Period   3 -3202.91  -3439.95  -2933.29  -3593.68  -3124.89  -3311.35  
Period   4 -3531.38  -3574.05  -3257.82  -3502.37  -3609.1  -3772.64  
Period   5 -3687.28  -3177.7  -3309.32  -3367.18  -3459  -3672.24  
SCENARIO 30
UNDS0
Period   0 2375.94  1810.2  2968.18  2435.52  3426.61  3346  
Period   1 3734.61  5517.24  3531.47  4365.51  3734.85  3694.17  
Period   2 3819.74  5531.61  1287.3  1785.83  5045.46  1966.65  
Period   3 7676.17  7647.8  3698.11  7138.14  7521.8  2219.35  
Period   4 4117.27  5804.95  7573.88  7646.01  4810.05  5781.48  
Period   5 4049.82  4112.98  3032.21  4643.82  2553.4  3088.66  
UNDS1
Period   0 -3741.24  -3090.8  -3277.91  -3963.5  -3214.86  -3029.35  
Period   1 -3334.79  -4204.58  -5346.66  -5293.04  -2895.27  -4060.5  
Period   2 -2465.73  -3509.07  -2686.19  -2511.56  -3746.82  -2439.41  
Period   3 -3461.11  -3722.55  -3178.95  -3668.44  -3157.17  -3343.62  
Period   4 -3625.81  -3085.88  -3588.19  -3136.96  -3248.88  -3108.59  
Period   5 -3508.47  -3077  -3364.8  -3167.49  -3745.31  -3332.91  
SCENARIO 31
UNDS0
Period   0 1649.08  3901.14  3671.89  1963.53  3477.46  2449.2  
Period   1 5980.66  4373.1  690.489  4587.72  1166.26  4997.64  
Period   2 1384.66  4707.34  3689.61  5229.76  1474.16  1368.92  
Period   3 7054.53  5026.45  2114.36  5521.38  1773.83  5826.39  
Period   4 5466.69  5980.14  6843.97  7078.43  3896.42  6742.08  
Period   5 2830.71  5671.96  3662.57  2040.96  2992.76  6856.11  
UNDS1
Period   0 -3517.74  -3932.87  -3077.71  -3852.3  -3385.84  -3939.14  
Period   1 -5076.84  -2812.39  -4225.84  -2760.8  -5214.84  -5356.76  
Period   2 -3078.92  -2796.28  -3180.22  -2615.05  -2356.18  -2948.39  
Period   3 -3086.15  -3390.22  -3368.14  -3154.05  -3014.48  -3297.8  
Period   4 -3698.65  -3441.44  -3486.6  -3372.64  -3035.26  -3338.86  
Period   5 -3076.15  -3347.91  -3276.51  -3392  -3370.09  -3471.91  
SCENARIO 32
UNDS0
Period   0 2164.19  3202.13  4001.68  1516.07  1486.8  1877.58  
Period   1 4675.75  2120.67  4137.46  1174.18  5332.17  3809.42  
Period   2 3149.87  5368.38  5223.95  2162.77  2967.43  926.305  
Period   3 3499.25  7104.43  4924.02  4453.28  7570.6  5058.11  
Period   4 5415.57  3645.47  4014.71  2917.33  5864.62  6358.16  
Period   5 3775.31  2906.86  5833.85  2623.57  4052.28  2454.82  
UNDS1
Period   0 -3537.52  -3748.4  -3312.74  -3757.32  -3004  -4079.85  
Period   1 -4411.44  -4969.13  -2911.19  -3187.17  -3201.59  -4867.95  
Period   2 -2419.36  -2861.03  -3762.46  -2638.34  -3289.23  -3052.99  
Period   3 -3215.01  -3711.7  -3544.75  -3184.98  -3588.97  -3039.94  
Period   4 -3216.88  -3431.71  -3289.58  -3067.33  -3318.11  -3414.3  
Period   5 -3328.72  -3659.86  -3930.91  -3799.67  -3634.93  -3428.26  
SCENARIO 33
UNDS0
Period   0 2499.16  1873.6  1846.81  2269.65  3316.64  1417.26  
Period   1 5479.57  6316.27  1801.65  1621.31  4678.73  2675.43  
Period   2 1612.8  3376.4  5736.66  5120.49  1167.8  1677.4  
Period   3 5146.9  3330.58  3770.17  6762.63  6501.91  2285.71  
Period   4 5124.2  4952.35  5033.4  6924.71  7513.11  7740.76  
Period   5 3736.34  6031.23  4237.11  2041.96  6910.36  6888.43  
UNDS1
Period   0 -4037.34  -3711.72  -3003.75  -4032.1  -3874.19  -3411.36  
Period   1 -3413.23  -2510.41  -3650.55  -3341.82  -3389.72  -3510.05  
Period   2 -3283.18  -3516.5  -2905.62  -3504.73  -2627.65  -2551.63  
Period   3 -3771.62  -3039.5  -3715.72  -3164.43  -2944.97  -3770.83  
Period   4 -3267.09  -3499.5  -3619.96  -3551.06  -3475.27  -3395.64  
Period   5 -3857.74  -3261.17  -3713.88  -3275.17  -3724.29  -3853.82  
SCENARIO 34
UNDS0
Period   0 2128.16  3581.9  1571.93  2125.44  2178.82  2382.45  
Period   1 778.614  2106.72  5658.58  3938.64  603.382  2009.01  
Period   2 6287.24  5424.68  2870.15  2890.41  848.706  1326.04  
Period   3 3622.72  5974.14  6062.99  6024.65  6427.03  5464.79  
Period   4 5387.4  5971.67  6291.83  2552.86  7619.25  2634.23  
Period   5 2184.92  4791.61  3479.04  4328.21  2140.2  5766.74  
UNDS1
Period   0 -3867.22  -3982.45  -3284.5  -3199.1  -3282.74  -3478.33  
Period   1 -2793.54  -2520.97  -3662.33  -4770.14  -5167.58  -2725.93  
Period   2 -2465.13  -2738.38  -2643.35  -2658.49  -3392.52  -3337.44  
Period   3 -3317.95  -3001.81  -2936.34  -3689.15  -3169.14  -3659.24  
Period   4 -3109.5  -3633.84  -3450.27  -3704.58  -3418.89  -3755.93  
Period   5 -3426.7  -3889.66  -3713.24  -3391.3  -3241.69  -3037.39  
SCENARIO 35
UNDS0
Period   0 2662.05  1474.62  3105.11  3752.27  2054.01  3648.91  
Period   1 887.838  3021.03  3043.67  4304.66  2319.74  1049.64  
Period   2 5449.87  5319.07  5403.75  1168.99  1574.36  1006.33  
Period   3 2327.72  5982.43  1633.65  2773.96  4971.01  5121.57  
Period   4 3825.24  2824.66  7912.22  4826.24  8177.78  4569.75  
Period   5 3390.43  3958.49  6064.27  4244.9  6559.78  5146.33  
UNDS1
Period   0 -3420.71  -3462.26  -3102.53  -3214.91  -3036.21  -3828.99  
Period   1 -3760.21  -3003.78  -3233.02  -3310.08  -3679.02  -4364.69  
Period   2 -3771.29  -3778.94  -3158.65  -3245.34  -2867.72  -3346.48  
Period   3 -3337.38  -3671.85  -3466.19  -3411.56  -2977.56  -3142.56  
Period   4 -3117.42  -3806.31  -3101  -2976.53  -3501.28  -3577.72  
Period   5 -3394.8  -3024.1  -3120.31  -3203.81  -3121.46  -3917.97  
SCENARIO 36
UNDS0
Period   0 3172.24  1577.25  1741.01  2302.61  3126.94  3946.1  
Period   1 461.13  3223.75  2603.05  2942.36  4268.36  759.469  
Period   2 6308.98  4337.38  5584.61  2046.54  907.807  817.434  
Period   3 6191.85  5472.88  4085.69  5899.14  7525.07  1989.54  
Period   4 8223.04  6512.36  7430.54  1921.65  4388.86  7397.77  
Period   5 4264.66  7027.08  3182.77  2907.08  5979  3649.48  
UNDS1
Period   0 -3103.84  -3402.06  -3069.55  -3073.44  -3464.29  -4066.05  
Period   1 -3613.99  -5015.86  -4937.59  -4917.23  -2729.09  -3183.13  
Period   2 -3153.03  -3661.99  -3509.42  -3641.04  -2498.76  -2441.34  
Period   3 -3128.56  -3355.44  -3024.83  -3640.89  -3541.77  -3047.4  
Period   4 -3248.71  -3535.17  -3256.23  -3371.49  -3711.03  -3439.97  
Period   5 -3577.42  -3667.91  -3707.15  -3826.68  -3273.47  -3668.19  
SCENARIO 37
UNDS0
Period   0 1978.49  3744.05  3878.22  2347.86  3662.39  1747.01  
Period   1 2496.17  2621.81  3186.58  4922.67  4446.75  2323.87  
Period   2 5722.78  4583.45  4396.82  3406.22  1024.57  954.089  
Period   3 3521.46  4063.36  4329.83  7263.7  5925.53  4215.51  
Period   4 7560.19  7075.56  6513.48  4158.97  2019.12  4047.53  
Period   5 5408.84  3594.29  4180.25  2404.28  4176.66  5645.3  
UNDS1
Period   0 -3954.34  -4077.22  -3179.53  -3628.55  -3723.54  -3083.19  
Period   1 -4651.24  -5192.25  -4367.44  -2743.75  -4270.44  -4023.79  
Period   2 -3012.99  -3317.62  -2990.61  -3192.94  -3232.5  -3491.75  
Period   3 -3443.85  -3704.07  -3342.43  -3573.51  -3219.44  -3398.36  
Period   4 -3015.47  -3451.5  -3207.45  -3463.75  -3478.14  -3443.47  
Period   5 -3160.28  -3827.14  -3845.64  -3967.69  -3918.22  -3241.45  
SCENARIO 38
UNDS0
Period   0 1361.17  4052.35  1608.08  3918.63  2105.08  1330.05  
Period   1 1931.05  3284.29  74.7584  577.935  3455.39  205.59  
Period   2 1362.7  1494.72  1664.44  1684.54  4523.73  5831.08  
Period   3 6827.79  3025.18  7540.17  7162.55  5039.2  5930.33  
Period   4 8279.84  8022  5442.67  4127.94  5198.93  4874.02  
Period   5 3619.55  4955.31  4136.01  4064.63  4457.39  6969.41  
UNDS1
Period   0 -4005.43  -4077.06  -3098.39  -3456.49  -4012.54  -3258.78  
Period   1 -4092.5  -3181.05  -2944.05  -4563.23  -4215.01  -2625.43  
Period   2 -2915.53  -2632.89  -2616.74  -3064.79  -2518.3  -3376.7  
Period   3 -2982.77  -3653.57  -3623.23  -2929.17  -3564.58  -3540.38  
Period   4 -3060.03  -3588.72  -3315.79  -3156.61  -3390.99  -3763.1  
Period   5 -3375.52  -3279.9  -3172.51  -3363.51  -3455.03  -3238.21  
SCENARIO 39
UNDS0
Period   0 1726.43  2166.74  2507.07  3324.83  2426.52  2478.43  
Period   1 6182.74  1158.88  3968.35  3844.56  4450.5  2690.97  
Period   2 5048.97  865.223  2846.68  2537.73  3850.24  3459.52  
Period   3 4951.51  5830.45  2470.27  6164.57  4984.75  4252.59  
Period   4 6346.74  7474.81  4629.32  2514.73  7252.13  7383.39  
Period   5 5703.21  3505.97  3772.16  4386.77  4261.9  4914.2  
UNDS1
Period   0 -3655.19  -3738.71  -3222.99  -4059.09  -3268.84  -3483.25  
Period   1 -4109.88  -3097.13  -3334.9  -4509.53  -2595.25  -3249.73  
Period   2 -2666.85  -2996.03  -2781.41  -2732.59  -3649.72  -3486.28  
Period   3 -3450.95  -3026.04  -3277.08  -3460.01  -3390.87  -3505.76  
Period   4 -3771.9  -3270.19  -3622.1  -3017.07  -3113.51  -3396.3  
Period   5 -3962.26  -3870.55  -3128.99  -3037.62  -3900.93  -3068.65  
SCENARIO 40
UNDS0
Period   0 3174.03  2265.54  2650.66  2541.13  1775.78  2297.64  
Period   1 3658.34  6097.98  782.011  1428.42  4295.46  5773.16  
Period   2 4337.55  863.005  1130.26  4733.88  1132.42  6331.55  
Period   3 2445.5  1605.55  1621.65  1513.72  4198.09  1652.55  
Period   4 7226.22  5773.71  5851.3  2553.42  5228.83  4389.45  
Period   5 6392.11  2802.44  2408.03  5050.99  6621.87  5109.04  
UNDS1
Period   0 -3964.36  -3781.01  -3510.14  -3800.96  -3925.33  -3794.81  
Period   1 -3730.17  -4381.33  -5362.02  -3253.86  -3120.38  -2570.95  
Period   2 -2572.95  -3651.86  -2473.76  -2533.89  -2371.6  -3407.77  
Period   3 -3351.29  -3562.46  -3553.47  -3131.33  -3701.12  -3091.95  
Period   4 -3387.62  -3611.43  -3322.31  -3522.08  -3173.4  -3197.95  
Period   5 -3896.12  -3709.91  -3327.58  -3104.14  -3469.68  -3213.66  
SCENARIO 41
UNDS0
Period   0 1630.25  2002.63  4009.53  1556.17  2930.5  2520.72  
Period   1 2820.06  4670.24  6028.28  5034.05  4197.85  4599.77  
Period   2 3466.48  2430.04  5754.21  897.079  3942.48  1871.93  
Period   3 4934.1  4842.37  5716.41  3601.21  3776.58  6684.64  
Period   4 3431.46  5068.26  5605.11  7299.58  7448.08  7728.84  
Period   5 4015.24  4808.3  2485.6  3807.26  4208  5996.31  
UNDS1
Period   0 -3750.93  -3737.85  -3638.54  -3453.44  -3158.78  -3990.29  
Period   1 -4188.26  -5160.32  -4227.83  -2621.89  -4315.27  -3818.22  
Period   2 -3604.69  -2846.36  -3430.11  -2879.86  -3682.52  -2943.45  
Period   3 -3416.8  -2929.31  -3565.7  -3074.28  -3530.86  -3256.3  
Period   4 -3457.33  -3192.05  -3714.06  -3376.88  -3398.36  -3209.05  
Period   5 -3283.55  -3856.91  -3738.31  -3307.01  -3206.26  -3272.21  
SCENARIO 42
UNDS0
Period   0 1329.68  3191.74  2321.04  3165.65  1110.52  2565.75  
Period   1 1412.33  367.053  8.32366  2407.05  1210.75  3998.09  
Period   2 1640.66  1474.36  2381.65  3948.65  1831.86  4662.12  
Period   3 2359.62  7431.51  5213.09  7423.9  7086.56  6600.72  
Period   4 7912.03  7699.39  3315.58  2828.38  4989.1  4308.59  
Period   5 3855.26  5447.26  4623.66  4673.24  3277.34  5620.91  
UNDS1
Period   0 -4008.4  -3169.19  -3599.73  -4079.59  -3891.24  -3319.24  
Period   1 -5298.7  -3195.33  -2567.41  -2675.18  -4108.94  -3668.79  
Period   2 -2408.61  -3778.52  -2698.62  -2589.75  -3798.25  -2939.43  
Period   3 -3199.97  -3550.58  -3177.56  -3515.62  -3230.17  -3783.23  
Period   4 -3350.27  -3409.45  -3630.99  -3672.67  -3165.44  -3499.12  
Period   5 -3753.58  -3473.29  -3613.24  -3018.7  -3102.25  -3812.77  
SCENARIO 43
UNDS0
Period   0 3754.77  3787.55  2347.54  3353.5  1722.25  1648.4  
Period   1 3895.27  4352.83  5825.25  2325.62  5818.23  1891.53  
Period   2 4290.41  3520.25  2762.17  4873.01  3405.4  868.208  
Period   3 4242.87  1971.03  7107  5162.75  1705.71  4496.36  
Period   4 5307.53  7072.48  6485.58  8081.42  3047.53  2462.01  
Period   5 3649.97  5530.7  2876.11  4364.56  3574.02  2462.91  
UNDS1
Period   0 -3635.8  -3841.24  -3475.08  -3613.24  -4030.19  -3874.25  
Period   1 -3749.69  -5058.2  -4567.17  -4240.77  -4665.14  -5129.61  
Period   2 -3454.85  -3002  -3584.44  -3783.7  -2416.09  -2357.68  
Period   3 -2978.83  -2923.87  -3080  -3232.11  -3159.37  -3646.57  
Period   4 -3666.51  -3205.31  -3511.49  -3162.57  -3655.61  -3648.6  
Period   5 -3976.45  -3878.28  -3666.73  -3753.57  -3290.23  -3599.92  
SCENARIO 44
UNDS0
Period   0 3038.29  3281.97  2783.49  2145.91  2461.02  3549.93  
Period   1 1839.53  5163.23  3210.62  3443.52  4873.9  5168.94  
Period   2 5298.21  1492.27  4198.73  2569.17  4494.66  1271.73  
Period   3 5502.31  6078.18  2263.96  6427.57  4627.27  6396.22  
Period   4 4122.47  4561.09  2489.75  7628.01  2846.24  6286.13  
Period   5 2930.48  2084.97  5395.81  6442.49  4143.86  4893.56  
UNDS1
Period   0 -3313.11  -4004.16  -3799.13  -3342.89  -4073.48  -3178.14  
Period   1 -3809.84  -4049.94  -4553.69  -3029.12  -2592.26  -4285.6  
Period   2 -2488.87  -2655.73  -3237.07  -2923.66  -3772.75  -3786.28  
Period   3 -3207.41  -3501.45  -3064.04  -3244.45  -2947.83  -3617.4  
Period   4 -3766.37  -3367.67  -3435.94  -3806.31  -3324.94  -3371.94  
Period   5 -3302.98  -3564.39  -3270.76  -3484.18  -3338.94  -3161.29  
SCENARIO 45
UNDS0
Period   0 3353.44  2568.27  2258.93  2114.15  2902.9  3748.45  
Period   1 743.158  6169.54  368.988  2377.93  6270.5  2147  
Period   2 2480.46  3748.38  4310.35  4367.24  4257.6  875.123  
Period   3 2651.83  4144.21  2696.85  4686.64  3618.19  4662.4  
Period   4 7870.55  2109.17  4400.27  2976.29  3648.59  7016.12  
Period   5 2690.12  6233.05  3964.97  5237.02  3848.56  2652.7  
UNDS1
Period   0 -3938.7  -3988.03  -3601.16  -3258.65  -3982.69  -3626.57  
Period   1 -3567.64  -2810.46  -5343.2  -2955.39  -3689.31  -4804.81  
Period   2 -2658.84  -3404.12  -3466.18  -3023.99  -3156.49  -3750.18  
Period   3 -3295.72  -3114.61  -3735.16  -3718.9  -3358.94  -3215.37  
Period   4 -3274.67  -3439.72  -3628.33  -3325.4  -3111.1  -3539.49  
Period   5 -3023.5  -3701.25  -3146.03  -3951.13  -3480.46  -3644.68  
SCENARIO 46
UNDS0
Period   0 1964.51  3959.83  3414.51  1718.3  1834.48  3734.37  
Period   1 6127.01  3906.81  3969.66  5193.96  3841.68  2396.41  
Period   2 1818.37  1116.96  1333.05  6262.19  2306.05  6010.28  
Period   3 6823.14  1706.86  7148.62  7468.78  5837.73  5648.56  
Period   4 6541.17  2392.34  3371.27  3199.72  5586.74  2629.6  
Period   5 6115.27  4536.98  3999.99  3836.36  7039.88  5589.58  
UNDS1
Period   0 -3984.37  -3562.08  -3727.88  -3835.59  -3516.35  -3143.42  
Period   1 -5197.23  -2954.36  -3240.96  -4389.07  -3738.45  -5148.04  
Period   2 -3038.03  -3218.65  -2600.22  -3361.26  -2558.32  -3149.83  
Period   3 -3105.68  -3430.57  -3513.32  -3481.65  -3397.07  -3763.42  
Period   4 -3182.35  -3748.54  -3721.91  -3360.56  -3722.01  -3496.68  
Period   5 -3712.46  -3813.82  -3462.15  -3463.72  -3021.96  -3300.98  
SCENARIO 47
UNDS0
Period   0 3302.27  3237.46  2066.77  2004.91  2003.52  2595.08  
Period   1 5442.29  5187.53  5834.54  6319.28  4091.37  193.65  
Period   2 2306.68  1913.84  1323.13  4342.03  5745.71  2423.55  
Period   3 5125.26  5200.28  7378.27  3743.21  1878.38  2854.65  
Period   4 5641.7  4660.2  3724.69  5045.81  7197.49  6461.46  
Period   5 2893.13  2675.9  4201.16  2413.74  3945.74  4779.31  
UNDS1
Period   0 -3166.32  -3538.97  -3332.59  -3739.83  -3853.76  -3417.53  
Period   1 -4439.82  -3581.39  -4981.9  -4093.22  -3400.46  -4016.41  
Period   2 -2977.4  -2561.11  -3561.71  -2510.92  -3593.91  -2446.73  
Period   3 -3376.42  -3673.45  -3002.67  -3671.6  -3310.59  -3317.54  
Period   4 -3786.52  -3339.24  -3768.94  -3302.14  -3137.98  -3450.05  
Period   5 -3534.13  -3511.29  -3601.66  -3428.09  -3201.77  -3153.53  
SCENARIO 48
UNDS0
Period   0 2229.29  4089.93  2750.28  3507.15  2966.92  1245.82  
Period   1 5577.45  1604.82  2103.61  5733.43  4160.76  1924.71  
Period   2 6551.53  6447.49  1096.35  3089.13  1572.22  1288.02  
Period   3 4066.1  3862.31  3416.65  6474.52  3135.77  5361.26  
Period   4 6756.1  3065.51  8269.38  7381.77  3094.06  4090.93  
Period   5 5961.96  2839.57  2918.15  2734.05  7060.27  5751.24  
UNDS1
Period   0 -3193.33  -3911.65  -3613.17  -3906.47  -3274.84  -3649.91  
Period   1 -3909.64  -3648.98  -2995.94  -3500.16  -4326.86  -5188.63  
Period   2 -3702.28  -3272.82  -2948.27  -3234.57  -2483.42  -2798.87  
Period   3 -3620.65  -3168.8  -3414.24  -3234.5  -3140.17  -3144.12  
Period   4 -3781.27  -3166.85  -3019.32  -3745.89  -3172.74  -3447.67  
Period   5 -3428.56  -3339.86  -3797  -3668.1  -3488.37  -3376.18  
SCENARIO 49
UNDS0
Period   0 2705.32  3946.45  4182.15  4102.43  1325.38  1126.08  
Period   1 6159.39  1320.89  4345.22  4293.92  2582.41  4161.06  
Period   2 6316.38  4778.57  3583.43  1784.76  1272.13  1561.84  
Period   3 3957  6357.93  5871.48  6296.41  4963.07  5050.06  
Period   4 6742.44  5798.17  8271.08  7956.46  6454.08  1979.99  
Period   5 4682.35  2914.09  6912.12  6745.71  2501.25  6068.9  
UNDS1
Period   0 -4027.18  -4054.52  -3746.31  -4081.5  -3371.77  -3167.05  
Period   1 -3813.72  -4076.55  -2724.69  -3460.3  -3785.52  -2622.99  
Period   2 -3179.84  -3620.74  -3018.65  -3642.48  -2771.44  -2896.37  
Period   3 -3773.86  -3713.98  -3095.4  -3703.88  -3665  -3046.21  
Period   4 -3412.29  -3260.64  -3598.46  -3219.45  -3504.17  -3060.12  
Period   5 -3327.42  -3838.09  -3810.98  -3397.33  -3703.71  -3166.02  
